2,736897	0,987878
2,800092	0,987226
2,395972	0,986900
2,615494	0,986900
2,553961	0,986574
2,334439	0,986900
2,317809	0,986248
2,510722	0,986574
2,560614	0,987226
2,720266	0,985270
2,475798	0,987878
2,424244	0,987878
2,389320	0,990487
2,364374	0,992118
2,457505	0,993748
2,715277	0,996357
2,622146	0,996357
2,530679	0,998965
2,510722	0,998639
2,384331	1,001248
2,562277	1,004509
2,673701	1,006139
2,425907	1,005813
2,750201	1,008096
2,108265	1,010705
2,515711	1,012009
2,424244	1,013313
2,419255	1,014292
2,439211	1,017552
2,051721	1,019835
2,715277	1,019183
2,146515	1,020487
2,791777	1,023422
2,384331	1,025379
2,587222	1,027009
2,553961	1,027987
2,682016	1,029944
2,133211	1,030270
2,572255	1,029618
2,394309	1,033205
2,287874	1,036139
2,244635	1,037770
2,075004	1,039400
2,449189	1,040705
2,226341	1,042987
2,520700	1,043639
2,638777	1,044618
2,387657	1,046248
2,652081	1,047879
2,826701	1,050487
2,257939	1,051139
2,356059	1,051792
2,178113	1,054726
2,271243	1,056357
2,538994	1,057987
2,459168	1,059944
2,442537	1,061574
2,763505	1,062553
2,510722	1,063205
2,482450	1,064835
2,432559	1,065487
2,033428	1,066140
2,181439	1,069726
2,548972	1,072009
2,625472	1,073640
2,595538	1,074944
2,470809	1,075270
2,465820	1,075922
2,534005	1,077553
2,455842	1,080161
2,282885	1,082770
2,577244	1,083748
2,424244	1,084400
2,399298	1,085705
2,211374	1,087661
2,158156	1,090922
2,409276	1,091248
2,133211	1,092227
2,321135	1,093205
2,888234	1,096792
2,209711	1,096792
2,548972	1,097444
2,673701	1,100053
2,585559	1,103314
2,502407	1,102661
2,693657	1,104292
2,477461	1,107879
2,281222	1,107879
2,494092	1,107227
2,583896	1,111140
2,790114	1,112118
2,648755	1,112444
2,889897	1,116031
2,740223	1,117661
2,678690	1,117661
2,866614	1,118966
2,783462	1,121574
2,706962	1,121248
2,705299	1,124835
2,567266	1,126466
2,575581	1,126140
2,662059	1,129727
2,879919	1,129401
2,726918	1,132009
2,736897	1,133966
2,577244	1,132987
2,813397	1,137227
2,573918	1,137553
2,848321	1,139509
2,652081	1,139835
2,424244	1,142118
2,711951	1,143422
2,884908	1,144727
2,838342	1,147009
2,685342	1,148314
2,838342	1,150596
2,577244	1,149618
2,798429	1,153531
2,758516	1,153857
2,736897	1,156140
2,761842	1,156466
2,840005	1,158422
2,840005	1,160053
2,748538	1,162009
2,693657	1,162335
2,469146	1,164618
2,507396	1,166248
2,726918	1,166248
2,891560	1,169509
2,761842	1,169835
2,540657	1,171792
2,657070	1,174401
2,409276	1,174075
2,796766	1,177335
3,017951	1,177335
2,869940	1,178966
2,790114	1,182553
2,572255	1,180922
2,874929	1,184183
2,445863	1,186140
2,708625	1,186140
2,795103	1,187770
2,389320	1,191031
2,743549	1,191357
2,716940	1,192661
2,422581	1,195596
2,480787	1,195270
2,738560	1,196575
2,691994	1,199509
2,765168	1,200162
2,725255	1,201140
2,921495	1,204075
2,803418	1,205705
2,612168	1,206683
2,688668	1,206683
2,848321	1,209292
2,929810	1,211248
2,825038	1,213205
2,790114	1,213205
2,613831	1,213857
2,820049	1,216792
2,806744	1,219075
2,813397	1,220705
2,926484	1,220705
2,106602	1,221683
2,582233	1,224618
2,538994	1,226575
2,936462	1,227553
2,786788	1,227227
2,828364	1,229183
2,868277	1,232444
2,587222	1,234075
2,610505	1,234727
2,770157	1,235705
3,217517	1,236357
2,808408	1,238640
2,904864	1,241901
2,906527	1,242553
3,016288	1,243205
2,632125	1,244183
2,632125	1,245488
3,077821	1,247118
2,750201	1,248749
2,906527	1,251683
2,728581	1,253314
2,818386	1,255922
2,918169	1,255922
2,740223	1,257879
2,758516	1,259509
2,826701	1,259183
2,878255	1,260488
2,864951	1,262770
2,849984	1,264401
2,951430	1,266357
2,921495	1,267988
2,896549	1,269618
2,948103	1,270596
2,785125	1,272553
2,968060	1,274836
2,879919	1,275814
2,963071	1,277444
2,841668	1,277770
2,701973	1,279727
2,871603	1,280053
2,728581	1,281683
2,929810	1,282988
2,801755	1,284292
2,933136	1,285596
2,818386	1,287227
2,883245	1,288205
2,793440	1,289510
3,119397	1,291466
2,963071	1,293096
3,039571	1,294401
3,057865	1,296357
2,720266	1,297662
3,089462	1,299292
2,848321	1,300270
2,813397	1,301901
3,041234	1,303531
3,061191	1,304510
2,944777	1,305488
3,007973	1,308423
2,876592	1,309075
3,066180	1,311683
2,836679	1,312010
3,059528	1,314292
2,928147	1,315597
3,057865	1,318205
2,993006	1,320162
2,934799	1,321140
2,913179	1,321792
2,966397	1,324401
2,973049	1,326031
3,136028	1,327988
3,096115	1,328314
3,117734	1,329944
2,991343	1,330597
2,821712	1,331575
3,074495	1,332553
3,137691	1,334184
3,052875	1,336466
3,202550	1,339075
2,913179	1,340705
2,848321	1,342010
3,027930	1,342988
2,958082	1,343640
2,976375	1,344618
3,202550	1,346901
3,237474	1,348531
3,230821	1,350488
3,187582	1,352444
3,106093	1,353749
3,165963	1,354075
3,237474	1,355379
3,116071	1,358640
3,001321	1,359618
3,149332	1,361249
3,270734	1,362227
3,180930	1,362879
3,159310	1,363857
3,230821	1,367444
3,234147	1,368749
3,197560	1,370053
3,197560	1,370379
3,200887	1,371357
3,200887	1,374618
3,380496	1,376249
3,360539	1,376575
3,303995	1,378531
3,345572	1,379510
3,175941	1,382771
3,442028	1,383423
3,402115	1,383423
3,478615	1,386031
3,343909	1,388314
3,303995	1,389292
3,543474	1,389618
3,367191	1,391249
3,428724	1,393531
3,348898	1,394510
3,628290	1,395488
3,551789	1,396792
3,280713	1,399401
3,413757	1,401358
3,731398	1,400705
3,503561	1,403314
3,493583	1,404292
3,553452	1,407227
3,485268	1,406249
3,430387	1,408858
3,388811	1,411792
3,485268	1,412118
3,585050	1,414075
3,593366	1,415705
3,408767	1,416031
3,533496	1,417988
3,538485	1,420271
3,528507	1,422227
3,348898	1,422227
3,628290	1,424836
3,641594	1,426466
3,428724	1,426140
3,656561	1,426140
3,174278	1,431358
3,284039	1,431358
3,335593	1,432662
3,508550	1,435271
3,352224	1,436575
3,170952	1,436901
3,332267	1,439836
2,971386	1,441140
3,367191	1,440488
3,052875	1,444401
3,192571	1,445053
3,274061	1,445379
3,124386	1,447662
3,317300	1,449945
3,265745	1,449945
3,004647	1,452879
3,077821	1,454510
3,318963	1,454184
3,150995	1,457771
3,225832	1,457771
2,958082	1,457771
3,199223	1,462662
3,037908	1,462988
2,997995	1,464945
2,894886	1,463640
2,805081	1,465923
2,891560	1,469836
3,107756	1,469184
2,785125	1,471140
2,859962	1,473423
2,904864	1,473423
3,046223	1,476358
2,979701	1,476032
2,911516	1,477988
2,838342	1,480597
3,097778	1,481249
2,773484	1,484510
2,931473	1,482879
2,931473	1,486466
2,705299	1,488097
2,997995	1,488749
2,766831	1,491684
3,034582	1,491358
3,089462	1,494945
3,041234	1,494619
2,650418	1,497227
2,989680	1,495597
2,919832	1,499836
2,994669	1,498532
2,881582	1,501793
2,974712	1,504401
3,062854	1,505706
2,966397	1,507010
2,765168	1,508314
3,012962	1,509945
2,859962	1,510923
3,064517	1,512227
2,918169	1,513206
2,994669	1,517445
2,861625	1,516140
3,072832	1,520053
3,061191	1,520053
2,736897	1,523314
2,958082	1,520706
2,778473	1,525271
2,893223	1,525271
2,938125	1,528532
2,548972	1,528532
2,825038	1,531466
3,059528	1,530488
2,725255	1,534401
2,846658	1,533749
2,993006	1,536358
2,640440	1,537662
2,828364	1,538967
2,963071	1,541901
3,074495	1,540923
2,883245	1,544184
2,888234	1,544510
2,921495	1,547119
3,002984	1,548423
2,816723	1,549075
2,993006	1,552662
2,768494	1,552010
3,006310	1,554945
3,184256	1,555597
3,385485	1,556575
3,064517	1,559510
2,941451	1,558532
2,976375	1,561793
3,026267	1,563749
2,933136	1,563097
2,941451	1,567010
2,989680	1,566032
3,131039	1,569293
3,019614	1,569619
2,984690	1,572227
3,111082	1,572880
2,939788	1,573206
3,057865	1,577445
3,152658	1,576467
3,121060	1,578423
3,212528	1,580706
3,001321	1,580706
2,781799	1,584293
3,092789	1,584293
3,111082	1,587227
3,014625	1,588532
3,267408	1,588858
3,117734	1,592119
3,313974	1,587227
2,918169	1,593749
3,260756	1,596358
3,121060	1,596032
3,141017	1,598641
3,144343	1,600923
3,127712	1,599945
3,136028	1,603532
3,146006	1,604184
3,185919	1,604836
3,207539	1,607771
3,456996	1,608749
3,337256	1,610054
3,335593	1,612336
3,303995	1,612662
3,333930	1,613314
3,121060	1,616575
3,240800	1,616575
3,551789	1,618206
3,355550	1,621141
3,398789	1,621141
3,215854	1,622771
3,247452	1,626032
3,245789	1,625380
3,491920	1,627010
3,518528	1,629619
3,463648	1,629945
3,011299	1,631901
3,299006	1,634836
3,230821	1,636141
3,415420	1,635815
3,363865	1,638097
3,486931	1,640380
3,294017	1,640054
3,408767	1,642988
3,277387	1,643967
3,279050	1,644293
3,224169	1,647228
3,024604	1,649184
3,545137	1,649184
3,551789	1,651467
3,152658	1,653097
3,388811	1,653749
3,363865	1,654402
3,224169	1,658315
3,353887	1,659293
3,244126	1,658967
3,427061	1,661575
3,428724	1,663858
3,242463	1,664836
3,265745	1,665815
3,290691	1,667119
3,179267	1,669075
3,170952	1,669728
3,373843	1,671358
3,252441	1,673315
3,377169	1,675597
3,581724	1,675597
3,405441	1,677554
3,205876	1,680162
3,318963	1,680489
3,245789	1,681793
3,491920	1,683423
3,432050	1,686684
3,160973	1,686032
3,249115	1,687010
3,312311	1,689945
3,402115	1,691576
3,001321	1,691576
3,505224	1,693206
3,350561	1,695815
3,154321	1,696793
3,598355	1,696793
3,305658	1,699728
3,550126	1,702662
3,558442	1,702662
3,357213	1,704293
3,285702	1,704619
3,570083	1,708206
3,485268	1,709510
3,575072	1,709184
3,300669	1,710815
3,420409	1,713749
3,299006	1,715054
3,287365	1,715706
3,480278	1,716032
3,244126	1,718967
3,658224	1,721902
3,491920	1,721576
3,500235	1,722554
3,661550	1,725163
3,447017	1,726793
3,518528	1,727445
3,570083	1,728749
3,363865	1,730706
3,503561	1,733315
3,402115	1,733967
3,403778	1,734293
3,481941	1,736576
3,445354	1,738532
3,294017	1,739510
3,505224	1,741467
3,307322	1,741793
3,491920	1,743423
3,531833	1,746032
3,252441	1,747336
3,545137	1,749619
3,317300	1,748641
3,318963	1,750271
3,643257	1,752880
3,676518	1,755489
3,578398	1,755815
3,343909	1,755489
3,415420	1,757445
3,528507	1,761032
3,548463	1,762337
3,563431	1,762663
3,232484	1,763315
3,606670	1,765923
3,410430	1,767554
3,378833	1,769184
3,423735	1,770489
3,428724	1,770489
3,476952	1,772445
3,357213	1,775054
3,483604	1,777663
3,172615	1,777989
3,368854	1,778315
3,342246	1,780923
3,510213	1,782228
3,370517	1,784837
3,636605	1,785163
3,383822	1,785815
3,590039	1,787445
3,573409	1,790054
3,147669	1,792337
3,456996	1,792010
3,450344	1,792989
3,460322	1,795924
3,486931	1,796902
3,538485	1,799510
3,563431	1,800815
3,430387	1,800489
3,277387	1,802119
3,606670	1,804076
3,771312	1,807011
3,493583	1,808641
3,425398	1,808315
3,550126	1,808641
3,560105	1,812228
3,596692	1,812880
3,679844	1,815163
3,649909	1,815163
3,491920	1,817119
3,387148	1,820380
3,345572	1,821358
3,347235	1,821358
3,378833	1,822011
3,089462	1,824945
3,521855	1,827228
3,415420	1,827880
3,458659	1,829184
3,400452	1,829837
3,578398	1,831793
3,493583	1,834402
3,521855	1,835054
3,332267	1,835706
3,308985	1,837011
3,270734	1,840271
3,308985	1,842880
3,287365	1,842554
3,162636	1,843532
3,204213	1,844184
3,222506	1,847771
2,984690	1,848750
3,219180	1,850054
3,172615	1,850380
3,029593	1,852011
3,039571	1,854293
3,067843	1,857228
2,893223	1,857554
2,961408	1,857880
2,840005	1,859185
2,691994	1,861793
2,986354	1,864402
2,939788	1,865380
2,873266	1,864728
2,780136	1,867337
2,918169	1,868967
2,984690	1,871902
2,835016	1,871576
2,939788	1,872554
2,660396	1,873206
2,770157	1,875815
3,134365	1,877119
2,901538	1,880380
2,805081	1,881358
2,859962	1,881685
2,763505	1,882011
2,775147	1,882989
2,835016	1,886576
2,658733	1,888206
2,745212	1,890815
2,625472	1,890163
2,515711	1,890815
2,608842	1,891793
2,811734	1,892772
2,698646	1,897663
2,632125	1,898641
2,665386	1,899945
2,783462	1,900924
2,730244	1,900924
2,668712	1,903532
2,600527	1,906141
2,542320	1,906467
2,683679	1,908424
2,711951	1,909076
2,464157	1,911032
2,199732	1,912663
2,690331	1,914619
2,701973	1,916902
2,590548	1,917880
2,454179	1,917228
2,553961	1,918532
2,432559	1,922119
2,657070	1,921793
2,538994	1,925380
2,437548	1,925054
2,504070	1,927011
2,327787	1,929619
2,570592	1,930924
2,311157	1,932228
2,538994	1,932228
2,469146	1,934837
2,241309	1,937119
2,455842	1,937446
2,344418	1,938098
2,630462	1,940054
2,254613	1,942011
2,367700	1,944946
2,630462	1,944293
2,371026	1,946576
2,440874	1,947880
2,311157	1,947880
2,387657	1,952446
2,237983	1,952119
2,306167	1,952772
2,499081	1,954728
2,244635	1,956685
2,179776	1,959293
2,389320	1,959293
2,282885	1,960272
2,567266	1,962228
2,372689	1,964511
2,289537	1,966793
2,427570	1,967446
2,374352	1,968098
2,494092	1,970054
2,482450	1,972337
2,292863	1,973967
2,276233	1,975272
2,221352	1,975272
2,223015	1,976250
2,475798	1,979511
2,558951	1,981141
2,469146	1,982446
2,477461	1,983098
2,409276	1,984728
2,289537	1,985054
2,259602	1,987663
2,104939	1,990272
2,469146	1,991576
2,178113	1,992228
2,271243	1,992554
2,374352	1,995489
2,515711	1,998424
2,445863	1,999076
2,312820	1,999076
2,159819	2,000054
2,277896	2,001685
2,535668	2,004293
2,312820	2,006250
2,242972	2,007880
2,219689	2,007880
2,429233	2,008533
2,291200	2,011141
2,405950	2,013424
2,214700	2,014728
2,462494	2,015380
2,425907	2,016033
2,311157	2,018641
2,558951	2,021576
2,301178	2,022228
2,269580	2,022228
2,294526	2,023533
2,547309	2,026141
2,324461	2,028424
2,228004	2,030054
2,319472	2,030707
2,317809	2,030054
2,304504	2,032989
2,234656	2,034620
2,341091	2,037228
2,244635	2,037881
2,294526	2,038533
2,286211	2,039511
2,161482	2,041141
2,444200	2,045054
2,316146	2,045707
2,316146	2,047011
2,246298	2,047011
2,381005	2,048967
2,460831	2,051250
2,262928	2,052881
2,247961	2,054511
2,395972	2,056141
2,332776	2,055815
2,392646	2,057120
2,460831	2,060381
2,346081	2,061685
2,266254	2,063315
2,509059	2,064294
2,332776	2,065272
2,133211	2,066576
2,223015	2,068533
2,362711	2,070163
2,181439	2,073098
2,229667	2,073424
2,101613	2,074076
2,404287	2,075054
2,211374	2,077337
2,359385	2,079294
2,326124	2,081902
2,271243	2,082228
2,284548	2,083533
2,181439	2,083533
2,234656	2,085163
2,299515	2,088424
2,286211	2,090381
2,184765	2,091685
2,136537	2,092011
2,223015	2,093641
2,302841	2,094294
2,361048	2,096250
2,173124	2,098207
2,237983	2,099837
2,183102	2,102446
2,289537	2,101794
2,361048	2,103098
2,397635	2,104728
2,128221	2,106359
2,332776	2,108642
2,246298	2,110272
2,098287	2,111250
2,063363	2,112555
2,203059	2,113207
2,261265	2,115489
2,213037	2,117446
2,176450	2,120055
2,372689	2,120055
2,088308	2,122011
2,211374	2,122989
2,279559	2,123315
2,326124	2,125272
2,362711	2,128207
2,076667	2,129511
2,317809	2,131468
2,309494	2,132120
2,376015	2,131794
2,399298	2,133424
2,209711	2,135707
2,267917	2,138642
2,136537	2,139620
2,249624	2,141576
2,402624	2,141250
2,219689	2,141902
2,249624	2,144837
2,226341	2,146468
2,277896	2,149076
2,282885	2,149729
2,018460	2,150707
2,141526	2,151685
2,306167	2,153642
2,449189	2,156576
2,254613	2,156250
2,351070	2,158207
2,322798	2,159511
2,224678	2,160163
2,322798	2,163750
2,219689	2,165381
2,400961	2,165381
2,412602	2,166359
2,440874	2,167663
2,282885	2,169946
2,169798	2,171903
2,329450	2,174511
2,385994	2,173859
2,344418	2,175163
2,194743	2,176468
2,550635	2,178098
2,272906	2,181359
2,336102	2,182011
2,452516	2,182989
2,474135	2,183642
2,321135	2,185598
2,425907	2,188533
2,487440	2,189837
2,399298	2,192446
2,439211	2,191142
2,402624	2,191794
2,376015	2,194076
2,427570	2,196359
2,399298	2,198968
2,223015	2,200272
2,269580	2,199946
2,494092	2,201576
2,414265	2,202555
2,259602	2,205816
2,452516	2,206794
2,232993	2,207772
2,267917	2,208424
2,247961	2,209403
2,537331	2,212337
2,229667	2,214620
2,347744	2,216577
2,361048	2,216577
2,327787	2,217555
2,459168	2,219511
2,356059	2,221794
2,515711	2,223750
2,392646	2,224729
2,412602	2,224077
2,262928	2,226033
2,322798	2,228316
2,472472	2,231250
2,477461	2,232555
2,420918	2,233859
2,359385	2,233859
2,382668	2,234837
2,332776	2,237772
2,457505	2,240381
2,582233	2,240707
2,512385	2,241359
2,194743	2,242337
2,459168	2,245272
2,432559	2,247881
2,435885	2,246577
2,587222	2,249185
2,617157	2,250164
2,469146	2,250816
2,470809	2,253424
2,379341	2,255381
2,602190	2,256685
2,509059	2,257337
2,487440	2,257990
2,366037	2,261251
2,572255	2,262229
2,660396	2,264837
2,417592	2,265490
2,440874	2,266794
2,307830	2,267120
2,424244	2,269729
2,430896	2,271685
2,277896	2,272990
2,405950	2,274294
2,638777	2,272337
2,382668	2,276577
2,505733	2,278207
2,499081	2,280164
2,321135	2,282446
2,469146	2,282446
2,269580	2,283424
2,405950	2,284403
2,514048	2,287011
2,558951	2,289620
2,480787	2,291251
2,497418	2,292881
2,642103	2,292229
2,550635	2,293859
2,558951	2,295816
2,435885	2,297772
2,347744	2,300055
2,435885	2,300707
2,314483	2,301033
2,184765	2,302664
2,497418	2,304620
2,527353	2,307229
2,362711	2,308859
2,534005	2,309838
2,538994	2,309838
2,261265	2,311468
2,833353	2,313098
2,387657	2,316359
2,667049	2,317990
2,359385	2,317664
2,450852	2,318642
2,552298	2,320272
2,479124	2,322555
2,690331	2,324185
2,668712	2,325816
2,547309	2,326142
2,612168	2,327772
2,459168	2,329403
2,753527	2,332664
2,495755	2,332664
2,502407	2,333968
2,534005	2,332664
2,444200	2,335925
2,693657	2,337555
2,575581	2,340490
2,731907	2,341794
2,668712	2,343098
2,675364	2,343425
2,662059	2,345707
2,460831	2,346685
2,479124	2,350599
2,593875	2,349946
2,588885	2,351577
2,543983	2,352881
2,432559	2,355164
2,504070	2,356794
2,713614	2,358751
2,846658	2,360055
2,675364	2,361033
2,760179	2,360707
2,918169	2,363968
2,645429	2,366251
2,480787	2,367555
2,687005	2,366903
2,587222	2,368859
2,580570	2,370490
2,851647	2,372446
2,558951	2,374403
2,595538	2,376359
2,543983	2,376359
2,730244	2,377664
2,745212	2,379946
2,648755	2,382229
2,412602	2,383207
2,781799	2,384838
3,041234	2,384838
2,726918	2,385164
2,904864	2,389077
2,758516	2,390707
2,748538	2,392012
2,878255	2,392338
2,836679	2,393968
2,846658	2,395273
2,856636	2,396577
2,846658	2,397555
2,800092	2,400164
2,141526	2,401794
1,928656	2,402446
2,214700	2,405381
3,190908	2,407012
2,858299	2,407664
2,833353	2,408316
2,771820	2,409620
3,031256	2,413207
3,272398	2,414512
3,199223	2,414838
3,260756	2,415164
2,971386	2,417773
2,823375	2,420381
2,956419	2,421033
3,059528	2,421360
2,996332	2,422664
3,170952	2,425273
2,997995	2,427881
3,107756	2,429512
2,844995	2,430164
2,826701	2,429838
3,185919	2,432446
3,149332	2,435381
3,051212	2,436360
3,194234	2,436033
2,856636	2,437338
3,240800	2,440925
2,866614	2,442229
3,367191	2,442229
3,066180	2,442881
3,117734	2,444838
3,014625	2,446142
3,269071	2,448751
2,978038	2,450055
3,165963	2,450055
3,029593	2,452012
3,136028	2,454947
3,067843	2,456577
3,422072	2,457881
3,340582	2,458207
3,505224	2,460164
2,997995	2,463099
3,192571	2,463751
3,190908	2,463751
3,131039	2,466034
3,232484	2,469620
3,082810	2,468642
3,212528	2,469620
3,284039	2,471251
3,290691	2,475490
3,162636	2,476142
3,260756	2,475164
3,445354	2,477447
3,340582	2,479403
3,357213	2,482664
3,383822	2,482338
3,513539	2,482664
3,405441	2,485599
3,104430	2,487555
3,438702	2,488534
3,370517	2,489186
3,531833	2,491142
3,510213	2,493425
3,563431	2,493751
3,458659	2,494403
3,300669	2,497012
3,473626	2,498642
3,581724	2,499294
3,229158	2,501251
3,530170	2,502881
3,643257	2,505164
3,590039	2,505164
3,668203	2,507447
3,481941	2,509403
3,633279	2,508425
3,533496	2,510381
3,486931	2,513968
3,548463	2,514621
3,771312	2,514947
3,704790	2,517881
3,766322	2,519838
3,654898	2,520164
3,806236	2,521142
3,827855	2,524403
3,758007	2,525055
3,739714	2,525055
3,809562	2,527664
3,834507	2,530273
3,521855	2,530599
3,756344	2,531903
3,658224	2,534838
3,709779	2,535164
3,872757	2,536142
3,922649	2,539077
3,831181	2,541034
3,797920	2,540381
3,796257	2,542664
3,761333	2,545273
4,138845	2,544295
4,015779	2,547229
3,792931	2,549186
3,932627	2,549838
4,225323	2,550490
4,085627	2,553425
4,092280	2,554729
4,110573	2,555055
4,052366	2,558316
4,152149	2,559295
4,165454	2,559295
4,059019	2,561577
3,977529	2,563534
3,979192	2,563208
4,360030	2,565490
4,406595	2,568425
4,468128	2,568751
4,268562	2,570382
4,217008	2,572990
4,180421	2,572990
4,233639	2,574947
4,301823	2,576903
4,370008	2,577555
4,428215	2,578860
4,323443	2,581795
4,295171	2,581469
4,453161	2,582773
4,363356	2,586034
4,291845	2,585708
4,258584	2,590599
4,730889	2,591903
4,413248	2,592229
4,787433	2,592882
4,646074	2,596142
4,792422	2,596795
4,877238	2,598425
4,784107	2,601360
4,812379	2,601034
4,767476	2,602012
4,870585	2,605599
4,760824	2,604621
4,780781	2,606577
4,724237	2,610490
4,888879	2,609512
4,913825	2,611795
5,055184	2,613425
5,046868	2,613099
5,164945	2,616034
5,061836	2,618642
5,100086	2,618316
5,100086	2,621251
5,001966	2,622229
5,181575	2,621903
5,115053	2,625490
5,036890	2,628751
5,168271	2,628099
5,274706	2,631360
5,376152	2,632338
5,289673	2,632990
5,416065	2,635273
5,399434	2,637556
5,549108	2,636903
5,389456	2,640164
5,455978	2,640164
5,519174	2,641469
5,475934	2,645056
5,559087	2,644403
5,865087	2,646360
5,712087	2,648643
5,919968	2,647990
5,801892	2,651577
5,723728	2,652882
5,898348	2,652882
5,858435	2,656795
5,961544	2,657447
6,067979	2,657773
5,983164	2,660708
6,066316	2,661034
6,109555	2,662664
6,101240	2,664621
6,077957	2,665599
6,141153	2,668208
6,194371	2,667230
6,403914	2,670164
6,392273	2,672447
6,164436	2,671795
6,373980	2,675056
6,467110	2,674730
6,437175	2,677012
6,359012	2,679947
6,507023	2,678643
6,605143	2,682882
6,621774	2,683860
6,536958	2,685164
6,739850	2,686469
6,648382	2,687121
6,736524	2,689404
6,887861	2,690056
6,877883	2,692338
6,937752	2,692990
7,247079	2,696251
7,032546	2,695273
7,190535	2,699186
7,258720	2,699186
7,220470	2,701469
7,356840	2,703099
7,177231	2,703099
7,591330	2,706360
7,656189	2,706360
7,584678	2,709621
7,689449	2,709295
7,701091	2,711904
7,965515	2,712230
7,943896	2,714512
7,927265	2,715164
8,178385	2,717447
7,957200	2,718425
8,113526	2,720056
8,000439	2,721686
8,399570	2,722664
8,299788	2,725599
8,492701	2,725273
8,367973	2,728208
8,680625	2,728208
8,639049	2,730491
8,968332	2,731469
8,742158	2,734730
8,965006	2,734077
8,845267	2,737338
9,014898	2,737338
9,103039	2,738969
9,216126	2,739947
9,315909	2,742230
9,304268	2,742556
9,530442	2,746143
9,638540	2,745164
9,721693	2,748099
9,734997	2,749078
9,946204	2,751360
10,079248	2,752012
10,002747	2,753969
10,065943	2,754295
10,119161	2,757556
10,380259	2,757882
10,614749	2,760817
10,767749	2,759838
10,880836	2,763099
11,113663	2,763425
10,817640	2,765382
10,965651	2,765708
11,321543	2,769295
11,248369	2,769295
11,208456	2,772230
11,667457	2,771904
11,577653	2,775491
11,773892	2,775165
11,853718	2,778425
11,890305	2,777773
12,187991	2,781034
12,159719	2,781686
12,247860	2,782665
12,246197	2,783969
12,495654	2,786252
12,457404	2,786904
12,972949	2,789186
12,821612	2,790817
12,934699	2,792121
13,061090	2,793099
13,322189	2,794730
13,515102	2,797012
13,495145	2,797338
13,589939	2,798969
13,713005	2,799947
13,787842	2,803534
13,930864	2,802882
14,063907	2,805817
14,215245	2,805491
14,180321	2,808752
14,201940	2,809078
14,288419	2,810708
14,507941	2,812665
14,454723	2,813317
14,635995	2,815599
14,815604	2,815273
14,855518	2,819512
14,840550	2,819186
14,946985	2,822773
14,932018	2,822121
14,882126	2,824404
14,940333	2,825056
15,083355	2,826360
15,061735	2,828317
15,104975	2,830273
14,951974	2,832556
14,785670	2,832556
14,988561	2,834839
14,898757	2,834839
14,787333	2,837773
14,697528	2,838752
14,344962	2,839078
14,616039	2,842665
14,105484	2,842339
14,043951	2,845273
13,827755	2,845926
13,594928	2,847556
13,535059	2,847882
13,135927	2,850491
12,976275	2,852447
12,607078	2,852447
12,507296	2,856034
12,063262	2,855708
11,797175	2,858317
11,444609	2,858969
11,233402	2,860273
11,138608	2,863534
10,694575	2,862556
10,599781	2,866143
10,435140	2,866143
10,167389	2,867447
9,902965	2,869404
9,636877	2,870056
9,728345	2,872991
9,433985	2,872991
9,152931	2,875926
8,883517	2,876578
8,891832	2,878208
8,665658	2,879839
8,459440	2,880491
8,471081	2,883752
8,525962	2,883100
8,226614	2,886360
7,905646	2,887665
7,885689	2,887013
7,468264	2,890600
7,616275	2,891578
7,454960	2,892882
7,336884	2,895491
7,233775	2,895491
7,277014	2,897773
7,163927	2,899078
6,992633	2,901034
6,683306	2,901687
6,493719	2,902665
6,980992	2,905273
6,508686	2,905926
6,753154	2,907230
6,487067	2,910491
6,349034	2,909513
6,081283	2,911795
6,199360	2,914404
6,244262	2,914404
6,004783	2,917013
5,826837	2,917665
5,577380	2,917991
5,865087	2,922230
5,921631	2,921578
5,905000	2,923534
5,776946	2,925491
5,698783	2,925817
5,775283	2,929404
5,324597	2,928752
5,434358	2,931360
5,529152	2,932991
5,396108	2,932991
5,269717	2,933969
5,113390	2,935926
5,292999	2,938534
5,317945	2,940491
5,146651	2,939839
5,126695	2,942774
5,206521	2,944404
5,166608	2,943752
5,173260	2,948317
5,120042	2,948317
4,935444	2,948643
4,730889	2,951578
5,006955	2,951904
4,745857	2,953861
4,932118	2,957774
4,714259	2,955491
4,968705	2,957121
4,562922	2,960382
4,449835	2,960708
4,529661	2,964295
4,629444	2,964948
4,559596	2,965274
4,552943	2,968208
4,483096	2,967882
4,561259	2,966578
4,581215	2,972774
4,629444	2,973100
4,514693	2,974730
4,484759	2,976687
4,240291	2,976687
4,266899	2,978317
4,401606	2,981578
4,330095	2,981252
4,389965	2,982230
4,414911	2,986143
4,231975	2,986143
4,230312	2,987448
4,363356	2,990382
4,253595	2,990708
4,190399	2,992013
4,376661	2,994295
4,142171	2,995274
4,108910	2,995926
4,328432	2,998861
4,157138	3,000491
4,301823	2,999839
4,386639	3,002774
4,236965	3,005382
4,290182	3,004730
4,212019	3,007013
4,360030	3,008969
4,251932	3,010274
3,947594	3,010926
4,288519	3,012556
4,212019	3,015817
4,195388	3,015165
4,276878	3,016795
3,867768	3,020056
4,065671	3,021361
4,118888	3,021687
4,122214	3,023643
4,261910	3,026252
4,178758	3,025926
3,985845	3,027882
4,070660	3,029839
3,997486	3,030491
3,980855	3,031795
3,836170	3,034078
3,841160	3,036687
4,005801	3,036035
4,062345	3,036361
4,142171	3,039948
4,059019	3,041904
4,135519	3,041904
3,930964	3,043209
3,859453	3,045817
4,064008	3,047448
3,929301	3,048100
3,876083	3,050056
3,816214	3,051687
4,029084	3,053969
3,792931	3,053969
3,952584	3,054622
3,817877	3,058209
3,782953	3,058209
3,894377	3,059187
3,704790	3,060817
3,774638	3,062774
3,716431	3,064404
3,691485	3,064730
3,573409	3,067013
3,520191	3,069296
3,651572	3,071578
3,761333	3,072230
3,663214	3,072556
3,736388	3,073535
3,648246	3,075491
3,470300	3,078426
3,388811	3,078752
3,433713	3,080056
3,357213	3,080383
3,468637	3,082013
3,533496	3,084948
3,485268	3,087230
3,400452	3,087883
3,397126	3,089513
3,187582	3,090491
3,367191	3,091143
3,325615	3,093100
3,530170	3,095709
3,393800	3,097013
3,666540	3,097339
3,287365	3,098970
3,340582	3,100274
3,307322	3,101578
3,224169	3,105491
3,463648	3,106143
3,382159	3,107122
3,390474	3,108426
3,450344	3,109404
3,064517	3,110056
3,170952	3,112991
3,485268	3,114296
3,325615	3,116578
3,521855	3,117230
3,362202	3,119187
3,453670	3,119513
3,450344	3,120491
3,077821	3,122122
3,355550	3,124730
3,322289	3,125709
3,535159	3,127665
3,465311	3,130274
3,302332	3,130600
3,174278	3,132230
3,456996	3,133209
3,333930	3,133209
3,432050	3,134839
3,461985	3,137448
3,508550	3,140709
3,357213	3,141035
3,382159	3,142665
3,663214	3,143970
3,257430	3,144622
3,362202	3,145926
3,378833	3,146578
3,303995	3,148861
3,478615	3,151144
3,310648	3,151796
3,688159	3,154078
3,417083	3,155709
3,674855	3,158317
3,753018	3,158317
3,338919	3,159296
3,297343	3,160274
3,606670	3,162230
3,470300	3,162883
3,471963	3,164513
3,551789	3,165817
3,493583	3,168100
3,696474	3,170057
3,772975	3,171361
3,683170	3,172991
3,762996	3,174948
3,661550	3,176578
3,799583	3,177231
3,746366	3,180165
3,721420	3,182122
3,723083	3,182448
3,917660	3,183752
3,641594	3,185709
3,711442	3,186035
3,786279	3,187991
3,648246	3,188970
3,590039	3,189948
3,980855	3,191578
3,894377	3,193535
3,824529	3,194187
3,879410	3,195818
3,824529	3,196796
3,864442	3,198426
3,914334	3,200057
3,827855	3,202013
3,947594	3,203318
4,117225	3,205274
3,836170	3,205600
3,930964	3,207557
4,062345	3,209187
4,052366	3,211144
3,909344	3,212122
4,120551	3,214078
4,188736	3,214731
3,819540	3,216361
4,097269	3,217665
4,360030	3,219296
4,070660	3,221252
4,055693	3,222883
4,042388	3,222883
4,090617	3,225491
4,197051	3,227122
3,929301	3,228426
4,168780	3,229731
4,315128	3,231687
4,328432	3,232665
4,004138	3,233644
3,879410	3,235600
4,130530	3,235926
4,054029	3,238535
4,004138	3,240492
4,182084	3,241144
4,095606	3,243426
4,019105	3,244731
4,152149	3,246361
3,915997	3,247992
3,920986	3,249296
3,997486	3,251578
3,935953	3,252883
3,851138	3,254513
3,940942	3,255492
3,711442	3,257774
3,571746	3,258752
3,864442	3,259405
3,565094	3,261035
3,555115	3,261687
3,294017	3,263644
3,531833	3,263970
3,259093	3,265926
3,264082	3,266905
3,357213	3,268535
3,363865	3,270492
3,318963	3,273100
3,282376	3,274405
3,172615	3,275709
3,037908	3,278318
3,007973	3,279622
2,939788	3,280926
2,961408	3,281252
2,884908	3,282231
2,924821	3,282883
2,869940	3,284513
2,859962	3,287122
2,811734	3,288752
2,873266	3,290057
2,733570	3,291687
2,811734	3,294622
2,751864	3,294948
2,687005	3,295926
2,723592	3,296579
2,512385	3,297883
2,652081	3,298535
2,534005	3,301144
2,432559	3,302122
2,705299	3,304405
2,540657	3,307339
2,437548	3,308318
2,439211	3,308644
2,469146	3,309622
2,334439	3,311579
2,213037	3,313535
2,763505	3,313861
2,558951	3,315166
2,502407	3,318100
2,485776	3,320383
2,247961	3,322013
2,424244	3,322666
2,257939	3,323318
2,294526	3,324296
2,359385	3,325600
2,578907	3,326905
2,515711	3,328861
2,153167	3,331796
2,384331	3,333753
2,194743	3,334731
2,367700	3,336361
2,322798	3,336361
2,382668	3,338644
2,455842	3,338970
2,372689	3,340926
2,384331	3,343535
2,281222	3,345166
2,284548	3,346470
2,306167	3,349079
2,289537	3,348753
2,469146	3,348427
2,196406	3,350709
2,430896	3,351361
2,204722	3,353644
2,241309	3,356579
2,242972	3,358209
2,228004	3,359513
2,106602	3,360492
2,390983	3,362122
2,234656	3,362448
2,001830	3,364405
2,143189	3,366035
2,287874	3,367666
2,236319	3,369948
2,033428	3,370600
2,123232	3,372231
2,091634	3,372883
2,306167	3,373861
2,129884	3,377448
1,961917	3,376470
2,131548	3,379405
2,171461	3,379731
2,109928	3,381035
2,048395	3,383644
2,356059	3,385600
2,540657	3,387883
2,066689	3,387883
2,133211	3,389187
2,101613	3,389514
2,119906	3,390492
2,151504	3,395057
2,033428	3,395057
1,995178	3,396361
2,104939	3,395709
1,953602	3,401253
2,063363	3,401905
2,119906	3,401905
1,868786	3,403535
2,191417	3,406144
1,946949	3,408101
2,053384	3,407774
1,923667	3,409731
1,995178	3,412666
1,978547	3,413970
2,114917	3,412014
1,807253	3,413970
1,893732	3,417883
1,827210	3,420818
1,858808	3,419840
2,036754	3,421144
2,040080	3,423753
1,902047	3,425383
1,850493	3,424405
1,907036	3,426688
2,053384	3,430601
1,885417	3,428318
1,892069	3,431253
1,822221	3,433535
1,971895	3,435492
2,005156	3,436470
1,870449	3,436470
1,931982	3,438753
2,111591	3,441688
2,005156	3,442014
2,010145	3,442666
1,945286	3,445927
1,975221	3,447231
2,063363	3,447883
1,709134	3,449514
1,833862	3,452448
1,922004	3,452122
1,928656	3,453101
2,066689	3,456035
2,149841	3,457992
1,857145	3,457992
1,885417	3,460275
1,913688	3,462231
2,093297	3,462557
2,030102	3,463535
2,169798	3,467122
1,986862	3,468753
1,950275	3,467775
1,825547	3,469731
1,835525	3,472014
1,855482	3,472014
1,986862	3,474296
2,023449	3,476905
1,750710	3,476579
1,802264	3,477557
1,817232	3,481144
1,965243	3,481796
1,813906	3,482122
2,035091	3,486035
1,893732	3,487014
2,083319	3,487340
2,108265	3,489296
2,035091	3,491253
1,778982	3,491253
1,986862	3,494188
1,762351	3,495492
1,759025	3,495492
1,922004	3,497775
2,126558	3,500383
1,870449	3,500057
2,058373	3,503318
1,815569	3,504622
2,073341	3,504296
2,055047	3,506905
2,103276	3,508536
2,174787	3,509188
1,981873	3,510166
1,880427	3,513427
1,893732	3,512775
2,126558	3,515709
1,760688	3,517340
1,991852	3,517014
1,925330	3,519949
1,870449	3,522557
2,151504	3,521579
1,996841	3,524188
1,893732	3,526144
2,075004	3,526470
2,191417	3,530383
2,006819	3,529731
2,221352	3,532014
2,242972	3,533318
1,950275	3,532992
1,900384	3,535927
1,870449	3,537557
1,953602	3,539188
2,048395	3,541144
2,075004	3,540818
1,940297	3,543101
1,975221	3,544731
2,208048	3,545057
1,995178	3,547992
2,104939	3,549296
1,946949	3,550601
2,226341	3,552231
1,976884	3,552231
2,138200	3,555492
2,013471	3,556470
2,061700	3,559079
2,084982	3,559405
2,143189	3,561036
2,026776	3,562992
2,103276	3,563318
2,184765	3,567231
2,252950	3,566253
1,800601	3,568536
2,164808	3,569840
1,903710	3,571470
2,026776	3,572775
2,128221	3,573753
2,106602	3,576362
2,149841	3,576362
2,218026	3,578970
2,321135	3,578970
1,985199	3,582231
2,099950	3,581905
2,028439	3,584514
2,028439	3,586797
2,088308	3,586144
2,131548	3,589079
2,191417	3,589079
2,075004	3,592666
1,863797	3,592340
2,079993	3,594949
2,021786	3,595927
1,900384	3,597231
2,173124	3,599514
2,114917	3,600492
2,159819	3,602123
2,183102	3,602775
1,887080	3,605057
2,216363	3,605384
2,144852	3,608644
2,088308	3,608318
2,189754	3,611579
2,079993	3,610927
2,079993	3,614840
2,241309	3,614514
1,948612	3,617449
2,156493	3,617449
2,184765	3,621362
2,209711	3,620057
2,089971	3,622992
2,104939	3,622992
2,242972	3,625601
2,201395	3,626253
2,153167	3,628862
1,835525	3,628862
2,346081	3,631797
2,176450	3,632123
2,083319	3,634079
2,066689	3,635057
2,099950	3,638318
2,221352	3,638318
2,121569	3,640601
2,123232	3,639949
2,045069	3,644514
2,040080	3,643210
2,020123	3,646471
2,048395	3,646471
1,971895	3,649731
2,103276	3,649731
2,178113	3,652340
2,111591	3,652992
2,096624	3,655275
2,154830	3,655601
2,031765	3,656253
1,991852	3,659188
2,036754	3,660492
2,242972	3,662775
1,940297	3,662775
2,126558	3,665384
2,173124	3,665384
2,169798	3,667014
2,104939	3,669623
2,176450	3,669623
2,109928	3,672231
2,239646	3,672884
2,271243	3,675818
2,287874	3,676145
2,292863	3,677123
2,221352	3,681036
2,186428	3,680058
2,006819	3,683318
2,128221	3,683971
2,163145	3,684623
2,040080	3,687558
2,208048	3,687558
2,099950	3,689840
1,908699	3,691471
2,284548	3,692775
2,188091	3,694405
2,194743	3,695058
2,081656	3,697992
2,063363	3,698318
2,006819	3,699949
2,036754	3,701905
2,076667	3,702232
2,204722	3,705166
2,056710	3,706145
2,134874	3,705818
2,075004	3,709732
2,123232	3,710058
1,907036	3,710384
2,094961	3,713971
2,079993	3,714297
2,299515	3,715275
2,291200	3,718210
1,963580	3,718210
2,045069	3,720492
2,093297	3,722775
2,129884	3,722449
2,008482	3,725058
2,319472	3,727666
2,292863	3,727014
2,194743	3,728645
2,324461	3,732232
1,981873	3,731906
1,971895	3,733862
2,005156	3,735492
1,938634	3,735492
2,018460	3,738427
1,828873	3,740710
1,900384	3,740058
2,181439	3,741688
1,996841	3,745275
1,913688	3,745601
2,006819	3,746253
2,184765	3,749188
2,093297	3,749840
2,199732	3,750819
2,168135	3,753101
2,109928	3,755058
1,998504	3,756688
2,098287	3,756036
2,051721	3,758971
2,239646	3,760927
2,229667	3,761579
2,163145	3,761906
2,086645	3,764188
1,867123	3,766145
1,983536	3,768101
2,153167	3,768101
2,256276	3,770058
1,990189	3,772014
2,176450	3,774623
1,936971	3,774949
1,980210	3,774623
1,877101	3,777884
2,113254	3,779514
2,051721	3,781145
2,206385	3,781145
2,061700	3,783427
2,474135	3,785384
2,206385	3,787014
2,000167	3,787014
2,063363	3,788319
2,055047	3,790927
2,131548	3,793210
2,088308	3,794188
2,128221	3,794840
2,073341	3,796145
2,108265	3,797449
1,960254	3,800058
2,079993	3,801362
2,239646	3,802993
2,148178	3,803319
2,058373	3,805275
2,018460	3,807558
2,184765	3,808862
2,223015	3,809188
2,055047	3,811145
2,161482	3,811797
2,055047	3,814080
2,043406	3,816036
2,079993	3,817014
2,123232	3,817993
1,963580	3,818971
2,236319	3,821906
2,138200	3,823862
1,998504	3,825167
1,930319	3,826145
2,208048	3,827123
2,208048	3,828101
2,208048	3,831362
1,973558	3,832993
2,038417	3,833645
2,297852	3,833971
2,361048	3,835275
2,161482	3,837232
2,153167	3,839840
2,148178	3,841797
2,133211	3,841797
2,247961	3,843101
2,289537	3,844406
2,161482	3,845384
2,106602	3,847667
2,241309	3,849949
2,173124	3,851580
2,134874	3,852884
2,237983	3,854514
2,281222	3,855167
2,289537	3,855819
2,211374	3,858101
2,008482	3,859080
2,101613	3,861036
2,058373	3,863971
2,201395	3,864623
2,218026	3,866254
2,168135	3,867884
2,101613	3,868862
2,138200	3,869841
2,312820	3,870493
1,998504	3,871145
2,239646	3,873754
2,254613	3,875058
2,201395	3,877341
2,279559	3,878971
2,334439	3,880928
1,953602	3,881580
2,317809	3,883210
2,266254	3,884841
1,965243	3,886145
2,149841	3,886145
2,329450	3,887123
2,193080	3,889732
2,249624	3,890384
2,301178	3,891688
2,232993	3,893971
2,244635	3,895601
2,196406	3,897558
2,208048	3,899188
2,271243	3,901471
2,339428	3,903428
2,208048	3,902775
2,510722	3,906362
2,086645	3,907015
2,016797	3,908319
2,269580	3,909623
2,259602	3,910601
2,329450	3,913210
2,274570	3,913862
2,417592	3,915167
2,191417	3,916145
2,143189	3,918428
2,126558	3,919080
2,439211	3,920384
2,138200	3,921362
2,475798	3,923645
2,346081	3,924623
1,948612	3,925928
2,149841	3,926906
2,030102	3,929515
1,993515	3,931471
2,211374	3,933102
2,208048	3,933754
2,201395	3,935710
2,173124	3,937015
1,940297	3,937993
2,420918	3,940275
2,211374	3,941580
2,191417	3,943536
2,228004	3,944515
2,251287	3,945493
2,342754	3,948102
1,990189	3,949406
2,149841	3,950058
2,216363	3,952015
2,078330	3,953971
2,201395	3,955602
2,379341	3,957232
2,113254	3,958536
2,382668	3,959515
2,163145	3,961797
2,226341	3,963428
2,131548	3,964080
2,256276	3,965710
2,474135	3,966362
2,161482	3,967667
2,294526	3,969949
2,214700	3,969949
2,040080	3,970928
2,101613	3,972558
2,198069	3,974515
2,203059	3,975819
2,317809	3,978754
2,146515	3,980058
2,296189	3,981036
2,221352	3,983319
2,281222	3,984949
2,045069	3,986254
2,292863	3,987232
2,246298	3,988536
2,038417	3,989841
2,307830	3,990819
2,292863	3,991797
2,241309	3,993754
2,309494	3,994406
2,236319	3,997015
2,304504	3,998319
2,352733	4,000928
2,166472	4,001906
2,231330	4,003863
2,106602	4,005167
2,159819	4,005819
2,326124	4,007123
2,454179	4,008102
2,081656	4,009406
2,141526	4,012015
2,176450	4,012993
2,419255	4,015602
2,381005	4,017232
2,229667	4,017558
2,241309	4,019189
2,121569	4,019841
2,326124	4,021145
2,249624	4,024080
2,133211	4,025710
2,302841	4,027015
2,191417	4,028319
2,317809	4,028971
2,302841	4,029623
2,337765	4,031580
2,113254	4,033537
2,191417	4,036145
2,163145	4,037776
2,226341	4,038754
2,334439	4,038428
2,369363	4,040058
2,271243	4,042667
2,267917	4,045276
2,176450	4,046580
2,257939	4,046580
2,274570	4,047558
2,281222	4,049515
2,259602	4,050493
2,395972	4,053102
2,201395	4,055058
2,124895	4,054732
1,978547	4,057015
2,228004	4,056689
2,279559	4,060276
2,334439	4,062232
2,327787	4,062884
2,237983	4,063863
2,234656	4,064841
2,259602	4,067124
1,980210	4,070384
2,287874	4,070384
1,918678	4,071363
2,050058	4,071689
2,114917	4,075602
2,143189	4,076580
1,970232	4,076580
2,427570	4,078537
2,038417	4,080819
2,234656	4,082124
1,888743	4,083754
1,966906	4,083428
2,228004	4,085058
1,965243	4,086037
1,950275	4,089624
1,880427	4,088645
1,965243	4,093211
1,933645	4,091906
1,622655	4,094841
1,742395	4,096145
1,855482	4,097776
1,998504	4,100058
1,764014	4,098428
1,838851	4,102341
1,860471	4,104624
2,104939	4,106254
1,971895	4,106254
1,787297	4,108211
1,877101	4,110819
1,928656	4,110493
1,946949	4,111145
1,993515	4,115384
2,126558	4,116689
1,782308	4,117015
1,945286	4,116037
1,765677	4,121580
1,935308	4,121906
1,882091	4,122558
1,931982	4,125493
1,907036	4,125819
1,754036	4,127450
1,926993	4,128754
2,023449	4,131037
1,802264	4,131363
1,933645	4,132015
1,679199	4,134950
1,928656	4,136580
1,825547	4,137232
1,705808	4,139515
1,865460	4,139189
1,928656	4,140819
1,961917	4,144732
2,006819	4,144732
2,036754	4,145385
1,855482	4,147993
1,912025	4,149624
1,581079	4,149950
1,795612	4,152885
1,764014	4,154841
1,780645	4,153863
1,870449	4,156472
1,948612	4,158754
1,943623	4,158754
1,780645	4,161363
1,940297	4,161363
1,963580	4,162667
1,893732	4,166254
1,822221	4,165928
1,832199	4,169515
1,755699	4,170493
1,527862	4,171145
1,717449	4,174080
1,950275	4,173428
1,744058	4,176363
1,745721	4,176363
1,965243	4,177993
1,933645	4,181254
1,817232	4,180928
1,664231	4,183863
1,837188	4,184841
1,930319	4,185493
1,504579	4,188754
1,922004	4,188754
1,845504	4,190711
1,707471	4,191689
1,800601	4,194298
1,647601	4,194624
1,647601	4,196580
1,800601	4,198537
1,677536	4,198537
1,975221	4,201798
1,782308	4,201472
1,694166	4,203754
1,990189	4,206037
1,611014	4,206363
1,705808	4,208646
1,740732	4,208319
2,001830	4,211580
1,755699	4,211580
2,093297	4,214189
2,006819	4,215819
1,875438	4,216146
1,922004	4,218428
1,878764	4,218428
1,715786	4,221037
1,787297	4,222667
1,744058	4,223972
1,574427	4,226254
1,875438	4,226580
1,725764	4,229841
1,413111	4,229515
1,709134	4,232124
1,960254	4,232776
1,835525	4,234406
1,694166	4,236363
1,764014	4,237341
1,754036	4,238972
1,800601	4,239950
1,855482	4,242233
1,773992	4,242559
1,783971	4,244841
1,714123	4,245820
2,066689	4,248754
1,830536	4,248102
1,847167	4,251037
1,754036	4,251037
1,765677	4,254298
1,903710	4,255276
1,709134	4,255928
1,679199	4,257885
1,900384	4,259189
1,865460	4,260493
1,845504	4,262776
1,704145	4,262776
1,760688	4,266037
1,845504	4,265711
1,675873	4,267993
1,955265	4,269298
1,805590	4,270928
1,890406	4,271907
1,818895	4,273863
2,021786	4,275167
1,717449	4,276146
2,040080	4,278102
1,793949	4,279733
1,777319	4,280711
1,885417	4,282015
1,767340	4,284298
1,793949	4,285276
1,965243	4,287233
2,055047	4,287885
1,692503	4,290494
1,800601	4,290494
1,850493	4,292450
1,823884	4,295385
1,877101	4,295385
2,018460	4,297341
1,780645	4,297667
1,837188	4,300276
1,868786	4,301254
1,815569	4,302559
1,838851	4,304841
1,940297	4,305494
1,714123	4,308754
1,822221	4,308754
1,785634	4,310385
1,808916	4,312015
1,913688	4,312667
1,752373	4,316581
1,619329	4,315276
1,596047	4,318537
1,632634	4,319515
1,697492	4,319189
1,803927	4,322450
2,013471	4,323428
1,818895	4,325059
1,793949	4,327668
1,920341	4,327994
1,946949	4,328972
1,933645	4,331254
1,887080	4,331907
1,687514	4,333537
1,928656	4,336472
1,694166	4,335820
1,778982	4,338754
1,797275	4,339733
1,930319	4,340385
1,787297	4,342015
1,845504	4,345602
1,764014	4,345928
1,975221	4,346907
1,885417	4,349515
1,780645	4,349515
1,722438	4,350820
1,902047	4,353102
1,968569	4,356037
1,858808	4,354733
2,028439	4,356363
1,848830	4,359298
2,010145	4,361255
1,910362	4,360276
1,946949	4,363863
1,966906	4,365168
1,810580	4,366146
1,990189	4,366798
1,923667	4,369407
1,750710	4,370711
2,006819	4,371363
1,915351	4,372668
1,818895	4,375928
2,056710	4,377233
2,013471	4,377885
1,808916	4,379189
1,865460	4,382450
1,724101	4,382450
1,620992	4,382776
1,895395	4,384407
1,830536	4,387015
2,025113	4,387994
1,813906	4,388972
1,795612	4,389624
1,920341	4,393537
1,973558	4,394842
1,853819	4,394842
2,020123	4,395494
1,892069	4,399081
2,003493	4,400059
1,938634	4,402342
1,817232	4,402015
1,875438	4,403972
1,882091	4,406581
2,008482	4,407885
1,812243	4,409515
1,965243	4,408863
2,023449	4,411472
2,124895	4,413429
1,973558	4,415059
1,930319	4,415385
2,016797	4,417016
1,862134	4,418972
1,988526	4,421581
2,053384	4,421907
1,820558	4,422559
1,966906	4,424189
1,793949	4,426472
1,966906	4,429081
2,193080	4,429733
2,015134	4,430059
1,848830	4,431363
1,880427	4,432994
1,946949	4,434950
1,880427	4,437233
1,917015	4,438211
2,183102	4,439516
2,106602	4,439842
2,129884	4,441146
1,848830	4,444081
1,968569	4,446037
2,081656	4,447668
1,832199	4,447668
2,041743	4,448320
2,193080	4,449950
2,141526	4,452233
1,877101	4,454516
2,048395	4,456798
2,073341	4,457776
1,897058	4,457776
2,134874	4,458429
2,001830	4,460059
2,108265	4,462668
2,189754	4,465276
2,134874	4,466907
2,141526	4,467885
2,003493	4,469516
1,734079	4,469516
2,098287	4,471146
1,787297	4,472450
1,880427	4,473429
2,226341	4,475385
1,802264	4,478320
1,978547	4,478972
2,046732	4,480277
1,941960	4,482559
2,033428	4,484516
2,109928	4,485168
1,780645	4,485168
1,986862	4,487124
1,755699	4,488103
1,990189	4,489733
2,096624	4,490059
1,868786	4,492342
1,943623	4,494298
1,817232	4,496255
2,003493	4,497559
1,853819	4,499516
1,778982	4,502124
1,998504	4,503429
1,810580	4,504733
1,862134	4,506037
1,928656	4,506690
2,103276	4,507342
1,922004	4,510277
1,955265	4,511581
1,848830	4,511255
1,725764	4,513864
1,825547	4,514842
1,867123	4,515820
1,682525	4,517777
1,945286	4,518429
1,975221	4,520385
1,833862	4,522016
1,827210	4,523972
1,660905	4,525277
2,020123	4,525929
1,872112	4,527559
1,808916	4,529516
1,892069	4,531472
2,036754	4,533103
1,888743	4,533755
1,838851	4,535711
1,684188	4,537016
1,933645	4,538646
1,783971	4,539298
1,990189	4,541255
1,810580	4,543537
1,850493	4,543537
1,803927	4,546146
1,795612	4,547451
1,677536	4,547777
1,793949	4,550059
1,860471	4,551038
1,885417	4,552668
1,715786	4,554298
1,868786	4,556581
1,689177	4,557559
1,679199	4,559190
1,772329	4,561146
1,719112	4,561798
1,644275	4,563755
1,637623	4,565711
1,677536	4,567342
1,699155	4,568972
1,788960	4,569298
1,622655	4,571581
1,872112	4,570929
1,752373	4,572885
1,629307	4,574842
1,674210	4,576798
1,664231	4,579081
1,800601	4,580711
1,848830	4,578103
1,912025	4,582668
1,807253	4,583320
1,820558	4,585277
1,650927	4,586581
1,737405	4,588864
1,654253	4,590494
1,843840	4,591146
1,552807	4,591146
1,868786	4,594081
1,594383	4,596690
1,699155	4,598320
1,895395	4,598972
1,614340	4,599951
1,744058	4,600277
1,773992	4,601581
1,614340	4,604842
1,670884	4,607125
1,807253	4,608103
1,875438	4,609081
1,654253	4,610059
1,679199	4,612016
1,712460	4,613320
1,552807	4,615603
1,730753	4,614625
1,730753	4,617559
1,582742	4,617885
1,557796	4,620168
1,463003	4,622451
1,556133	4,623429
1,544492	4,624407
2,028439	4,625059
1,913688	4,627994
1,672547	4,630929
1,724101	4,631255
1,759025	4,630929
1,664231	4,632885
1,765677	4,636146
1,910362	4,638103
1,832199	4,638755
1,709134	4,639081
1,564449	4,641690
1,778982	4,643646
1,724101	4,643320
1,487948	4,644625
1,607688	4,647886
1,526199	4,650168
1,689177	4,648864
1,694166	4,650494
1,537840	4,653429
1,516220	4,655059
1,670884	4,656038
1,810580	4,656690
1,764014	4,659951
1,630970	4,660277
1,275078	4,660929
1,875438	4,663538
1,843840	4,665168
1,991852	4,664842
1,416437	4,668103
1,389829	4,670059
1,664231	4,670059
1,562786	4,671364
1,772329	4,672994
1,772329	4,673320
1,522872	4,676581
2,031765	4,678864
1,840514	4,677886
1,482959	4,680820
1,657579	4,683103
1,602699	4,682451
1,650927	4,685386
1,622655	4,686690
1,690840	4,687668
1,724101	4,689625
1,664231	4,690929
1,640949	4,691907
1,714123	4,694842
1,409785	4,695820
1,755699	4,697125
1,620992	4,699407
1,614340	4,699407
1,747384	4,700712
1,659242	4,703320
1,496264	4,703646
1,541166	4,705929
1,346590	4,706255
1,308339	4,707886
1,484622	4,711799
1,562786	4,710820
1,617666	4,713429
1,734079	4,714733
1,564449	4,716038
1,572764	4,718320
1,650927	4,717668
1,685851	4,720929
1,619329	4,721255
1,695829	4,723538
1,481296	4,724842
1,592720	4,724842
1,577753	4,728755
1,757362	4,728755
1,664231	4,730060
1,534514	4,732016
1,785634	4,732994
1,409785	4,735277
1,795612	4,735603
1,652590	4,739190
1,660905	4,737886
1,700818	4,742125
1,729090	4,741147
1,689177	4,744734
1,351579	4,743755
1,378187	4,747668
1,782308	4,748320
1,808916	4,749625
1,674210	4,750929
2,066689	4,752234
1,848830	4,753864
1,880427	4,754516
1,627644	4,757451
1,892069	4,757451
1,863797	4,760712
1,857145	4,760386
1,800601	4,763647
1,842177	4,762668
1,985199	4,765603
1,428079	4,765929
1,727427	4,768864
2,015134	4,769190
1,481296	4,771147
1,885417	4,773103
1,857145	4,775712
1,759025	4,775712
2,116580	4,778321
1,922004	4,778321
1,634297	4,781581
2,098287	4,780929
1,955265	4,784190
1,820558	4,784516
1,795612	4,787125
1,900384	4,786147
1,777319	4,790060
1,820558	4,789408
1,640949	4,793321
1,946949	4,792994
1,990189	4,795929
1,885417	4,795603
1,833862	4,797886
1,843840	4,798538
1,521209	4,801147
1,537840	4,803429
1,762351	4,803429
1,868786	4,806038
1,961917	4,805712
1,815569	4,808321
2,003493	4,809625
1,739069	4,810929
1,818895	4,813212
1,835525	4,813864
1,717449	4,816473
1,812243	4,816473
2,018460	4,818103
1,818895	4,820712
2,093297	4,820712
1,734079	4,822668
1,438057	4,824299
1,348253	4,824951
2,058373	4,828212
1,644275	4,827234
1,521209	4,829516
1,655916	4,832125
1,629307	4,832451
1,433068	4,834734
1,840514	4,836038
1,773992	4,836038
1,783971	4,839299
1,835525	4,839951
1,788960	4,840929
2,099950	4,843538
1,888743	4,845495
1,717449	4,845169
1,649264	4,847125
1,707471	4,849408
1,762351	4,849408
1,682525	4,852016
1,625981	4,853973
1,773992	4,854951
1,576090	4,856582
1,922004	4,858212
1,827210	4,857886
1,567775	4,861473
1,762351	4,863429
1,552807	4,862777
1,401470	4,865060
1,654253	4,867342
1,805590	4,867016
1,423090	4,868973
1,697492	4,871256
1,970232	4,872234
1,467992	4,873538
1,893732	4,876799
1,655916	4,876799
1,574427	4,877777
2,046732	4,880060
1,566112	4,882342
1,807253	4,882016
1,596047	4,882995
2,101613	4,886582
2,136537	4,887886
1,918678	4,888212
1,898721	4,889190
1,877101	4,891799
2,119906	4,893756
1,739069	4,893429
1,807253	4,895712
1,835525	4,897343
2,045069	4,898647
1,853819	4,899625
2,163145	4,900929
1,976884	4,902560
1,837188	4,905169
1,564449	4,905821
2,163145	4,906473
1,501253	4,910060
2,073341	4,911364
1,832199	4,912669
1,988526	4,914299
1,951938	4,913973
2,096624	4,916256
2,096624	4,918538
2,257939	4,919190
2,079993	4,920169
2,040080	4,921799
2,183102	4,923756
1,860471	4,926038
2,267917	4,926690
2,149841	4,927343
2,126558	4,928321
2,109928	4,931256
2,079993	4,933212
2,161482	4,933864
1,990189	4,934190
1,800601	4,935169
1,926993	4,938103
1,793949	4,940060
2,008482	4,942669
2,050058	4,942669
1,940297	4,944299
1,970232	4,944951
2,189754	4,946256
1,893732	4,949190
1,926993	4,951473
1,966906	4,951799
2,078330	4,953103
2,173124	4,953103
1,923667	4,954734
2,073341	4,957343
2,041743	4,958973
2,021786	4,960277
2,119906	4,961908
2,193080	4,963864
1,895395	4,963864
1,858808	4,964843
1,945286	4,967125
2,051721	4,968430
2,158156	4,970712
2,040080	4,972995
1,965243	4,973973
1,833862	4,975930
1,900384	4,975604
2,136537	4,977560
1,893732	4,978538
2,043406	4,980169
1,938634	4,982777
2,005156	4,983430
2,045069	4,986038
2,098287	4,987995
2,124895	4,988973
1,777319	4,989625
1,938634	4,991582
2,006819	4,991582
1,870449	4,992886
1,950275	4,994843
2,038417	4,995821
1,868786	4,998756
2,043406	4,999082
2,040080	5,001038
2,051721	5,002343
2,040080	5,003973
2,040080	5,005604
1,988526	5,007560
1,823884	5,008864
1,880427	5,010169
1,993515	5,011799
2,066689	5,012778
1,840514	5,014082
1,767340	5,015712
2,178113	5,016364
1,928656	5,018647
2,086645	5,019299
2,158156	5,020930
2,050058	5,021908
2,104939	5,023538
1,828873	5,026147
2,109928	5,027125
2,213037	5,028430
1,965243	5,029408
2,143189	5,031691
1,943623	5,032343
1,991852	5,034299
1,991852	5,036582
2,043406	5,037234
1,785634	5,038865
2,048395	5,041473
2,021786	5,040495
2,101613	5,043430
1,783971	5,044408
2,093297	5,046038
2,020123	5,047343
2,023449	5,050278
1,926993	5,050930
2,010145	5,051256
1,988526	5,052886
1,945286	5,054843
1,973558	5,056147
2,116580	5,058430
2,208048	5,059082
1,714123	5,061365
1,986862	5,062669
2,139863	5,063321
1,820558	5,066582
1,923667	5,067886
1,926993	5,069191
2,106602	5,069843
1,699155	5,071799
1,933645	5,073756
1,775656	5,074734
2,045069	5,074082
1,956928	5,078321
1,857145	5,078321
1,968569	5,078973
1,795612	5,079952
1,863797	5,081582
1,922004	5,083865
1,750710	5,084517
1,847167	5,086799
1,853819	5,086799
1,898721	5,091039
1,635960	5,092669
1,769003	5,094299
2,010145	5,094952
1,938634	5,095930
1,955265	5,097234
1,955265	5,098539
1,827210	5,099191
1,773992	5,101147
1,913688	5,103430
1,897058	5,104734
1,925330	5,107343
1,991852	5,108973
1,818895	5,107343
1,720775	5,109626
1,865460	5,108647
1,855482	5,113539
1,953602	5,115821
1,898721	5,115169
1,649264	5,119082
1,654253	5,119408
1,760688	5,120713
1,630970	5,120060
1,938634	5,120713
1,604362	5,125930
1,770666	5,128213
1,970232	5,127886
1,802264	5,128865
1,682525	5,130495
1,803927	5,132778
1,742395	5,135713
1,744058	5,136039
1,813906	5,138321
1,644275	5,138647
1,750710	5,138647
1,720775	5,142886
1,827210	5,143539
1,802264	5,144191
1,883754	5,144843
1,853819	5,146147
1,687514	5,149082
1,798938	5,150386
1,860471	5,151365
1,734079	5,152343
1,953602	5,154952
1,674210	5,156908
1,923667	5,158539
1,737405	5,158539
1,710797	5,160169
1,835525	5,162452
1,788960	5,163430
1,868786	5,164734
1,807253	5,165060
1,923667	5,167343
1,778982	5,170604
1,913688	5,171256
1,887080	5,170930
1,645938	5,173865
1,973558	5,176147
1,958591	5,176800
1,822221	5,177452
1,687514	5,180060
2,015134	5,182669
1,675873	5,182669
1,747384	5,184300
1,923667	5,186256
1,739069	5,188539
1,903710	5,187887
1,727427	5,189517
1,674210	5,192126
1,752373	5,192126
1,833862	5,194082
1,782308	5,196691
1,714123	5,196691
1,788960	5,197669
1,695829	5,201582
2,043406	5,201908
1,853819	5,201582
1,810580	5,205169
1,747384	5,206474
1,765677	5,206474
1,614340	5,209734
1,827210	5,210387
1,770666	5,210061
1,790623	5,213321
1,812243	5,214626
1,566112	5,215604
1,953602	5,218539
1,862134	5,217561
1,907036	5,219843
1,890406	5,222778
1,853819	5,223104
1,827210	5,225387
1,684188	5,227343
1,818895	5,226691
1,848830	5,230278
1,980210	5,231582
1,712460	5,231908
1,777319	5,235169
1,773992	5,235169
1,765677	5,236148
1,749047	5,239082
1,714123	5,238756
1,800601	5,240387
1,897058	5,243648
1,872112	5,243321
1,812243	5,245930
1,888743	5,246908
1,622655	5,248539
2,045069	5,250495
1,951938	5,250495
1,722438	5,253430
1,735742	5,253430
1,883754	5,255713
1,840514	5,257343
1,843840	5,257995
1,582742	5,261582
1,707471	5,261908
1,627644	5,263213
1,667558	5,265169
1,828873	5,265169
1,602699	5,268756
1,852156	5,267778
1,788960	5,271039
1,787297	5,272669
1,788960	5,272017
1,705808	5,275930
1,800601	5,275604
1,813906	5,278865
1,868786	5,278213
1,767340	5,280822
1,647601	5,282452
1,852156	5,283104
1,813906	5,286039
1,778982	5,286365
1,655916	5,288648
1,750710	5,288974
1,803927	5,291256
1,667558	5,291256
1,795612	5,294843
1,720775	5,294517
1,815569	5,296474
1,715786	5,297452
1,867123	5,300387
1,700818	5,300713
1,677536	5,303322
1,798938	5,303322
1,672547	5,306909
1,715786	5,306909
1,847167	5,309843
1,918678	5,308865
1,579416	5,312126
1,807253	5,312452
1,647601	5,315061
1,747384	5,315061
1,845504	5,317017
1,915351	5,318322
1,632634	5,320930
1,582742	5,322235
2,010145	5,322887
1,729090	5,325496
1,790623	5,326148
1,772329	5,328756
1,594383	5,328756
1,790623	5,330061
1,765677	5,331691
1,805590	5,332996
1,793949	5,335604
1,790623	5,335278
1,760688	5,338213
1,835525	5,338213
1,893732	5,341148
1,845504	5,341800
1,697492	5,342778
1,850493	5,345713
1,878764	5,345387
1,694166	5,348322
1,727427	5,348648
1,838851	5,350604
1,750710	5,352235
1,860471	5,352887
1,722438	5,355496
1,953602	5,357126
1,930319	5,357778
1,830536	5,360387
1,649264	5,360387
1,883754	5,362017
1,893732	5,364300
1,714123	5,363974
1,843840	5,367887
1,602699	5,368539
1,805590	5,369517
1,740732	5,372452
1,892069	5,372126
1,669221	5,373756
1,764014	5,377670
1,961917	5,377017
1,777319	5,378322
1,863797	5,380930
1,727427	5,380930
1,835525	5,382235
1,803927	5,384843
1,660905	5,385170
1,692503	5,386148
1,832199	5,388757
1,915351	5,389083
1,812243	5,390713
1,584405	5,393648
1,923667	5,394300
1,616003	5,396583
1,707471	5,399191
1,662568	5,398539
1,815569	5,398865
1,650927	5,403757
1,652590	5,403430
1,689177	5,404409
1,785634	5,407017
1,923667	5,406365
1,659242	5,409626
1,867123	5,412235
1,702481	5,411583
1,759025	5,412561
1,991852	5,416474
1,777319	5,415822
1,773992	5,416800
1,941960	5,420387
1,802264	5,419409
1,980210	5,419409
1,828873	5,424300
1,930319	5,425604
1,827210	5,426257
1,878764	5,428539
1,715786	5,430822
2,093297	5,432126
1,596047	5,431800
1,971895	5,435061
1,607688	5,435713
1,749047	5,435061
1,667558	5,438974
1,596047	5,440931
1,617666	5,440931
1,712460	5,442561
1,652590	5,445170
1,722438	5,446474
1,707471	5,446148
1,680862	5,448757
1,749047	5,450387
1,951938	5,452344
1,897058	5,452670
1,783971	5,454626
1,719112	5,456909
1,800601	5,457887
2,013471	5,458539
1,825547	5,461800
1,704145	5,462778
1,813906	5,462778
1,953602	5,463757
1,817232	5,466691
1,908699	5,467018
1,840514	5,469626
1,817232	5,469952
2,006819	5,471909
1,665894	5,474844
2,158156	5,474844
1,893732	5,475822
1,933645	5,478105
1,830536	5,480061
1,832199	5,482018
1,880427	5,481365
1,760688	5,483974
1,858808	5,486583
1,915351	5,487561
1,842177	5,486909
2,026776	5,489191
1,710797	5,492452
1,920341	5,493431
1,657579	5,494083
1,798938	5,494409
1,868786	5,496365
2,018460	5,498648
1,946949	5,500931
1,707471	5,501257
1,764014	5,502561
1,898721	5,504518
1,941960	5,506800
2,061700	5,507778
1,868786	5,508757
1,808916	5,509083
1,679199	5,511365
1,822221	5,513974
2,015134	5,514952
2,143189	5,515931
2,119906	5,516583
1,822221	5,517235
1,943623	5,520170
1,888743	5,522452
2,025113	5,524409
1,752373	5,524409
2,020123	5,526039
2,048395	5,527018
2,094961	5,528974
1,808916	5,531257
1,893732	5,532887
1,956928	5,532887
2,010145	5,535496
1,820558	5,535822
1,838851	5,538105
1,893732	5,540387
1,675873	5,542018
1,747384	5,542670
1,976884	5,544952
2,043406	5,545279
2,079993	5,545931
2,113254	5,547887
1,848830	5,548539
1,950275	5,551148
2,078330	5,553105
1,873775	5,555713
2,124895	5,557018
1,907036	5,557670
1,862134	5,558974
2,093297	5,559300
2,065026	5,560931
1,848830	5,562887
2,089971	5,564192
2,088308	5,565822
1,907036	5,568757
2,194743	5,569735
2,149841	5,570061
1,945286	5,571692
2,075004	5,572670
2,031765	5,574626
1,930319	5,575605
1,872112	5,576583
2,128221	5,579192
2,063363	5,579192
2,316146	5,580822
2,191417	5,583105
2,000167	5,584409
2,078330	5,586366
2,141526	5,587996
2,066689	5,589300
2,094961	5,591257
2,013471	5,592235
2,005156	5,594192
1,915351	5,595822
1,975221	5,596474
2,086645	5,599409
1,925330	5,600061
1,995178	5,602018
1,928656	5,602996
1,970232	5,603974
2,013471	5,606583
2,071678	5,607561
2,218026	5,609192
2,096624	5,609844
1,865460	5,612126
1,993515	5,613105
2,139863	5,614735
2,033428	5,615713
2,053384	5,617018
2,148178	5,617996
2,058373	5,618974
2,244635	5,620931
2,075004	5,623213
1,798938	5,625170
2,000167	5,626800
1,850493	5,627779
1,935308	5,630061
1,983536	5,629409
2,111591	5,631366
2,264591	5,632344
2,259602	5,634953
2,033428	5,637235
2,164808	5,637887
1,971895	5,638866
2,206385	5,639192
1,950275	5,642127
1,966906	5,643431
2,184765	5,645387
2,234656	5,646040
2,178113	5,647344
2,083319	5,649300
2,231330	5,651257
2,035091	5,651583
2,008482	5,653866
2,131548	5,655496
1,956928	5,657779
2,133211	5,657453
1,848830	5,658431
1,971895	5,661040
1,950275	5,662670
1,958591	5,663974
2,148178	5,665279
1,990189	5,667235
1,941960	5,668214
1,892069	5,668540
1,951938	5,671474
2,096624	5,672779
1,873775	5,674083
2,093297	5,675714
1,975221	5,678322
2,001830	5,678322
1,898721	5,679627
1,882091	5,681909
2,003493	5,681909
1,880427	5,684192
1,880427	5,686148
2,101613	5,687453
2,103276	5,688757
2,103276	5,690061
2,173124	5,692344
1,887080	5,692018
1,917015	5,694627
1,800601	5,696909
1,956928	5,696909
2,236319	5,698214
1,917015	5,700170
2,030102	5,701801
1,654253	5,703105
2,010145	5,705061
1,930319	5,705061
1,769003	5,707018
2,058373	5,710279
1,840514	5,709627
1,835525	5,711583
1,880427	5,714844
1,735742	5,714844
1,907036	5,716801
1,777319	5,718757
2,126558	5,716801
1,968569	5,721692
1,880427	5,722670
1,865460	5,722996
2,050058	5,725279
2,010145	5,724627
1,785634	5,729192
1,993515	5,729518
1,902047	5,730496
2,094961	5,732779
1,950275	5,731801
2,016797	5,735714
1,795612	5,736692
1,873775	5,737670
1,649264	5,740931
1,754036	5,740605
1,872112	5,744192
1,912025	5,743214
1,922004	5,744518
1,835525	5,746801
1,833862	5,748757
1,705808	5,751366
1,890406	5,750388
1,730753	5,753975
1,920341	5,753322
1,795612	5,756583
1,755699	5,756909
1,825547	5,759192
1,634297	5,759518
1,639286	5,761801
1,863797	5,763757
1,724101	5,764735
1,765677	5,767018
1,802264	5,767670
1,872112	5,769627
1,707471	5,769953
1,759025	5,772236
1,632634	5,773866
1,664231	5,775822
1,682525	5,775496
1,619329	5,777779
1,715786	5,778105
1,734079	5,781692
1,795612	5,781040
1,714123	5,784953
1,629307	5,783975
1,712460	5,787236
1,855482	5,786909
1,514557	5,790496
1,870449	5,790822
1,730753	5,793105
1,742395	5,793757
1,893732	5,795388
1,689177	5,795714
1,825547	5,798975
1,887080	5,799627
1,609351	5,801257
1,769003	5,802888
1,699155	5,802562
1,825547	5,806475
1,660905	5,806475
1,790623	5,810062
1,765677	5,809409
1,803927	5,812018
1,833862	5,813323
1,950275	5,814627
1,900384	5,816257
1,730753	5,816909
1,712460	5,819192
1,677536	5,820496
1,948612	5,822127
1,802264	5,824410
1,802264	5,823431
1,820558	5,826040
1,581079	5,827670
1,872112	5,827670
1,739069	5,831583
1,737405	5,830605
1,740732	5,834844
1,589394	5,835823
1,694166	5,835170
2,028439	5,838431
1,720775	5,838431
1,913688	5,840388
1,840514	5,842344
1,817232	5,843323
1,880427	5,845605
1,744058	5,846910
1,757362	5,847888
1,724101	5,850497
1,750710	5,850823
1,815569	5,853105
1,863797	5,855062
1,699155	5,855388
1,735742	5,857670
1,597710	5,858975
1,793949	5,859301
1,792286	5,861583
1,837188	5,863214
1,845504	5,863540
1,579416	5,866149
1,928656	5,867453
1,714123	5,868757
1,842177	5,870388
1,900384	5,872018
1,680862	5,872670
1,659242	5,873975
1,785634	5,876584
1,697492	5,876910
1,647601	5,878866
1,767340	5,880497
1,695829	5,881149
1,945286	5,882779
1,620992	5,885062
1,649264	5,887018
1,606025	5,887018
1,710797	5,889627
1,659242	5,891257
2,000167	5,892888
1,945286	5,892562
1,634297	5,894518
1,878764	5,897779
1,822221	5,898431
1,767340	5,899410
1,660905	5,901692
1,722438	5,902671
1,557796	5,903649
1,882091	5,904953
1,592720	5,907236
1,684188	5,909192
1,724101	5,908866
1,765677	5,909192
1,534514	5,912453
1,714123	5,915388
1,532851	5,916040
1,504579	5,916366
1,770666	5,918323
1,419764	5,920931
1,640949	5,922562
1,852156	5,922236
1,873775	5,923540
1,903710	5,926475
1,813906	5,928758
1,843840	5,928758
1,705808	5,929736
1,599373	5,931366
1,740732	5,932997
1,737405	5,934953
1,760688	5,935931
1,855482	5,936584
1,734079	5,937562
1,835525	5,940171
1,389829	5,942453
1,878764	5,943431
1,544492	5,944736
1,669221	5,945062
1,838851	5,946366
1,655916	5,948975
1,988526	5,950931
1,742395	5,952888
1,813906	5,953866
1,707471	5,953866
1,991852	5,956475
1,690840	5,957453
1,752373	5,958105
1,724101	5,961366
1,777319	5,962997
1,795612	5,963975
1,522872	5,964627
1,602699	5,966258
1,793949	5,966910
1,286720	5,968540
1,815569	5,970823
1,760688	5,971149
1,675873	5,974736
1,915351	5,976692
1,915351	5,977019
1,995178	5,978649
1,945286	5,979953
1,895395	5,981258
1,845504	5,983540
1,893732	5,983540
1,880427	5,984845
1,749047	5,986475
1,785634	5,987779
1,853819	5,990062
1,707471	5,991366
2,089971	5,993649
1,870449	5,994627
1,737405	5,997236
1,742395	5,998540
1,783971	5,999519
1,867123	6,000823
1,817232	6,002127
1,775656	6,003432
1,913688	6,003432
1,652590	6,005388
1,572764	6,007019
1,988526	6,008323
1,802264	6,010279
1,619329	6,012236
1,720775	6,012562
1,537840	6,015171
1,644275	6,016801
1,765677	6,017453
1,778982	6,019736
1,797275	6,020714
1,739069	6,021366
1,620992	6,024301
1,662568	6,026584
1,601036	6,027236
1,620992	6,028214
1,785634	6,029193
1,634297	6,030823
1,782308	6,033432
1,882091	6,033758
1,777319	6,035062
1,953602	6,037019
1,812243	6,038975
1,807253	6,039301
1,735742	6,040279
1,773992	6,042562
1,602699	6,043540
1,584405	6,044845
1,627644	6,045497
1,710797	6,047780
1,557796	6,049410
1,734079	6,051366
1,903710	6,052019
1,709134	6,053649
1,715786	6,055606
1,529525	6,056584
1,514557	6,059193
1,695829	6,061149
1,677536	6,062780
1,882091	6,064410
1,662568	6,065388
1,654253	6,067019
1,735742	6,066693
1,807253	6,069627
1,855482	6,068323
1,561123	6,070932
1,647601	6,073214
1,672547	6,074193
1,985199	6,076475
1,645938	6,078432
1,913688	6,080062
1,672547	6,081693
1,654253	6,082019
1,820558	6,083323
1,772329	6,083975
1,650927	6,086584
1,724101	6,087562
1,838851	6,090171
1,765677	6,090171
1,737405	6,090497
1,704145	6,094410
1,640949	6,095714
1,800601	6,096040
1,556133	6,098649
1,679199	6,100280
1,637623	6,101910
1,740732	6,103540
1,619329	6,104193
1,908699	6,104193
1,724101	6,105497
1,720775	6,107780
1,694166	6,111693
1,629307	6,111693
1,516220	6,112997
1,517883	6,113649
1,672547	6,116910
1,735742	6,119193
1,813906	6,119193
1,667558	6,119193
1,908699	6,120823
1,782308	6,123758
1,938634	6,125388
1,670884	6,126367
1,682525	6,127019
1,567775	6,129301
1,767340	6,131258
1,892069	6,131258
1,745721	6,132562
1,739069	6,135497
1,463003	6,135171
1,487948	6,137454
1,788960	6,139084
1,489612	6,141041
1,511231	6,142019
1,614340	6,142671
1,602699	6,145280
1,722438	6,146258
1,534514	6,147236
1,429742	6,148867
1,719112	6,151801
1,734079	6,151801
1,685851	6,153758
1,951938	6,155714
1,762351	6,157019
1,606025	6,157345
1,867123	6,160932
1,644275	6,160932
1,783971	6,162562
1,917015	6,165171
1,584405	6,165823
1,843840	6,165823
1,592720	6,168758
1,489612	6,170715
1,709134	6,171041
1,428079	6,172345
1,556133	6,174954
1,963580	6,174628
1,925330	6,177236
1,709134	6,179193
1,996841	6,179193
1,935308	6,182454
1,773992	6,182780
1,697492	6,184410
1,655916	6,187019
1,877101	6,186367
1,958591	6,189628
1,935308	6,191584
1,975221	6,190606
1,817232	6,193215
1,887080	6,195497
1,898721	6,195823
