2,474135	0,987878
2,494092	0,986574
2,680353	0,987878
2,602190	0,985922
2,219689	0,987878
2,430896	0,985922
2,242972	0,986574
2,377678	0,986574
2,262928	0,987878
2,341091	0,991139
2,397635	0,990487
2,432559	0,993096
2,716940	0,994074
2,552298	0,995379
2,404287	0,997009
2,294526	0,997987
2,362711	1,001248
2,504070	1,000922
2,394309	1,004509
2,284548	1,003857
2,364374	1,007770
2,294526	1,006465
2,221352	1,009074
2,397635	1,011357
2,407613	1,012009
2,306167	1,014292
2,314483	1,013966
2,256276	1,016900
2,497418	1,018531
2,279559	1,019835
2,575581	1,022118
2,400961	1,021792
2,404287	1,025052
2,430896	1,024400
2,527353	1,027661
2,432559	1,027335
2,547309	1,030922
2,329450	1,030596
2,435885	1,033857
2,538994	1,034835
2,221352	1,036466
2,527353	1,038422
2,524027	1,038096
2,575581	1,041683
2,600527	1,039400
2,326124	1,043313
2,545646	1,044944
2,484113	1,045596
2,497418	1,049183
2,595538	1,046574
2,465820	1,050487
2,372689	1,053096
2,538994	1,053748
2,329450	1,055053
2,299515	1,058640
2,417592	1,057987
2,324461	1,059292
2,449189	1,061248
2,417592	1,061900
2,633788	1,063857
2,179776	1,067118
2,301178	1,066466
2,337765	1,068422
2,156493	1,069726
2,276233	1,072335
2,219689	1,072661
2,302841	1,074944
2,465820	1,074944
2,562277	1,078205
2,186428	1,077226
2,442537	1,081466
2,389320	1,080161
2,244635	1,082118
2,234656	1,083748
2,592211	1,085053
2,407613	1,088640
2,470809	1,089618
2,199732	1,090270
2,449189	1,092227
2,282885	1,095161
2,519037	1,096792
2,542320	1,096140
2,392646	1,097444
2,148178	1,100705
2,376015	1,101357
2,301178	1,101683
2,532342	1,101683
2,454179	1,106248
2,452516	1,108531
2,294526	1,109183
2,188091	1,109183
2,179776	1,111140
2,287874	1,113748
2,354396	1,115053
2,359385	1,116683
2,357722	1,117009
2,454179	1,117335
2,259602	1,120596
2,397635	1,123531
2,339428	1,123857
2,390983	1,123857
2,480787	1,125161
2,480787	1,126140
2,472472	1,130379
2,392646	1,131357
2,304504	1,132009
2,349407	1,132987
2,427570	1,133966
2,349407	1,135596
2,432559	1,139183
2,364374	1,140161
2,267917	1,142770
2,462494	1,143096
2,455842	1,143748
2,417592	1,144727
2,369363	1,145379
2,417592	1,147661
2,402624	1,148640
2,465820	1,151248
2,417592	1,153205
2,362711	1,155161
2,545646	1,157444
2,279559	1,158096
2,371026	1,158748
2,395972	1,160053
2,382668	1,161357
2,502407	1,162009
2,264591	1,163640
2,625472	1,165596
2,334439	1,167879
2,412602	1,168205
2,417592	1,171140
2,337765	1,173096
2,407613	1,174401
2,314483	1,176683
2,149841	1,177661
2,507396	1,178314
2,389320	1,179944
2,545646	1,181248
2,395972	1,181901
2,257939	1,183857
2,492429	1,184509
2,678690	1,186466
2,309494	1,187444
2,390983	1,189401
2,439211	1,190379
2,279559	1,192335
2,450852	1,193640
2,657070	1,195270
2,514048	1,195922
2,667049	1,197553
2,459168	1,199509
2,361048	1,202444
2,587222	1,203422
2,417592	1,204727
2,389320	1,206031
2,475798	1,207335
2,587222	1,210270
2,282885	1,210596
2,439211	1,212227
2,552298	1,213531
2,427570	1,213857
2,429233	1,215814
2,474135	1,217444
2,382668	1,219075
2,688668	1,219401
2,404287	1,222335
2,534005	1,223640
2,563940	1,224618
2,407613	1,224944
2,487440	1,227553
2,429233	1,228205
2,567266	1,229835
2,364374	1,231792
2,390983	1,233422
2,366037	1,235053
2,427570	1,237662
2,450852	1,238640
2,524027	1,240922
2,577244	1,241901
2,565603	1,243531
2,146515	1,244183
2,588885	1,246140
2,668712	1,246466
2,252950	1,248096
2,459168	1,249075
2,475798	1,250379
2,366037	1,251683
2,568929	1,253966
2,435885	1,256249
2,573918	1,257553
2,685342	1,259183
2,835016	1,261792
2,691994	1,262770
2,470809	1,264401
2,598864	1,265053
2,445863	1,266683
2,638777	1,267009
2,725255	1,267336
2,582233	1,269944
2,770157	1,270923
2,475798	1,273205
2,582233	1,275814
2,577244	1,277444
2,607179	1,278096
2,695320	1,279727
2,725255	1,280053
2,682016	1,281031
2,570592	1,283314
2,670375	1,284944
2,557287	1,287227
2,820049	1,289510
2,710288	1,289836
2,504070	1,290488
2,499081	1,291140
2,740223	1,293423
2,492429	1,295705
2,607179	1,298640
2,652081	1,299292
2,605516	1,299618
2,675364	1,300923
2,701973	1,301575
2,863288	1,303531
2,683679	1,307118
2,514048	1,308097
2,567266	1,307444
2,745212	1,309401
2,838342	1,311357
2,780136	1,313314
2,695320	1,315597
2,675364	1,316575
2,726918	1,317227
2,821712	1,317553
2,632125	1,319836
2,638777	1,323749
2,881582	1,325053
2,758516	1,324401
2,711951	1,324727
2,715277	1,327010
2,745212	1,330270
2,728581	1,331575
2,876592	1,331901
2,780136	1,332879
2,838342	1,333857
2,720266	1,335814
2,866614	1,339401
2,864951	1,339727
2,974712	1,340379
2,891560	1,341357
2,771820	1,344292
2,874929	1,345597
2,918169	1,346575
3,032919	1,347553
2,768494	1,350488
2,908190	1,352118
2,718603	1,353749
2,953093	1,353097
2,954756	1,354401
2,846658	1,358314
3,006310	1,360271
2,891560	1,359944
2,878255	1,360923
3,146006	1,363205
3,054538	1,365488
2,989680	1,366792
2,833353	1,367118
3,154321	1,368097
2,911516	1,371357
2,948103	1,372662
3,044560	1,372988
3,101104	1,375271
3,172615	1,376901
3,107756	1,377879
3,014625	1,377879
3,377169	1,380488
3,410430	1,382771
3,215854	1,382444
3,131039	1,385379
3,327278	1,387662
3,132702	1,388314
3,245789	1,388314
3,556779	1,390923
3,410430	1,393205
3,343909	1,393205
3,382159	1,395488
3,307322	1,398423
3,219180	1,399075
3,290691	1,399075
3,299006	1,402010
3,458659	1,403640
3,490257	1,403640
3,646583	1,405271
3,566757	1,407879
3,578398	1,408858
3,403778	1,410488
3,609996	1,412771
3,347235	1,413097
3,318963	1,414401
3,480278	1,416684
3,563431	1,417010
3,619974	1,418314
3,432050	1,420271
3,313974	1,421901
3,267408	1,422553
3,543474	1,424510
3,486931	1,427445
3,275724	1,427445
3,232484	1,429727
3,493583	1,431684
3,392137	1,431358
3,262419	1,433966
3,272398	1,435597
3,136028	1,435597
3,202550	1,438858
3,066180	1,439510
3,225832	1,439836
3,275724	1,442445
3,062854	1,444401
2,859962	1,444075
2,909853	1,447662
2,869940	1,448966
3,157647	1,448966
2,736897	1,452553
2,858299	1,452879
2,971386	1,453532
3,106093	1,456466
2,891560	1,457445
2,828364	1,457445
2,622146	1,461032
2,647092	1,460379
2,673701	1,462662
2,956419	1,465923
2,731907	1,465271
2,908190	1,467879
2,715277	1,469836
2,790114	1,469510
2,775147	1,472445
2,766831	1,473749
2,711951	1,474075
2,560614	1,477336
2,810071	1,477662
2,838342	1,478966
2,775147	1,481249
2,788451	1,482227
2,833353	1,483532
2,662059	1,486140
2,583896	1,485488
2,745212	1,488097
2,499081	1,489401
2,540657	1,489727
2,685342	1,492662
2,818386	1,494619
2,672038	1,493966
2,499081	1,495923
2,826701	1,499184
2,605516	1,499184
2,615494	1,500814
2,568929	1,502119
2,741886	1,503097
2,640440	1,506032
2,570592	1,507010
2,691994	1,507010
2,771820	1,510923
2,617157	1,510271
2,600527	1,512880
2,585559	1,514836
2,718603	1,515814
2,607179	1,517771
2,603853	1,519075
2,682016	1,519401
2,534005	1,522662
2,529016	1,522988
2,735233	1,523966
2,718603	1,526575
2,562277	1,527553
2,662059	1,528858
2,515711	1,530814
2,843332	1,531466
2,755190	1,533749
2,613831	1,536358
2,788451	1,535053
2,529016	1,537662
2,700309	1,539619
2,583896	1,539619
2,665386	1,543206
2,693657	1,544184
2,700309	1,544510
2,750201	1,547771
2,923158	1,548097
2,753527	1,549727
2,613831	1,552662
2,643766	1,551358
2,653744	1,553967
2,595538	1,555923
2,650418	1,556575
2,871603	1,559510
2,738560	1,559184
2,891560	1,561140
2,612168	1,563097
2,683679	1,563749
2,833353	1,566358
2,864951	1,567336
2,840005	1,567988
2,849984	1,571249
2,770157	1,571249
2,821712	1,572554
2,968060	1,576140
2,853310	1,575162
2,861625	1,578423
2,750201	1,578749
2,730244	1,579727
2,866614	1,582662
2,933136	1,582662
2,921495	1,584619
2,886571	1,586249
2,896549	1,586575
2,878255	1,590162
2,866614	1,589510
2,715277	1,593097
2,944777	1,593749
2,963071	1,594727
2,803418	1,597336
2,954756	1,597336
2,941451	1,599945
2,918169	1,600923
2,863288	1,601249
2,745212	1,604836
2,966397	1,604510
2,991343	1,606793
3,109419	1,609075
3,106093	1,608097
2,703636	1,611684
3,102767	1,612336
2,953093	1,614619
2,939788	1,616901
3,051212	1,616901
2,989680	1,619510
2,973049	1,619184
3,111082	1,621141
3,347235	1,624401
3,131039	1,623423
3,037908	1,626684
2,896549	1,627662
3,129376	1,627662
2,861625	1,630597
2,978038	1,630271
2,906527	1,632880
2,926484	1,635162
2,826701	1,635488
3,014625	1,638423
2,971386	1,638097
2,971386	1,640054
2,951430	1,643641
2,929810	1,641684
3,007973	1,645597
2,908190	1,645923
2,823375	1,647554
2,663722	1,650488
3,004647	1,650488
3,177604	1,652445
3,016288	1,654728
2,866614	1,654402
2,873266	1,657662
2,826701	1,657336
2,997995	1,659293
2,948103	1,661902
2,943114	1,661249
2,685342	1,664510
2,978038	1,665162
2,876592	1,667445
2,821712	1,669075
2,868277	1,669402
2,803418	1,671684
3,009636	1,672989
3,017951	1,673967
2,710288	1,675923
2,896549	1,675923
2,984690	1,678858
3,194234	1,680489
2,966397	1,680815
2,833353	1,684402
2,871603	1,684075
2,823375	1,686032
2,913179	1,688641
3,007973	1,687336
3,147669	1,691249
2,861625	1,692228
2,931473	1,692228
2,919832	1,695489
2,866614	1,695815
3,042897	1,696467
2,973049	1,699402
3,014625	1,701032
3,157647	1,701358
3,012962	1,705597
2,978038	1,704293
2,924821	1,705923
3,245789	1,708532
3,157647	1,708532
2,926484	1,712119
3,021277	1,712445
3,011299	1,713423
3,295680	1,716684
3,041234	1,716684
3,227495	1,718315
3,205876	1,720923
3,215854	1,719619
2,973049	1,723532
3,210865	1,724836
3,141017	1,725163
3,172615	1,728097
3,042897	1,727771
3,132702	1,730706
3,087799	1,731358
3,187582	1,732663
3,200887	1,735597
3,052875	1,734619
3,051212	1,737554
2,954756	1,739184
3,077821	1,739836
3,001321	1,742445
2,866614	1,742771
2,854973	1,743423
3,086136	1,747336
3,074495	1,746032
2,997995	1,749619
2,888234	1,750597
2,974712	1,750923
3,137691	1,754836
2,873266	1,754510
2,981364	1,756467
3,124386	1,758097
2,878255	1,759076
2,954756	1,760706
3,150995	1,762010
3,029593	1,763641
2,816723	1,766576
3,109419	1,765597
3,079484	1,767880
3,071169	1,770489
3,021277	1,768858
2,773484	1,773423
3,021277	1,774076
2,941451	1,775380
3,162636	1,777663
3,169289	1,777663
3,019614	1,779945
3,137691	1,782554
2,958082	1,782228
2,908190	1,784837
3,086136	1,786141
3,061191	1,786467
3,190908	1,789402
3,027930	1,789402
3,037908	1,791684
3,287365	1,793641
2,979701	1,794293
3,136028	1,796576
3,227495	1,795597
3,174278	1,798206
3,192571	1,800815
3,054538	1,801141
3,274061	1,804076
3,170952	1,803750
3,210865	1,806358
3,089462	1,808315
3,272398	1,808641
3,355550	1,810924
3,417083	1,812554
3,237474	1,812554
3,348898	1,815489
3,205876	1,815163
3,067843	1,819076
3,210865	1,819402
3,147669	1,820380
3,114408	1,824293
3,127712	1,823641
3,237474	1,824293
3,250778	1,827880
3,350561	1,826902
3,229158	1,828858
3,107756	1,832445
3,147669	1,832119
3,117734	1,835054
3,167626	1,835054
3,014625	1,836684
2,874929	1,838315
2,863288	1,839293
2,971386	1,841576
2,808408	1,843858
3,036245	1,843532
2,997995	1,847119
2,869940	1,847445
2,638777	1,847771
2,954756	1,851032
2,795103	1,851032
2,603853	1,853967
2,778473	1,855924
2,620483	1,855598
2,761842	1,857228
2,543983	1,859185
2,588885	1,860489
2,660396	1,863098
2,535668	1,863424
2,286211	1,864402
2,487440	1,867663
2,552298	1,866685
2,553961	1,868641
2,572255	1,870924
2,612168	1,870598
2,509059	1,873206
2,477461	1,875815
2,555624	1,875489
2,266254	1,878424
2,462494	1,880054
2,369363	1,880054
2,239646	1,883315
2,444200	1,883641
2,321135	1,884293
2,568929	1,887880
2,440874	1,887880
2,109928	1,889511
2,535668	1,892119
2,429233	1,892445
2,154830	1,895706
2,302841	1,896032
2,213037	1,897011
2,247961	1,899619
2,327787	1,899293
2,352733	1,902880
2,257939	1,902880
2,016797	1,903859
2,139863	1,906793
2,514048	1,906141
2,164808	1,908750
2,352733	1,910706
2,457505	1,911359
2,231330	1,914293
2,329450	1,913967
2,244635	1,916576
2,228004	1,918206
2,254613	1,918532
2,231330	1,921467
2,342754	1,923098
2,452516	1,922119
2,385994	1,925054
2,321135	1,927011
2,232993	1,927989
2,241309	1,930272
2,078330	1,930598
2,312820	1,932228
2,349407	1,935489
2,302841	1,934185
2,234656	1,936793
2,199732	1,939402
2,079993	1,938424
2,201395	1,941685
2,272906	1,943315
2,126558	1,942989
2,186428	1,946902
2,000167	1,946576
2,334439	1,947880
2,264591	1,950489
2,193080	1,950815
2,284548	1,952119
2,043406	1,955380
2,339428	1,955380
2,169798	1,956685
2,161482	1,960272
2,319472	1,959293
2,196406	1,961902
2,026776	1,964185
2,131548	1,963533
2,196406	1,966793
2,073341	1,967772
2,183102	1,968098
2,213037	1,971685
2,223015	1,971359
2,189754	1,973315
2,099950	1,976250
2,208048	1,975598
2,131548	1,977228
2,347744	1,979511
2,512385	1,979185
2,124895	1,982446
2,251287	1,983424
2,281222	1,984402
2,056710	1,987337
2,465820	1,986685
2,307830	1,989620
2,369363	1,991250
2,174787	1,990272
2,246298	1,995163
2,106602	1,994837
2,101613	1,996467
2,099950	1,999076
2,191417	1,998750
2,359385	2,001033
2,306167	2,003315
1,971895	2,003641
2,149841	2,006250
2,119906	2,006902
2,121569	2,007880
2,231330	2,011467
2,216363	2,011794
2,089971	2,012120
1,993515	2,015707
2,237983	2,015054
2,266254	2,016685
2,291200	2,020272
2,226341	2,019620
2,417592	2,021250
2,188091	2,024511
2,279559	2,024185
2,184765	2,026141
2,256276	2,028750
2,367700	2,028424
2,289537	2,030380
2,191417	2,032337
2,068352	2,033641
2,141526	2,034946
2,226341	2,037554
2,254613	2,037228
2,236319	2,038859
2,221352	2,040815
1,981873	2,042120
2,133211	2,042772
2,043406	2,046033
1,976884	2,047011
2,043406	2,047337
2,309494	2,049946
2,356059	2,052228
2,297852	2,052554
2,209711	2,054185
2,061700	2,055815
2,186428	2,056468
2,156493	2,058424
1,996841	2,061033
2,071678	2,061685
2,442537	2,061685
1,907036	2,063641
2,133211	2,065924
2,050058	2,065598
2,119906	2,067554
2,141526	2,071794
2,114917	2,071468
1,960254	2,071794
2,094961	2,075381
2,046732	2,076685
2,061700	2,076033
2,053384	2,078968
2,141526	2,081576
2,113254	2,081902
2,101613	2,081576
2,189754	2,084837
2,213037	2,087446
2,113254	2,087772
2,282885	2,089728
2,033428	2,091033
2,309494	2,092337
2,086645	2,092663
2,109928	2,095924
1,935308	2,097228
2,000167	2,097228
1,985199	2,099185
2,208048	2,102446
2,237983	2,102446
1,920341	2,102772
2,119906	2,106359
2,098287	2,107337
2,299515	2,107989
2,096624	2,109946
2,053384	2,112555
2,262928	2,112228
2,096624	2,112881
2,143189	2,115489
2,168135	2,117120
2,010145	2,119402
2,312820	2,119076
2,266254	2,121685
2,244635	2,123968
2,156493	2,123642
2,154830	2,125598
2,061700	2,128859
2,104939	2,129511
2,166472	2,129511
2,286211	2,133098
2,084982	2,133424
2,063363	2,133750
2,010145	2,136033
2,099950	2,137989
2,191417	2,138968
2,083319	2,138968
2,121569	2,142229
2,178113	2,144511
2,065026	2,144837
2,156493	2,145489
2,385994	2,148424
2,035091	2,149402
2,226341	2,149729
2,025113	2,151685
2,139863	2,155272
2,148178	2,155272
2,123232	2,156576
2,211374	2,158207
2,151504	2,160816
2,118243	2,161142
2,010145	2,161794
2,098287	2,164076
2,168135	2,166685
2,129884	2,166359
2,066689	2,167989
2,337765	2,169946
2,229667	2,171250
2,277896	2,172229
2,033428	2,174511
2,006819	2,176142
2,179776	2,176794
2,385994	2,178098
2,153167	2,180381
2,148178	2,181359
2,444200	2,182011
2,008482	2,185924
2,321135	2,186903
2,364374	2,186903
2,189754	2,189511
2,096624	2,191468
2,329450	2,191468
2,261265	2,193098
2,048395	2,195381
2,079993	2,196359
2,146515	2,197011
2,099950	2,198968
2,098287	2,201250
2,219689	2,201903
2,033428	2,202555
2,292863	2,205490
2,229667	2,206468
2,219689	2,207120
2,326124	2,210055
2,108265	2,212011
2,151504	2,211359
2,030102	2,212663
2,254613	2,216577
2,079993	2,217229
2,203059	2,217229
2,138200	2,220163
2,359385	2,221794
2,397635	2,221468
2,043406	2,224403
2,324461	2,226359
2,139863	2,227011
2,247961	2,227011
2,422581	2,231250
2,366037	2,231577
2,462494	2,231903
2,174787	2,233207
2,366037	2,237120
2,236319	2,237446
2,128221	2,237772
2,098287	2,240707
2,302841	2,242664
2,317809	2,242664
2,199732	2,243968
2,178113	2,246903
2,196406	2,246903
2,116580	2,248207
2,161482	2,251142
2,196406	2,252772
2,274570	2,253424
2,173124	2,254729
2,254613	2,257337
2,131548	2,257337
2,307830	2,258316
2,221352	2,261903
2,119906	2,262555
2,339428	2,262229
2,228004	2,265490
2,297852	2,268098
2,324461	2,266794
2,186428	2,268751
2,269580	2,271359
2,349407	2,272337
2,176450	2,272337
2,287874	2,275598
2,236319	2,278207
2,208048	2,278533
2,371026	2,279185
2,208048	2,281794
2,492429	2,283098
2,314483	2,284403
2,178113	2,284729
2,231330	2,287664
2,412602	2,288968
2,296189	2,289620
2,512385	2,290924
2,505733	2,292881
2,148178	2,295490
2,251287	2,295816
2,297852	2,295816
2,269580	2,299077
2,316146	2,301685
2,181439	2,302990
2,366037	2,301359
2,055047	2,303642
2,289537	2,304620
2,377678	2,306903
2,444200	2,309511
2,198069	2,308859
2,445863	2,311468
2,229667	2,314403
2,392646	2,315707
2,336102	2,316033
2,237983	2,317011
2,329450	2,318968
2,193080	2,321577
2,400961	2,322555
2,520700	2,323859
2,301178	2,324185
2,156493	2,325164
2,321135	2,327772
2,241309	2,331033
2,341091	2,331359
2,351070	2,332012
2,183102	2,332990
2,454179	2,335598
2,241309	2,337881
2,417592	2,338207
2,429233	2,339185
2,339428	2,340816
2,359385	2,344403
2,312820	2,345055
2,221352	2,346359
2,440874	2,346359
2,474135	2,347664
2,504070	2,349294
2,161482	2,352555
2,216363	2,353859
2,495755	2,354185
2,016797	2,354838
2,184765	2,357446
2,292863	2,359403
2,400961	2,361359
2,371026	2,362338
2,449189	2,362664
2,307830	2,363968
2,439211	2,366251
2,449189	2,368207
2,331113	2,370164
2,314483	2,370816
2,319472	2,371142
2,467483	2,372446
2,384331	2,374729
2,211374	2,376686
2,301178	2,378968
2,326124	2,380599
2,239646	2,380599
2,432559	2,382555
2,477461	2,382555
2,239646	2,384838
2,465820	2,387120
2,514048	2,388751
2,447526	2,390055
2,524027	2,391686
2,372689	2,392664
2,390983	2,392990
2,395972	2,393968
2,307830	2,396577
2,510722	2,398533
2,547309	2,400816
2,555624	2,402446
2,494092	2,403425
2,457505	2,404077
2,527353	2,406033
2,537331	2,406686
2,580570	2,407664
2,400961	2,408642
2,494092	2,410925
2,377678	2,413859
2,499081	2,416142
2,452516	2,416794
2,618820	2,418425
2,643766	2,418751
2,548972	2,420707
2,610505	2,421033
2,351070	2,422012
2,663722	2,423316
2,543983	2,425599
2,690331	2,427881
2,580570	2,429186
2,359385	2,431468
2,675364	2,433751
2,583896	2,433425
2,728581	2,435707
2,593875	2,436360
2,480787	2,437664
2,625472	2,438642
2,595538	2,439947
2,652081	2,441251
2,555624	2,443533
2,442537	2,445164
2,613831	2,448099
2,545646	2,449077
2,590548	2,451033
2,492429	2,451360
2,625472	2,452664
2,490766	2,453316
2,655407	2,454947
2,613831	2,455599
2,648755	2,456903
2,638777	2,459512
2,778473	2,460490
2,660396	2,462447
2,711951	2,463425
2,657070	2,466034
2,548972	2,467012
2,823375	2,468316
2,519037	2,470599
2,888234	2,471903
2,801755	2,473207
2,638777	2,474838
2,578907	2,477447
2,878255	2,478099
2,781799	2,480707
2,808408	2,481034
2,662059	2,482990
2,642103	2,484620
2,909853	2,485925
3,007973	2,486903
2,718603	2,488207
2,701973	2,489838
2,811734	2,491142
2,981364	2,491794
2,648755	2,493751
2,844995	2,495381
2,667049	2,496034
2,943114	2,498316
2,903201	2,499294
2,999658	2,501251
2,911516	2,502881
3,006310	2,504512
2,823375	2,505490
2,866614	2,507773
2,683679	2,509729
2,816723	2,510381
2,991343	2,512338
2,968060	2,513642
2,983027	2,515273
2,753527	2,515925
2,816723	2,517555
3,059528	2,518208
2,771820	2,520164
3,207539	2,522121
2,835016	2,522447
2,828364	2,524403
3,149332	2,524403
2,886571	2,527664
3,001321	2,527012
3,079484	2,529294
2,888234	2,530273
2,835016	2,532229
3,051212	2,533860
3,054538	2,534838
3,016288	2,538099
3,190908	2,539403
3,004647	2,541034
3,152658	2,542664
3,079484	2,544295
3,272398	2,545925
3,092789	2,547229
3,237474	2,548534
3,310648	2,549512
3,172615	2,550490
3,159310	2,553425
3,204213	2,553099
3,121060	2,554403
3,260756	2,555055
3,027930	2,557338
3,285702	2,558642
3,184256	2,559621
3,111082	2,561903
3,294017	2,563860
3,132702	2,565490
3,190908	2,566795
3,360539	2,569403
3,277387	2,571034
3,245789	2,572338
3,290691	2,572990
3,500235	2,574295
3,318963	2,575273
3,362202	2,575925
3,290691	2,577882
3,432050	2,579186
3,437039	2,580816
3,558442	2,583751
3,343909	2,584403
3,520191	2,587012
3,453670	2,588316
3,433713	2,589947
3,624963	2,590273
3,393800	2,591251
3,535159	2,592882
3,545137	2,593208
3,626626	2,594838
3,671529	2,597121
3,728072	2,598751
3,613322	2,600382
3,972540	2,601686
3,753018	2,604295
3,804572	2,605925
3,653235	2,607229
3,867768	2,607229
3,809562	2,608860
3,676518	2,609838
3,812888	2,611795
3,744703	2,613425
4,020769	2,615708
3,937616	2,617664
3,957573	2,618969
4,049040	2,619295
3,911007	2,620273
4,138845	2,621577
4,220334	2,622556
3,995823	2,624512
3,886062	2,627773
4,002475	2,628425
3,934290	2,630382
4,368345	2,631686
4,306813	2,632338
4,256921	2,633643
4,281867	2,634295
4,365019	2,636903
4,381650	2,639186
4,424889	2,641469
4,389965	2,642447
4,514693	2,642121
4,419900	2,643751
4,404932	2,645056
4,506378	2,648643
4,669357	2,649621
4,551280	2,652556
4,888879	2,652230
4,692639	2,651577
4,772466	2,653860
4,877238	2,655816
4,870585	2,657773
4,752509	2,660382
4,624454	2,661360
4,767476	2,662012
4,825683	2,662012
4,882227	2,663643
5,086781	2,666577
5,011944	2,668208
5,008618	2,670490
4,754172	2,670817
5,111727	2,671143
5,218162	2,673099
5,259738	2,675382
5,317945	2,676686
5,391119	2,678317
5,294662	2,678317
5,278032	2,679947
5,264727	2,683534
5,500880	2,684838
5,312956	2,685490
5,401097	2,686469
5,610641	2,688099
5,648891	2,691034
5,620619	2,692338
5,791913	2,692338
5,871739	2,694295
5,592348	2,695599
5,845131	2,697230
5,961544	2,699186
5,865087	2,700164
6,031392	2,701795
5,826837	2,704404
5,936598	2,705382
6,186055	2,706686
6,272534	2,706360
6,282512	2,709621
6,413893	2,711577
6,568556	2,711904
6,387284	2,713208
6,503697	2,715817
6,558578	2,716469
6,661687	2,716795
6,560241	2,720056
6,889524	2,720056
7,158938	2,721686
7,099068	2,722012
6,778100	2,725599
7,017579	2,727882
7,200514	2,727556
7,222133	2,728208
7,262047	2,731469
7,400079	2,733099
7,616275	2,732773
7,548091	2,735056
7,486558	2,737664
7,827482	2,738317
7,765950	2,738969
7,943896	2,741578
7,988798	2,743534
8,175059	2,743860
8,073613	2,745491
7,997113	2,747447
8,296462	2,749404
8,570864	2,749404
8,552571	2,751360
8,712223	2,754295
8,831963	2,755273
9,076430	2,753643
9,157920	2,755599
8,996604	2,759512
9,246061	2,759186
9,460594	2,761795
9,414029	2,764730
9,660160	2,764404
9,886334	2,765382
9,979465	2,767012
10,139117	2,769621
10,192335	2,769621
10,099204	2,771251
10,315400	2,774186
10,618075	2,771251
10,574835	2,776795
10,902456	2,778425
11,150250	2,777447
11,258348	2,779404
11,461239	2,782665
11,652490	2,782665
11,797175	2,785273
12,018360	2,787230
12,098186	2,786578
12,071577	2,789512
12,605415	2,791143
12,582133	2,791795
12,956318	2,793752
13,102666	2,794730
13,202449	2,796034
13,483504	2,800273
13,586613	2,798969
13,779526	2,800925
14,000712	2,803534
13,852700	2,802556
13,982418	2,805817
14,117125	2,806469
14,715822	2,807447
14,938670	2,811034
14,842213	2,810382
15,168170	2,812991
15,372725	2,814947
15,194779	2,814947
15,628834	2,818208
15,475834	2,818860
15,761878	2,819839
15,573954	2,822773
15,721965	2,823099
16,066216	2,823752
15,948139	2,827012
15,996368	2,827012
16,172651	2,829621
16,094487	2,830273
16,051248	2,829295
15,966433	2,834512
16,119433	2,833534
15,803454	2,836469
15,675400	2,838426
15,919867	2,838752
15,708661	2,841360
15,158192	2,840382
15,151540	2,843643
14,576126	2,845926
14,860507	2,845273
14,532887	2,847230
14,102157	2,849186
13,834407	2,850817
13,135927	2,853752
12,681916	2,851469
12,464056	2,855708
11,928555	2,857013
11,760588	2,857991
11,103684	2,858643
10,890814	2,860273
10,508314	2,862230
9,941215	2,864513
9,849747	2,861904
9,557051	2,867773
9,299279	2,868099
9,019887	2,869078
8,778745	2,871360
8,597473	2,872665
8,066961	2,875926
7,992124	2,875600
7,950548	2,877556
7,747656	2,879186
7,498199	2,879186
7,415047	2,882121
7,065807	2,883100
6,783089	2,884404
6,859589	2,886360
6,388947	2,887013
6,423871	2,889947
6,452143	2,889295
6,493719	2,892556
6,299142	2,893534
6,033055	2,894187
6,142816	2,896795
5,608978	2,897773
5,766968	2,900056
5,667185	2,898426
5,535804	2,903643
5,460967	2,902665
5,434358	2,906252
5,214836	2,906252
5,357858	2,907882
5,144988	2,909513
5,106738	2,909839
4,875575	2,913100
4,855618	2,913752
4,958727	2,915382
4,797411	2,916360
4,794085	2,918643
4,642748	2,919621
4,797411	2,922230
4,537976	2,921904
4,542965	2,923860
4,556270	2,924839
4,479769	2,927447
4,384976	2,928100
4,235302	2,929404
4,296834	2,930708
4,197051	2,934295
4,315128	2,934621
4,208693	2,936578
4,054029	2,936904
4,217008	2,938208
4,062345	2,940491
3,990834	2,940491
4,142171	2,942774
4,012453	2,945056
3,852801	2,946361
3,992497	2,947013
3,826192	2,948969
3,829518	2,950926
3,784616	2,951904
3,959236	2,953208
3,743040	2,954513
3,839496	2,956469
3,711442	2,958100
3,899366	2,958426
3,643257	2,961034
3,822866	2,962013
3,782953	2,962991
3,784616	2,965600
3,866105	2,966904
3,681507	2,967556
3,797920	2,969187
3,565094	2,971143
3,724746	2,971469
3,654898	2,974078
3,734725	2,975382
3,679844	2,978317
3,842823	2,977665
3,681507	2,979621
3,561768	2,980926
3,626626	2,983534
3,671529	2,983534
3,641594	2,987121
3,631616	2,986143
3,659887	2,989730
3,816214	2,988426
3,701464	2,992665
3,806236	2,992339
3,643257	2,994948
3,581724	2,995274
3,506887	2,997882
3,641594	2,998208
3,663214	3,001143
3,872757	3,002448
3,633279	3,002774
3,781290	3,005382
3,714768	3,005382
3,748029	3,008317
3,769648	3,008317
3,824529	3,010600
3,822866	3,011252
3,767985	3,013861
3,869431	3,014839
3,779627	3,015491
3,734725	3,018426
3,906018	3,017774
3,743040	3,021687
3,651572	3,021687
3,867768	3,024295
3,841160	3,025926
3,826192	3,025600
3,852801	3,028208
3,817877	3,029187
3,834507	3,031143
3,756344	3,032448
3,769648	3,033752
3,782953	3,036361
3,743040	3,037013
3,664877	3,038969
3,609996	3,040600
3,812888	3,040600
3,867768	3,044187
3,977529	3,043861
3,862779	3,045817
3,791268	3,048100
3,595029	3,047774
3,822866	3,050709
3,703127	3,053317
3,583387	3,052013
3,410430	3,054948
3,686496	3,055926
3,505224	3,056904
3,415420	3,059513
3,463648	3,060491
3,317300	3,060817
3,323952	3,064730
3,513539	3,065382
3,299006	3,065709
3,551789	3,067991
3,323952	3,069622
3,092789	3,069622
3,413757	3,072230
3,363865	3,074839
3,099441	3,073535
3,147669	3,076143
3,089462	3,079078
3,264082	3,078752
3,170952	3,080709
2,899875	3,082665
3,122723	3,083317
3,051212	3,084296
3,092789	3,087883
3,091125	3,088209
3,172615	3,088535
3,170952	3,091143
3,081147	3,093426
3,101104	3,093100
2,971386	3,095709
3,041234	3,097665
2,914843	3,097991
3,150995	3,098970
3,001321	3,102230
2,944777	3,103535
3,052875	3,103209
3,066180	3,106143
3,046223	3,108100
2,884908	3,108752
2,923158	3,109404
3,111082	3,112991
3,032919	3,112991
2,988017	3,113643
3,134365	3,115926
3,011299	3,118861
3,210865	3,118535
3,009636	3,119187
3,184256	3,122122
2,973049	3,124404
3,172615	3,125383
2,899875	3,126035
3,051212	3,127665
3,112745	3,129948
3,021277	3,130926
3,094452	3,131904
3,002984	3,132883
2,901538	3,135165
3,124386	3,137448
3,081147	3,138100
3,157647	3,138752
2,979701	3,140057
3,066180	3,142339
3,257430	3,144622
3,037908	3,146252
3,284039	3,146578
3,157647	3,146904
3,370517	3,149839
3,119397	3,151796
3,062854	3,153100
3,447017	3,153426
3,112745	3,155383
3,485268	3,156687
3,390474	3,158317
3,217517	3,160926
3,282376	3,161578
3,257430	3,162557
3,299006	3,164187
3,217517	3,165165
3,453670	3,167774
3,180930	3,169404
3,679844	3,170057
3,295680	3,171361
3,563431	3,172339
3,591703	3,173317
3,380496	3,175274
3,583387	3,179187
3,605007	3,179839
3,694811	3,180491
3,503561	3,181144
3,728072	3,182774
3,656561	3,185383
3,633279	3,187665
3,684833	3,188644
3,922649	3,188970
3,646583	3,190274
3,964225	3,191252
3,743040	3,193209
4,009127	3,196144
3,743040	3,197448
4,115562	3,198752
3,957573	3,199078
3,914334	3,200057
3,925975	3,201687
4,078975	3,203644
4,157138	3,205926
3,967551	3,207883
4,105584	3,209513
4,047377	3,211144
4,137182	3,212122
4,306813	3,212774
4,301823	3,213752
4,175432	3,215057
4,296834	3,215709
4,268562	3,217991
4,217008	3,219948
4,290182	3,221578
4,358367	3,222883
4,423226	3,225165
4,308476	3,227122
4,574563	3,228100
4,552943	3,228100
4,671020	3,228752
4,606161	3,231361
4,577889	3,232339
4,376661	3,234296
4,629444	3,235274
4,393291	3,237557
4,409921	3,239839
4,389965	3,241796
4,542965	3,242448
4,386639	3,244731
4,481432	3,244405
4,251932	3,245383
4,386639	3,247013
4,266899	3,247992
4,350052	3,249948
4,152149	3,252557
4,195388	3,252883
4,102258	3,255492
4,070660	3,257448
3,964225	3,258426
3,942605	3,260057
3,862779	3,261361
3,867768	3,263318
3,706453	3,265274
3,541811	3,266905
3,626626	3,268209
3,476952	3,268861
3,453670	3,270165
3,353887	3,272122
3,486931	3,272448
3,057865	3,274079
3,149332	3,276035
2,944777	3,277013
2,944777	3,278318
2,991343	3,278970
2,963071	3,281252
2,901538	3,282557
3,097778	3,283861
2,914843	3,285166
2,909853	3,287122
2,765168	3,288752
2,698646	3,290057
2,790114	3,291361
2,542320	3,292339
2,746875	3,293970
2,622146	3,295600
2,836679	3,296579
2,690331	3,299187
2,788451	3,299839
2,525690	3,301796
2,540657	3,303426
2,761842	3,305057
2,701973	3,306035
2,548972	3,307992
2,326124	3,309948
2,404287	3,311253
2,412602	3,311905
2,381005	3,314839
2,567266	3,315818
2,510722	3,315818
2,530679	3,319079
2,349407	3,320383
2,252950	3,322013
2,332776	3,323318
2,430896	3,324296
2,407613	3,325274
2,334439	3,326905
2,352733	3,328535
2,201395	3,328209
2,385994	3,327883
2,400961	3,329840
2,344418	3,331796
2,417592	3,335057
2,415929	3,336035
2,286211	3,337992
2,257939	3,339622
2,053384	3,340926
2,138200	3,342557
2,294526	3,344513
2,237983	3,343861
2,169798	3,349079
2,247961	3,349405
2,038417	3,351361
1,996841	3,352340
2,236319	3,352666
2,158156	3,354948
2,048395	3,356579
1,817232	3,357231
2,121569	3,357883
2,231330	3,360166
2,099950	3,361796
2,018460	3,363427
2,271243	3,365057
2,183102	3,366035
2,159819	3,367666
2,223015	3,369622
1,860471	3,368970
2,021786	3,372231
2,020123	3,372231
2,123232	3,374840
2,146515	3,376470
2,103276	3,376144
2,040080	3,378427
2,171461	3,380709
1,855482	3,382992
1,960254	3,384948
2,247961	3,384296
2,094961	3,387231
2,043406	3,388535
2,104939	3,389187
2,046732	3,389187
1,928656	3,390818
2,213037	3,393101
2,209711	3,395057
2,106602	3,397666
2,094961	3,399622
2,134874	3,400927
2,128221	3,400601
2,196406	3,402557
2,028439	3,404187
2,114917	3,405492
2,089971	3,406796
1,953602	3,408101
1,925330	3,409731
2,048395	3,412014
2,025113	3,414622
2,151504	3,415274
1,963580	3,416579
1,798938	3,417231
2,020123	3,418861
2,088308	3,419840
2,073341	3,421796
2,106602	3,423753
1,950275	3,425383
1,956928	3,427014
1,798938	3,427340
1,837188	3,428318
2,158156	3,430601
2,083319	3,432557
2,079993	3,434514
1,913688	3,435818
1,960254	3,436144
1,888743	3,436796
1,843840	3,440057
2,114917	3,441688
2,025113	3,442992
2,006819	3,443318
1,823884	3,445275
2,038417	3,447883
2,040080	3,449188
1,897058	3,450492
1,893732	3,450492
2,063363	3,451796
2,158156	3,454405
2,103276	3,456688
2,031765	3,457014
1,853819	3,457992
2,083319	3,459622
2,128221	3,462883
2,010145	3,462883
2,043406	3,463209
1,986862	3,465492
2,033428	3,467775
2,106602	3,469079
1,955265	3,469405
2,026776	3,472014
2,084982	3,473644
2,119906	3,475275
2,055047	3,474948
2,156493	3,477557
1,888743	3,479188
1,988526	3,481144
2,075004	3,482122
1,940297	3,482775
2,156493	3,485057
1,888743	3,487666
2,068352	3,487992
1,953602	3,488970
2,277896	3,490927
2,021786	3,493209
2,060037	3,492557
2,016797	3,495492
2,086645	3,497775
2,168135	3,498101
1,923667	3,498753
2,129884	3,501035
2,108265	3,503318
2,040080	3,503318
2,133211	3,504296
2,223015	3,508209
2,006819	3,508862
2,232993	3,508862
2,196406	3,511144
2,003493	3,514079
2,252950	3,513427
2,073341	3,514405
1,980210	3,518318
2,015134	3,517340
1,928656	3,519622
2,131548	3,521905
2,242972	3,523536
2,056710	3,523862
2,108265	3,527122
2,096624	3,527775
2,113254	3,528101
2,021786	3,531362
2,126558	3,532014
2,336102	3,532014
2,228004	3,535601
1,991852	3,535601
2,055047	3,537557
2,154830	3,540492
2,136537	3,540492
2,114917	3,542123
2,163145	3,544405
2,031765	3,544405
2,016797	3,546036
2,163145	3,548970
2,166472	3,547992
2,168135	3,550601
2,184765	3,552231
1,986862	3,551579
2,103276	3,555818
2,119906	3,557449
2,121569	3,556796
2,218026	3,560383
2,133211	3,560710
2,336102	3,562014
2,126558	3,564296
2,068352	3,565927
1,908699	3,567231
1,767340	3,568536
2,036754	3,568862
2,094961	3,572449
1,917015	3,573101
2,121569	3,575057
2,045069	3,575710
2,161482	3,577340
2,093297	3,579623
2,035091	3,579297
2,228004	3,582231
2,239646	3,581253
2,088308	3,585492
2,266254	3,584840
2,311157	3,588101
2,312820	3,588753
2,362711	3,589731
2,169798	3,592666
2,267917	3,592014
2,043406	3,595601
2,113254	3,595275
2,364374	3,598862
1,988526	3,598862
2,191417	3,600818
2,104939	3,602123
2,158156	3,604079
2,276233	3,605384
2,035091	3,605384
2,301178	3,608318
2,119906	3,608970
2,156493	3,611579
2,043406	3,612231
2,252950	3,614514
2,226341	3,614188
2,023449	3,617449
2,487440	3,617449
2,131548	3,620384
2,199732	3,620710
2,041743	3,623318
2,359385	3,623644
2,101613	3,626579
2,099950	3,626253
2,211374	3,629840
1,981873	3,628862
2,296189	3,632449
2,299515	3,631797
2,124895	3,635710
2,154830	3,635710
2,048395	3,636688
2,287874	3,638644
2,046732	3,640601
2,114917	3,641579
2,254613	3,642884
2,051721	3,645166
2,159819	3,645492
2,469146	3,647123
2,079993	3,648753
2,254613	3,650710
2,171461	3,651688
2,281222	3,653318
2,213037	3,654623
2,158156	3,656253
2,213037	3,658210
2,176450	3,658210
2,264591	3,660492
2,056710	3,661797
2,101613	3,663427
2,341091	3,664079
2,149841	3,666362
2,228004	3,667992
2,389320	3,668645
2,146515	3,671253
2,331113	3,670927
2,073341	3,674188
2,178113	3,674840
2,332776	3,676471
2,302841	3,679405
2,429233	3,677775
2,063363	3,680710
2,146515	3,682340
2,116580	3,683318
2,199732	3,685601
2,221352	3,686253
2,213037	3,689188
2,261265	3,690492
2,169798	3,690818
2,239646	3,693427
2,169798	3,694079
2,188091	3,695710
2,168135	3,698318
2,176450	3,698318
2,194743	3,700927
2,119906	3,701579
2,232993	3,701905
2,144852	3,706145
2,035091	3,705818
2,287874	3,706471
1,970232	3,710058
2,319472	3,710058
2,161482	3,712014
2,116580	3,713645
2,086645	3,714623
2,033428	3,716579
2,321135	3,718210
2,276233	3,719188
2,078330	3,720819
2,219689	3,722123
2,199732	3,723101
2,174787	3,725384
2,139863	3,726688
2,164808	3,727014
2,214700	3,729949
2,218026	3,730927
2,191417	3,731579
2,344418	3,735166
2,078330	3,734840
2,184765	3,736797
2,213037	3,739079
1,956928	3,739079
1,837188	3,740058
2,297852	3,743319
2,189754	3,744623
2,274570	3,745601
2,236319	3,747232
2,061700	3,747884
2,246298	3,749188
2,101613	3,752449
2,158156	3,752775
2,073341	3,753427
2,153167	3,756036
2,153167	3,757993
2,133211	3,757666
2,136537	3,759949
2,282885	3,761906
2,176450	3,762884
2,113254	3,764514
2,040080	3,767123
2,093297	3,767123
2,106602	3,768427
2,164808	3,771688
2,109928	3,771036
2,023449	3,771362
2,124895	3,775275
2,071678	3,776253
2,098287	3,776253
2,218026	3,779188
2,161482	3,781145
2,126558	3,781471
2,316146	3,782775
2,173124	3,785058
2,169798	3,786688
2,374352	3,787340
2,289537	3,789297
2,178113	3,790927
2,213037	3,791580
2,372689	3,793210
2,371026	3,794188
2,161482	3,798427
2,237983	3,798427
2,196406	3,798427
2,246298	3,802014
2,249624	3,803645
2,055047	3,803319
2,076667	3,805927
2,071678	3,807232
2,108265	3,809840
2,036754	3,809514
2,121569	3,810167
2,106602	3,812123
2,281222	3,814406
2,121569	3,816688
1,946949	3,817340
2,146515	3,818319
2,339428	3,820927
1,956928	3,821906
2,221352	3,823210
2,021786	3,823536
2,104939	3,826471
2,159819	3,828101
2,021786	3,829080
1,823884	3,829732
2,121569	3,831362
2,006819	3,833319
2,081656	3,835927
1,910362	3,835927
2,164808	3,836580
1,850493	3,838536
2,163145	3,841145
1,807253	3,842123
2,158156	3,840167
1,810580	3,844080
2,010145	3,847014
1,953602	3,848645
2,219689	3,850275
2,101613	3,850927
1,978547	3,851254
2,292863	3,853210
1,880427	3,852884
2,109928	3,857775
2,050058	3,858427
1,870449	3,859406
2,123232	3,859406
1,892069	3,860710
1,965243	3,863971
2,038417	3,866254
2,013471	3,867232
2,129884	3,868862
2,161482	3,866254
2,026776	3,868862
1,936971	3,871471
2,327787	3,874406
2,153167	3,876362
1,948612	3,878319
2,020123	3,879297
2,056710	3,877993
2,031765	3,880928
2,083319	3,881906
1,817232	3,883862
2,261265	3,886145
1,862134	3,888754
1,946949	3,890710
1,832199	3,891036
2,169798	3,891036
1,868786	3,892015
1,912025	3,893971
2,119906	3,894949
2,026776	3,897232
2,296189	3,898210
2,068352	3,901145
2,161482	3,902775
2,018460	3,904406
2,060037	3,905384
1,882091	3,906036
1,965243	3,907015
1,885417	3,907993
1,838851	3,909623
1,970232	3,911254
2,173124	3,914188
2,013471	3,915819
2,051721	3,917449
2,214700	3,919406
2,023449	3,920384
1,928656	3,921688
1,873775	3,923319
2,086645	3,923971
1,863797	3,924623
2,086645	3,926580
1,986862	3,927884
2,020123	3,929841
2,013471	3,931471
2,015134	3,932449
2,040080	3,931471
2,089971	3,933102
2,088308	3,936689
1,935308	3,937993
1,951938	3,940275
1,958591	3,941906
2,113254	3,942884
2,154830	3,945493
2,076667	3,947449
2,065026	3,948102
2,203059	3,950058
1,898721	3,951362
1,985199	3,951362
2,060037	3,953645
1,960254	3,955275
2,063363	3,955602
2,161482	3,957558
2,116580	3,959515
2,385994	3,961797
2,040080	3,963754
2,256276	3,965710
2,151504	3,967667
1,955265	3,968645
2,021786	3,969623
2,178113	3,971580
2,153167	3,973862
2,199732	3,972232
1,991852	3,976145
2,214700	3,977449
2,146515	3,978428
2,051721	3,980384
2,065026	3,981689
2,203059	3,982667
2,020123	3,984297
2,051721	3,984949
2,073341	3,985928
2,129884	3,987884
2,166472	3,989515
2,119906	3,988536
1,978547	3,990493
2,228004	3,993754
2,101613	3,994732
2,094961	3,996363
2,138200	3,997667
2,232993	3,999297
2,035091	4,002884
1,960254	4,004189
2,337765	4,005167
2,218026	4,006471
2,414265	4,006797
2,124895	4,008754
2,287874	4,010058
2,129884	4,011036
2,079993	4,012015
2,400961	4,014623
2,272906	4,015928
2,139863	4,015602
2,089971	4,019841
2,025113	4,021145
2,294526	4,022450
2,000167	4,024406
2,178113	4,024406
2,168135	4,024732
2,116580	4,026036
2,252950	4,026689
2,096624	4,030928
2,178113	4,033537
2,326124	4,034841
2,311157	4,035493
2,091634	4,036797
2,294526	4,036797
2,279559	4,039406
2,066689	4,040058
2,154830	4,042667
2,479124	4,045276
2,076667	4,046254
2,259602	4,046906
2,424244	4,047558
2,146515	4,048863
2,264591	4,051797
2,442537	4,052776
2,109928	4,055058
2,121569	4,056363
2,311157	4,056363
2,337765	4,058645
2,209711	4,056363
2,118243	4,061906
2,311157	4,063210
2,434222	4,065167
2,232993	4,065167
2,208048	4,066471
2,439211	4,067450
2,252950	4,070058
2,379341	4,072667
2,084982	4,073971
2,094961	4,074297
2,247961	4,074624
2,389320	4,077232
2,420918	4,079189
2,119906	4,082124
2,261265	4,082776
2,086645	4,083428
2,354396	4,085058
2,339428	4,086363
2,005156	4,088971
2,299515	4,088971
2,382668	4,089950
2,266254	4,092558
2,109928	4,094841
2,068352	4,094841
2,337765	4,095819
2,148178	4,098754
2,244635	4,101363
2,211374	4,100711
2,184765	4,100058
2,381005	4,102993
2,387657	4,106580
2,168135	4,107232
1,970232	4,107558
2,279559	4,109841
2,096624	4,112124
2,332776	4,112450
2,329450	4,112124
2,141526	4,116037
2,465820	4,116363
2,134874	4,118319
2,497418	4,120928
2,219689	4,121906
2,261265	4,122232
2,232993	4,124841
2,279559	4,126145
2,259602	4,126471
2,214700	4,129406
2,252950	4,130711
2,412602	4,130711
2,244635	4,133319
2,223015	4,135276
1,976884	4,134624
2,282885	4,138211
2,003493	4,139841
2,201395	4,139515
2,174787	4,142776
2,376015	4,143428
2,381005	4,144732
2,242972	4,147341
2,026776	4,147015
2,146515	4,148972
1,983536	4,150276
2,231330	4,152558
2,407613	4,154189
2,309494	4,154189
2,447526	4,156798
2,033428	4,158102
2,366037	4,159406
2,070015	4,162015
2,271243	4,161363
2,073341	4,164624
2,199732	4,162341
2,109928	4,165928
2,342754	4,168211
2,208048	4,168537
2,113254	4,171798
2,204722	4,173102
2,341091	4,174732
2,051721	4,176363
2,083319	4,177015
2,079993	4,178645
2,317809	4,179298
2,274570	4,181906
2,216363	4,182559
2,454179	4,184841
2,229667	4,186146
2,138200	4,186798
2,234656	4,189406
2,286211	4,190059
2,124895	4,191363
2,209711	4,194298
2,010145	4,193972
2,277896	4,196906
2,252950	4,196580
2,279559	4,200167
2,149841	4,199515
2,083319	4,202450
2,038417	4,203428
2,271243	4,205059
2,146515	4,207015
2,339428	4,207667
2,269580	4,210276
2,405950	4,209624
2,321135	4,212233
2,204722	4,212885
2,214700	4,215493
2,174787	4,215493
2,211374	4,219080
2,292863	4,217776
2,412602	4,222015
2,361048	4,222667
2,252950	4,225276
2,379341	4,224624
2,199732	4,227885
2,214700	4,227885
2,252950	4,229841
2,183102	4,231146
2,364374	4,232450
2,362711	4,233754
2,223015	4,236689
2,341091	4,236689
2,099950	4,239624
2,237983	4,239950
2,332776	4,241580
2,066689	4,244189
2,229667	4,243863
2,331113	4,246472
2,234656	4,247124
2,159819	4,249733
2,262928	4,249406
2,035091	4,252993
2,028439	4,252341
2,226341	4,256580
2,055047	4,255276
2,075004	4,257885
2,385994	4,259189
2,464157	4,260493
2,394309	4,263102
2,189754	4,263428
2,088308	4,266037
2,347744	4,265711
2,149841	4,268646
2,174787	4,268972
2,382668	4,271254
2,141526	4,272233
2,008482	4,274189
2,179776	4,276146
2,188091	4,275493
2,226341	4,278754
2,156493	4,278754
2,317809	4,281037
2,000167	4,283646
2,023449	4,283320
2,322798	4,285928
2,171461	4,287233
2,366037	4,287233
2,138200	4,290494
2,088308	4,291472
2,371026	4,292124
2,199732	4,296363
2,126558	4,295059
2,228004	4,297994
2,149841	4,298972
2,228004	4,298972
2,128221	4,302233
2,266254	4,303537
2,359385	4,303537
2,149841	4,306472
2,319472	4,308102
1,830536	4,308102
2,114917	4,310059
2,144852	4,313646
2,266254	4,313646
2,011808	4,313972
2,452516	4,316907
2,134874	4,317885
2,199732	4,318537
2,056710	4,321472
2,221352	4,322124
2,083319	4,322124
2,126558	4,325711
2,241309	4,327015
2,327787	4,327994
2,041743	4,329624
2,136537	4,331907
2,023449	4,332233
2,317809	4,332559
2,287874	4,334841
2,281222	4,337450
2,246298	4,337776
2,196406	4,339081
2,128221	4,340711
2,254613	4,343646
2,163145	4,344950
2,374352	4,345276
2,128221	4,346255
2,111591	4,347559
2,287874	4,349841
2,286211	4,352124
2,199732	4,353102
2,292863	4,353102
2,154830	4,355385
2,158156	4,358320
2,294526	4,358972
2,089971	4,359624
2,103276	4,360928
2,096624	4,363863
2,099950	4,365494
2,193080	4,366146
2,266254	4,366798
1,971895	4,368755
2,242972	4,370385
2,221352	4,372668
2,346081	4,373320
2,234656	4,373320
2,287874	4,375602
2,189754	4,377885
2,184765	4,379842
2,218026	4,380820
2,379341	4,381472
2,341091	4,382776
2,434222	4,385059
2,189754	4,387668
2,113254	4,388646
2,121569	4,388972
2,221352	4,389624
2,226341	4,391581
2,223015	4,393863
2,329450	4,396146
2,103276	4,397124
2,306167	4,398429
2,287874	4,398102
2,232993	4,400385
2,322798	4,402015
2,214700	4,404298
2,400961	4,406255
2,352733	4,407885
2,114917	4,408537
2,218026	4,409842
2,241309	4,410494
2,359385	4,412776
2,359385	4,414081
2,364374	4,416037
2,324461	4,418320
2,311157	4,419624
2,482450	4,420276
2,427570	4,421255
2,339428	4,422885
2,485776	4,423863
2,314483	4,424189
2,405950	4,427124
2,327787	4,429081
2,444200	4,430385
2,454179	4,433320
2,146515	4,433972
2,361048	4,435603
2,374352	4,436581
2,299515	4,437233
2,447526	4,439516
2,362711	4,440494
2,266254	4,441146
2,279559	4,443103
2,379341	4,445059
2,510722	4,445385
2,452516	4,447668
2,439211	4,447994
2,301178	4,450929
2,339428	4,450929
2,356059	4,453863
2,404287	4,455168
2,442537	4,456146
2,294526	4,457450
2,540657	4,459733
2,470809	4,460059
2,226341	4,462016
2,510722	4,463646
2,537331	4,464950
2,314483	4,466581
2,291200	4,468537
2,183102	4,470494
2,319472	4,470168
2,362711	4,471798
2,366037	4,473755
2,241309	4,475059
2,505733	4,476690
2,282885	4,478320
2,284548	4,478972
2,407613	4,480277
2,359385	4,482233
2,199732	4,483537
2,156493	4,484842
2,257939	4,485820
2,286211	4,487777
2,452516	4,490385
2,138200	4,491363
2,354396	4,493972
2,334439	4,495277
2,400961	4,497233
2,284548	4,497885
2,079993	4,500168
2,264591	4,500820
2,154830	4,502124
2,414265	4,503429
2,282885	4,504733
2,164808	4,506037
2,206385	4,507668
2,336102	4,508320
2,256276	4,511581
2,191417	4,512559
2,148178	4,514842
2,114917	4,515820
2,417592	4,516798
2,274570	4,517777
2,164808	4,518103
2,060037	4,520059
2,199732	4,522016
2,231330	4,524298
2,279559	4,525929
2,259602	4,528211
2,271243	4,528864
2,196406	4,529516
2,286211	4,530494
2,402624	4,532124
2,296189	4,533103
2,023449	4,535711
2,256276	4,535711
2,063363	4,539298
2,116580	4,540603
2,219689	4,541255
2,312820	4,542885
2,485776	4,544516
2,382668	4,544842
2,194743	4,546146
2,041743	4,547777
2,055047	4,550059
1,880427	4,552016
2,043406	4,553646
2,070015	4,555603
2,163145	4,555929
2,143189	4,556581
2,206385	4,558211
2,301178	4,560168
2,146515	4,561472
2,237983	4,564407
2,164808	4,565059
2,189754	4,566364
2,138200	4,567342
1,983536	4,567994
2,070015	4,570603
2,088308	4,573211
2,342754	4,574190
2,103276	4,575168
2,232993	4,576146
2,166472	4,577777
2,141526	4,579733
2,079993	4,581690
2,148178	4,583320
2,247961	4,583320
1,973558	4,585277
2,099950	4,587233
2,219689	4,588864
2,108265	4,589842
1,892069	4,590494
2,058373	4,592125
2,028439	4,595385
1,918678	4,596038
1,988526	4,596690
2,287874	4,597668
2,269580	4,601255
2,164808	4,602233
2,096624	4,602233
2,189754	4,603538
2,050058	4,606146
2,121569	4,607125
2,114917	4,607777
2,056710	4,609081
2,089971	4,612668
2,374352	4,613320
2,058373	4,614625
2,129884	4,615603
1,971895	4,617885
2,129884	4,619842
2,176450	4,619842
2,119906	4,620494
2,119906	4,623755
2,228004	4,624733
2,143189	4,625059
2,005156	4,626690
2,076667	4,629625
2,053384	4,630277
2,060037	4,631581
1,985199	4,634842
2,161482	4,635494
2,252950	4,634842
2,001830	4,638429
2,314483	4,640712
2,194743	4,640059
2,206385	4,642016
2,204722	4,645277
2,181439	4,644625
2,151504	4,646907
2,116580	4,649190
2,106602	4,649842
2,302841	4,650820
2,239646	4,653755
2,109928	4,655059
2,191417	4,655712
2,083319	4,657668
2,173124	4,658646
2,159819	4,659299
2,294526	4,662886
2,241309	4,661907
2,023449	4,663538
2,073341	4,666799
2,144852	4,667125
2,133211	4,667777
2,041743	4,670712
2,003493	4,671690
2,094961	4,673973
2,126558	4,674951
2,075004	4,675929
2,056710	4,678212
2,000167	4,679516
2,231330	4,678864
2,316146	4,681799
2,060037	4,683103
2,119906	4,683755
2,262928	4,687668
2,232993	4,687016
2,111591	4,688973
2,359385	4,691581
2,146515	4,690603
1,712460	4,693212
1,917015	4,695168
1,936971	4,696473
1,695829	4,698429
1,900384	4,699407
2,018460	4,701364
1,980210	4,702994
1,995178	4,703320
2,086645	4,706255
1,930319	4,706255
1,950275	4,709516
2,088308	4,707886
2,164808	4,711473
1,966906	4,713429
2,124895	4,714733
1,970232	4,716038
2,218026	4,716690
2,131548	4,718973
2,121569	4,719951
1,877101	4,721907
1,908699	4,723538
2,208048	4,723864
2,281222	4,726473
1,900384	4,726799
2,086645	4,729734
2,035091	4,730060
2,008482	4,732342
1,872112	4,732994
1,787297	4,736581
2,153167	4,734951
2,121569	4,739190
2,050058	4,738212
2,030102	4,741473
2,086645	4,741473
2,317809	4,745060
2,123232	4,744734
1,960254	4,747016
2,020123	4,747016
2,352733	4,749625
2,053384	4,749951
2,013471	4,752234
2,094961	4,752886
2,023449	4,756473
2,094961	4,756147
2,081656	4,758429
2,221352	4,759407
2,030102	4,761364
2,173124	4,762016
2,174787	4,763321
1,922004	4,766255
2,061700	4,766907
1,961917	4,768864
2,006819	4,768538
1,915351	4,771799
2,028439	4,772777
2,106602	4,775060
1,783971	4,775712
1,898721	4,776690
2,126558	4,778647
2,181439	4,778973
2,129884	4,781908
1,928656	4,782560
2,043406	4,785494
2,098287	4,786799
2,094961	4,786799
2,000167	4,789734
2,139863	4,790060
1,895395	4,792342
1,835525	4,792668
2,103276	4,794299
1,807253	4,795929
2,050058	4,796581
1,913688	4,799842
2,050058	4,800821
1,872112	4,801799
2,068352	4,804408
2,028439	4,804408
2,216363	4,805386
2,203059	4,808973
2,106602	4,808321
2,176450	4,810603
2,091634	4,812560
2,023449	4,812886
2,035091	4,815495
1,938634	4,817451
2,124895	4,817777
2,138200	4,819081
2,063363	4,821364
1,931982	4,821690
2,148178	4,824625
1,903710	4,825277
1,880427	4,826255
1,983536	4,828864
2,008482	4,829842
2,216363	4,831147
2,164808	4,832451
2,000167	4,835060
1,990189	4,834082
1,649264	4,836690
2,146515	4,839951
1,923667	4,838973
1,976884	4,840277
2,114917	4,844190
1,975221	4,844516
2,221352	4,845169
1,878764	4,847125
2,086645	4,849408
2,198069	4,850712
1,868786	4,851364
2,066689	4,853973
2,071678	4,855277
1,971895	4,855929
2,168135	4,856908
2,141526	4,859190
1,898721	4,861147
1,930319	4,861147
2,213037	4,863429
2,234656	4,865712
2,163145	4,867016
1,727427	4,867016
2,114917	4,868973
1,995178	4,871582
1,734079	4,872234
2,141526	4,872560
1,785634	4,874842
2,106602	4,876799
1,936971	4,878756
2,051721	4,879082
2,061700	4,880712
1,960254	4,882669
1,923667	4,884299
1,780645	4,884625
1,842177	4,885603
1,912025	4,886256
1,913688	4,889843
1,955265	4,892451
1,963580	4,893429
2,191417	4,893756
2,015134	4,895060
2,081656	4,897016
1,990189	4,899951
1,867123	4,900277
1,837188	4,900929
1,936971	4,901256
1,828873	4,903864
1,902047	4,906799
2,143189	4,907777
1,978547	4,909082
1,840514	4,910712
1,903710	4,911690
2,083319	4,912995
2,099950	4,913321
2,119906	4,915930
2,184765	4,918212
1,828873	4,919843
1,976884	4,920821
2,050058	4,922125
1,888743	4,923103
1,729090	4,924082
1,926993	4,925386
1,950275	4,927016
2,048395	4,929625
1,938634	4,931582
2,121569	4,933212
1,709134	4,933212
1,875438	4,934843
1,966906	4,935495
1,797275	4,938103
1,860471	4,939408
1,802264	4,941690
2,156493	4,942995
2,025113	4,944625
2,031765	4,946256
1,918678	4,946908
1,936971	4,947560
1,822221	4,948538
2,045069	4,950495
1,986862	4,952125
1,996841	4,954734
2,056710	4,956690
1,936971	4,958647
1,925330	4,957995
1,863797	4,960277
2,118243	4,961908
2,058373	4,962560
2,041743	4,963538
2,053384	4,965169
2,026776	4,966147
2,124895	4,967777
2,099950	4,969734
2,153167	4,970386
2,026776	4,972017
2,045069	4,974299
2,076667	4,975277
1,955265	4,976908
1,875438	4,979191
2,106602	4,980169
2,075004	4,981147
2,099950	4,982777
1,857145	4,985712
1,948612	4,986691
1,965243	4,987017
2,073341	4,988647
2,036754	4,990930
2,060037	4,991908
1,810580	4,993864
2,023449	4,995495
1,913688	4,997125
2,181439	4,998104
1,917015	5,000712
1,938634	5,000060
1,910362	5,002343
1,912025	5,004299
1,862134	5,004951
1,973558	5,007234
1,975221	5,008538
1,995178	5,010169
1,941960	5,011799
1,988526	5,013430
2,146515	5,014734
1,867123	5,015712
2,176450	5,017343
2,073341	5,018973
1,971895	5,019951
1,973558	5,021908
1,936971	5,022886
2,013471	5,024517
2,091634	5,026147
1,948612	5,026799
2,046732	5,028756
1,830536	5,029408
1,905373	5,031365
1,777319	5,032343
2,191417	5,033647
2,103276	5,034625
2,078330	5,037234
1,995178	5,038212
1,976884	5,040495
1,930319	5,042451
2,001830	5,044082
2,156493	5,045712
1,978547	5,047669
1,980210	5,048647
1,981873	5,049299
1,935308	5,050930
1,973558	5,051582
1,998504	5,052886
2,018460	5,054191
2,181439	5,055169
2,094961	5,057452
2,008482	5,058756
2,015134	5,060712
2,174787	5,062995
1,923667	5,064952
2,119906	5,066582
2,232993	5,067886
1,920341	5,068212
2,331113	5,070495
1,913688	5,070821
2,058373	5,072125
2,071678	5,073430
1,955265	5,075386
2,231330	5,077017
2,199732	5,079952
1,970232	5,080930
2,046732	5,080930
2,063363	5,081582
2,018460	5,082886
2,036754	5,084843
2,030102	5,087452
2,226341	5,089408
2,194743	5,091039
1,882091	5,091365
2,139863	5,092669
2,040080	5,093973
2,232993	5,096256
1,983536	5,098539
1,948612	5,099191
2,188091	5,100821
2,256276	5,101147
1,958591	5,102778
1,960254	5,105060
2,023449	5,107343
2,168135	5,108647
2,018460	5,107995
2,099950	5,109952
2,198069	5,112560
2,134874	5,114191
2,096624	5,115495
2,169798	5,115495
2,198069	5,117126
2,154830	5,119408
1,930319	5,121691
2,133211	5,122343
2,036754	5,123321
1,978547	5,123973
1,892069	5,127234
2,045069	5,129517
1,956928	5,128539
1,980210	5,130495
2,051721	5,133104
2,173124	5,134734
2,301178	5,136365
1,912025	5,136365
2,056710	5,137995
2,151504	5,141256
2,048395	5,141908
1,976884	5,142886
2,198069	5,143539
2,104939	5,145821
2,242972	5,148104
2,005156	5,147452
2,098287	5,149734
2,008482	5,151691
2,015134	5,154626
1,938634	5,154952
1,842177	5,155604
1,983536	5,157560
2,119906	5,159843
2,129884	5,159843
1,933645	5,161800
2,003493	5,162778
2,055047	5,165060
2,096624	5,164734
2,356059	5,167995
1,880427	5,170278
2,124895	5,169300
2,126558	5,171582
1,950275	5,173865
2,084982	5,174517
1,885417	5,175495
1,887080	5,178756
1,747384	5,180387
2,179776	5,180387
1,943623	5,182669
2,053384	5,183647
2,121569	5,184626
2,013471	5,186256
2,018460	5,189191
2,031765	5,187887
2,051721	5,191147
2,138200	5,193104
2,096624	5,193104
1,873775	5,196365
2,139863	5,197669
2,043406	5,197343
2,045069	5,200604
2,099950	5,201908
2,048395	5,201582
2,143189	5,205495
1,960254	5,205495
2,008482	5,206800
2,129884	5,209082
2,194743	5,209734
2,158156	5,211039
1,887080	5,213974
2,214700	5,212995
2,176450	5,215930
2,021786	5,217887
1,907036	5,218213
1,958591	5,221147
2,302841	5,222126
1,995178	5,223430
2,226341	5,225713
2,119906	5,225387
2,141526	5,228648
1,985199	5,228321
2,286211	5,230930
1,996841	5,231582
2,156493	5,232887
1,963580	5,235821
2,141526	5,235821
2,246298	5,238104
2,021786	5,238430
2,252950	5,241691
2,138200	5,242343
1,931982	5,243648
2,040080	5,245930
2,066689	5,246256
2,050058	5,247887
2,154830	5,249191
2,226341	5,252126
2,071678	5,250821
2,203059	5,254082
2,169798	5,255713
2,148178	5,257017
2,286211	5,258321
2,028439	5,259626
2,079993	5,260930
2,025113	5,263865
2,209711	5,263539
2,025113	5,265169
1,963580	5,267778
2,055047	5,268756
1,935308	5,270713
1,973558	5,270061
2,023449	5,273322
2,040080	5,274626
2,056710	5,276582
2,036754	5,276582
1,973558	5,278213
1,986862	5,279843
1,996841	5,279517
2,008482	5,282778
1,961917	5,283430
2,013471	5,286039
1,966906	5,286365
1,752373	5,288974
2,113254	5,290604
1,823884	5,292561
2,101613	5,292235
2,051721	5,295822
1,853819	5,295495
1,970232	5,298104
1,920341	5,297778
1,888743	5,301691
2,056710	5,300713
2,189754	5,302995
1,966906	5,304952
2,196406	5,307235
1,970232	5,308213
2,000167	5,309517
1,958591	5,310822
2,061700	5,312778
2,129884	5,313430
1,970232	5,314082
2,076667	5,317669
1,759025	5,317343
2,023449	5,320278
1,770666	5,320604
1,855482	5,323539
1,690840	5,324843
1,996841	5,325496
1,895395	5,327452
1,857145	5,327126
1,724101	5,330713
1,835525	5,328756
1,782308	5,333322
1,863797	5,333322
1,694166	5,334952
1,935308	5,338213
2,031765	5,335604
1,739069	5,340169
1,788960	5,342778
1,981873	5,342778
2,094961	5,345713
1,940297	5,345387
1,760688	5,346691
1,887080	5,349626
1,878764	5,349626
1,907036	5,351256
1,807253	5,353213
1,892069	5,353539
1,803927	5,357452
1,908699	5,356800
1,720775	5,360061
1,857145	5,361039
1,832199	5,361039
1,968569	5,363648
1,805590	5,366256
1,778982	5,365604
1,850493	5,369191
1,772329	5,369517
1,832199	5,369191
1,948612	5,374409
1,925330	5,373430
1,662568	5,374735
1,908699	5,377670
2,046732	5,378648
1,883754	5,378648
1,792286	5,381909
1,840514	5,382887
1,863797	5,382561
1,717449	5,386474
1,579416	5,386800
1,822221	5,388104
1,775656	5,390387
1,622655	5,391691
1,915351	5,392017
1,715786	5,394952
1,727427	5,396583
1,802264	5,396583
1,670884	5,397561
1,795612	5,400822
1,783971	5,402126
1,690840	5,402452
1,820558	5,404735
1,956928	5,406691
1,700818	5,407670
1,875438	5,407343
1,807253	5,410278
1,912025	5,413213
1,862134	5,412887
1,978547	5,414191
1,684188	5,416474
1,765677	5,418757
1,677536	5,419083
1,823884	5,419735
1,882091	5,422996
1,754036	5,424626
1,890406	5,425604
1,935308	5,426257
1,973558	5,428213
1,897058	5,429844
1,773992	5,431800
1,940297	5,432126
1,973558	5,433104
2,033428	5,436039
1,882091	5,437996
1,893732	5,437996
1,976884	5,438648
1,862134	5,440931
1,986862	5,443539
1,705808	5,444844
2,013471	5,445822
1,847167	5,446148
2,020123	5,448104
1,915351	5,450713
1,941960	5,452344
1,752373	5,453322
1,747384	5,453974
1,913688	5,455278
1,767340	5,456583
1,760688	5,459844
1,890406	5,461148
1,845504	5,461800
1,734079	5,462126
1,729090	5,464409
1,880427	5,467344
1,828873	5,468322
2,048395	5,468974
2,033428	5,469626
1,966906	5,471583
1,687514	5,472235
1,624318	5,475170
1,782308	5,476474
1,562786	5,479083
1,642612	5,479409
1,793949	5,480387
1,818895	5,481039
1,941960	5,482996
1,792286	5,485278
1,735742	5,486909
1,805590	5,488539
1,772329	5,490822
