3,736388	0,987878
3,736388	0,985596
3,728072	0,986574
3,751355	0,985922
3,743040	0,987878
3,739714	0,989509
3,726409	0,990813
3,716431	0,991792
3,719757	0,993096
3,721420	0,996031
3,731398	0,997335
3,743040	0,999618
3,744703	1,000596
3,744703	1,002552
3,726409	1,004183
3,734725	1,005487
3,724746	1,007118
3,729735	1,008096
3,741377	1,009074
3,748029	1,011683
3,731398	1,012009
3,738051	1,012335
3,739714	1,013313
3,741377	1,015270
3,758007	1,017552
3,741377	1,018531
3,741377	1,020487
3,726409	1,021792
3,729735	1,024400
3,751355	1,026031
3,729735	1,027987
3,731398	1,028639
3,734725	1,030270
3,739714	1,031900
3,748029	1,031900
3,733061	1,033205
3,741377	1,034835
3,728072	1,036792
3,724746	1,039726
3,731398	1,040053
3,749692	1,042335
3,719757	1,043313
3,729735	1,043639
3,739714	1,045596
3,734725	1,047226
3,734725	1,048857
3,734725	1,051139
3,743040	1,052770
3,738051	1,054074
3,731398	1,053748
3,721420	1,055053
3,739714	1,057009
3,728072	1,059618
3,719757	1,061900
3,734725	1,062879
3,724746	1,063531
3,758007	1,063857
3,729735	1,066140
3,721420	1,068748
3,736388	1,070705
3,733061	1,071357
3,739714	1,071683
3,739714	1,073313
3,724746	1,074292
3,733061	1,076574
3,739714	1,079183
3,731398	1,080161
3,751355	1,081140
3,729735	1,081466
3,739714	1,084074
3,758007	1,086031
3,744703	1,087661
3,723083	1,087335
3,724746	1,088640
3,741377	1,092227
3,733061	1,094183
3,733061	1,094183
3,739714	1,094509
3,729735	1,098422
3,736388	1,099400
3,726409	1,099400
3,731398	1,102009
3,724746	1,104618
3,748029	1,104618
3,736388	1,104944
3,716431	1,107553
3,716431	1,109835
3,719757	1,110487
3,771312	1,112444
3,738051	1,115053
3,739714	1,114400
3,758007	1,115379
3,711442	1,118640
3,746366	1,120596
3,699801	1,119292
3,716431	1,122879
3,726409	1,124183
3,718094	1,124509
3,723083	1,127770
3,728072	1,128748
3,739714	1,129401
3,743040	1,131357
3,746366	1,133966
3,743040	1,133966
3,738051	1,135596
3,739714	1,138205
3,724746	1,137227
3,729735	1,139835
3,741377	1,142444
3,736388	1,141140
3,738051	1,144401
3,724746	1,147009
3,728072	1,145705
3,729735	1,148314
3,754681	1,150596
3,743040	1,151574
3,753018	1,153205
3,729735	1,153857
3,743040	1,156466
3,771312	1,158422
3,744703	1,158422
3,772975	1,161683
3,724746	1,161683
3,729735	1,163640
3,699801	1,165270
3,724746	1,165270
3,764659	1,168531
3,769648	1,168205
3,761333	1,171140
3,772975	1,171140
3,738051	1,173422
3,758007	1,174727
3,749692	1,176031
3,731398	1,179618
3,771312	1,178640
3,751355	1,181901
3,758007	1,181901
3,756344	1,184509
3,749692	1,183531
3,776301	1,188748
3,777964	1,188096
3,753018	1,190705
3,743040	1,190053
3,728072	1,193640
3,743040	1,194618
3,758007	1,194944
3,759670	1,197553
3,779627	1,197553
3,781290	1,200162
3,776301	1,200814
3,767985	1,204727
3,718094	1,204401
3,746366	1,208314
3,769648	1,207009
3,792931	1,210270
3,782953	1,209944
3,741377	1,212227
3,748029	1,212553
3,716431	1,216140
3,716431	1,215814
3,704790	1,218096
3,731398	1,218749
3,721420	1,221031
3,709779	1,220053
3,706453	1,219727
3,741377	1,225922
3,746366	1,226249
3,721420	1,229509
3,733061	1,228857
3,731398	1,231466
3,739714	1,232118
3,734725	1,234075
3,729735	1,236031
3,741377	1,236357
3,748029	1,238314
3,736388	1,238966
3,738051	1,242227
3,758007	1,241901
3,729735	1,245488
3,723083	1,246140
3,731398	1,246792
3,731398	1,250053
3,743040	1,249401
3,756344	1,252662
3,766322	1,253314
3,734725	1,254618
3,761333	1,256901
3,734725	1,256249
3,762996	1,260162
3,739714	1,260162
3,731398	1,260814
3,739714	1,263749
3,766322	1,263749
3,759670	1,266031
3,776301	1,268640
3,738051	1,268314
3,738051	1,271249
3,744703	1,272553
3,724746	1,272879
3,753018	1,275488
3,771312	1,276466
3,758007	1,277770
3,743040	1,280379
3,792931	1,281031
3,748029	1,282009
3,764659	1,284292
3,786279	1,283966
3,769648	1,287227
3,796257	1,288205
3,767985	1,288531
3,779627	1,292118
3,759670	1,292118
3,748029	1,293423
3,779627	1,296031
3,748029	1,297336
3,748029	1,298314
3,759670	1,300923
3,786279	1,301901
3,762996	1,301575
3,812888	1,305162
3,774638	1,306140
3,749692	1,306140
3,766322	1,309075
3,771312	1,310053
3,782953	1,310705
3,779627	1,313966
3,761333	1,314944
3,776301	1,315597
3,772975	1,317879
3,771312	1,319510
3,791268	1,318857
3,774638	1,321792
3,759670	1,323749
3,776301	1,323749
3,799583	1,326357
3,832844	1,328966
3,826192	1,329292
3,832844	1,329944
3,836170	1,333205
3,831181	1,332879
3,859453	1,334836
3,829518	1,337444
3,849475	1,337444
3,869431	1,339401
3,889388	1,342662
3,906018	1,342010
3,919323	1,343314
3,892714	1,345923
3,919323	1,346575
3,945931	1,348205
3,932627	1,350488
3,935953	1,350814
3,929301	1,353097
3,925975	1,354727
3,959236	1,355053
3,937616	1,357336
3,942605	1,359292
3,935953	1,359944
3,982518	1,361575
3,955910	1,364184
3,952584	1,365162
3,962562	1,365162
3,939279	1,368749
3,989171	1,369727
3,972540	1,370379
3,977529	1,371684
3,952584	1,374618
3,967551	1,375271
3,965888	1,375271
3,977529	1,378531
3,974203	1,379510
3,982518	1,380162
3,995823	1,382118
3,990834	1,383749
3,985845	1,384401
4,000812	1,386031
3,982518	1,389618
3,982518	1,389944
3,989171	1,390923
4,015779	1,392227
4,004138	1,394836
3,984182	1,396140
3,989171	1,395814
3,989171	1,398097
3,994160	1,401031
3,969214	1,400053
3,972540	1,401684
4,005801	1,403966
3,962562	1,405923
4,000812	1,407227
4,000812	1,407553
3,947594	1,409184
3,967551	1,411792
3,955910	1,413749
3,944268	1,413097
3,945931	1,415053
3,939279	1,418314
3,922649	1,419292
3,952584	1,420271
3,955910	1,420923
3,939279	1,423532
3,912671	1,423858
3,897703	1,426140
3,927638	1,426466
3,914334	1,429075
3,920986	1,430705
3,892714	1,432988
3,909344	1,433314
3,902692	1,434618
3,894377	1,437553
3,877747	1,438532
3,876083	1,439184
3,864442	1,440488
3,849475	1,441792
3,852801	1,444075
3,834507	1,447010
3,817877	1,447662
3,824529	1,447010
3,812888	1,448640
3,797920	1,450597
3,776301	1,453532
3,787942	1,454184
3,761333	1,454510
3,743040	1,456140
3,761333	1,458423
3,781290	1,461032
3,774638	1,462010
3,756344	1,462662
3,761333	1,462662
3,733061	1,465597
3,779627	1,467879
3,761333	1,469836
3,759670	1,470488
3,753018	1,471466
3,758007	1,472119
3,784616	1,474075
3,754681	1,476358
3,791268	1,478314
3,756344	1,479292
3,749692	1,480271
3,759670	1,481249
3,753018	1,484184
3,777964	1,486140
3,769648	1,487119
3,743040	1,488749
3,746366	1,488749
3,777964	1,491032
3,753018	1,493314
3,758007	1,493966
3,766322	1,496575
3,759670	1,496901
3,751355	1,497227
3,754681	1,499184
3,751355	1,500814
3,754681	1,503423
3,776301	1,504727
3,766322	1,506032
3,762996	1,505379
3,736388	1,508314
3,781290	1,509619
3,751355	1,511575
3,761333	1,513858
3,756344	1,514836
3,769648	1,515814
3,759670	1,515814
3,771312	1,517771
3,769648	1,520053
3,767985	1,522988
3,774638	1,523966
3,784616	1,525271
3,774638	1,526249
3,769648	1,527227
3,779627	1,527227
3,796257	1,530162
3,787942	1,533097
3,801246	1,534075
3,779627	1,535053
3,787942	1,535053
3,796257	1,537336
3,789605	1,538640
3,821203	1,541575
3,817877	1,542227
3,804572	1,543858
3,836170	1,546793
3,841160	1,547445
3,846149	1,547119
3,851138	1,548097
3,849475	1,549727
3,832844	1,552010
3,836170	1,554945
3,849475	1,556901
3,842823	1,556575
3,826192	1,557554
3,842823	1,559836
3,816214	1,560162
3,847812	1,562445
3,857790	1,564401
3,832844	1,567010
3,839496	1,566358
3,839496	1,568314
3,829518	1,568967
3,832844	1,570923
3,842823	1,572880
3,839496	1,574510
3,842823	1,577119
3,851138	1,577771
3,847812	1,579075
3,844486	1,579401
3,851138	1,581032
3,832844	1,582662
3,837833	1,583967
3,822866	1,585597
3,832844	1,587880
3,841160	1,590488
3,852801	1,591141
3,856127	1,593097
3,856127	1,593097
3,864442	1,594727
3,846149	1,595706
3,864442	1,597010
3,839496	1,598641
3,854464	1,600923
3,849475	1,603858
3,844486	1,604836
3,854464	1,605814
3,857790	1,606141
3,842823	1,607771
3,856127	1,608749
3,839496	1,610380
3,852801	1,613314
3,882736	1,615271
3,831181	1,615923
3,851138	1,617880
3,859453	1,617880
3,856127	1,619836
3,861116	1,620162
3,869431	1,622119
3,889388	1,624401
3,867768	1,625706
3,854464	1,627662
3,872757	1,629945
3,849475	1,630923
3,862779	1,632554
3,864442	1,632880
3,869431	1,634836
3,867768	1,635488
3,861116	1,636141
3,867768	1,638423
3,857790	1,639401
3,864442	1,641358
3,871094	1,643315
3,896040	1,645923
3,867768	1,647228
3,872757	1,648532
3,882736	1,647880
3,859453	1,650488
3,857790	1,651141
3,834507	1,652445
3,814551	1,653423
3,831181	1,656032
3,807899	1,658315
3,837833	1,659945
3,837833	1,662554
3,839496	1,662554
3,849475	1,665162
3,822866	1,666141
3,844486	1,666467
3,869431	1,667119
3,847812	1,668423
3,836170	1,670706
3,826192	1,672336
3,849475	1,674293
3,829518	1,675923
3,806236	1,678206
3,842823	1,678532
3,847812	1,679836
3,824529	1,680489
3,822866	1,682119
3,837833	1,683423
3,851138	1,685380
3,841160	1,686032
3,854464	1,688641
3,839496	1,690597
3,844486	1,692880
3,856127	1,693532
3,849475	1,695489
3,849475	1,695815
3,852801	1,696141
3,837833	1,698749
3,851138	1,699728
3,851138	1,700706
3,861116	1,702989
3,869431	1,705597
3,849475	1,707880
3,841160	1,708858
3,854464	1,709836
3,876083	1,710815
3,854464	1,711793
3,872757	1,713423
3,851138	1,714728
3,876083	1,715706
3,864442	1,717663
3,892714	1,719619
3,914334	1,721576
3,901029	1,722554
3,902692	1,724836
3,925975	1,726793
3,912671	1,728749
3,924312	1,728097
3,906018	1,729402
3,935953	1,730706
3,909344	1,731684
3,909344	1,733315
3,944268	1,734945
3,945931	1,737554
3,950921	1,738532
3,952584	1,740489
3,950921	1,741793
3,940942	1,743750
3,945931	1,744402
3,940942	1,746358
3,929301	1,747989
3,939279	1,748967
3,957573	1,748967
3,932627	1,750597
3,939279	1,752880
3,954247	1,755163
3,912671	1,756793
3,950921	1,758423
3,912671	1,760054
3,917660	1,761684
3,924312	1,762663
3,909344	1,763641
3,939279	1,765271
3,950921	1,766250
3,930964	1,767228
3,947594	1,768858
3,977529	1,770489
3,937616	1,773097
3,947594	1,773750
3,962562	1,776032
3,920986	1,777663
3,930964	1,778641
3,964225	1,780597
3,945931	1,781250
3,937616	1,783206
3,939279	1,784510
3,967551	1,784837
3,932627	1,786793
3,947594	1,788097
3,935953	1,789728
3,952584	1,791684
3,964225	1,793641
3,955910	1,794945
3,960899	1,796902
3,919323	1,797880
3,937616	1,799510
3,950921	1,799510
3,944268	1,800815
3,949258	1,801793
3,949258	1,803750
3,945931	1,805380
3,954247	1,808315
3,947594	1,809945
3,922649	1,810597
3,929301	1,812228
3,935953	1,813206
3,920986	1,814511
3,907681	1,815489
3,925975	1,816793
3,932627	1,818424
3,892714	1,820706
3,899366	1,822989
3,925975	1,823967
3,924312	1,826250
3,917660	1,826902
3,915997	1,827228
3,896040	1,828858
3,914334	1,830163
3,892714	1,831793
3,902692	1,835054
3,894377	1,836684
3,866105	1,838315
3,902692	1,839293
3,871094	1,839945
3,872757	1,839945
3,861116	1,841902
3,864442	1,843532
3,859453	1,845489
3,846149	1,848750
3,849475	1,849728
3,857790	1,850706
3,822866	1,851358
3,831181	1,852011
3,829518	1,853967
3,777964	1,855598
3,794594	1,857228
3,746366	1,859511
3,743040	1,861467
3,766322	1,862119
3,762996	1,862119
3,753018	1,864402
3,762996	1,866032
3,771312	1,867663
3,766322	1,869619
3,748029	1,870598
3,754681	1,870924
3,759670	1,871902
3,723083	1,874837
3,761333	1,877119
3,749692	1,878424
3,734725	1,880054
3,744703	1,880380
3,746366	1,881358
3,748029	1,882989
3,771312	1,885924
3,744703	1,886250
3,733061	1,887228
3,748029	1,888532
3,766322	1,890815
3,753018	1,892772
3,748029	1,894076
3,738051	1,895054
3,762996	1,895706
3,739714	1,898315
3,739714	1,900272
3,762996	1,902554
3,733061	1,903532
3,749692	1,903532
3,729735	1,904837
3,746366	1,907445
3,728072	1,910054
3,748029	1,910706
3,743040	1,912011
3,726409	1,912011
3,726409	1,913641
3,741377	1,915924
3,744703	1,916250
3,749692	1,919185
3,751355	1,919837
3,751355	1,921793
3,764659	1,923098
3,751355	1,925706
3,733061	1,927011
3,726409	1,927989
3,734725	1,927663
3,748029	1,929293
3,736388	1,932880
3,769648	1,934837
3,754681	1,935163
3,739714	1,936141
3,754681	1,937446
3,743040	1,940054
3,751355	1,941685
3,744703	1,942663
3,762996	1,942989
3,753018	1,945272
3,756344	1,946902
3,748029	1,949511
3,744703	1,949511
3,731398	1,951141
3,743040	1,951793
3,759670	1,954402
3,729735	1,956685
3,749692	1,956359
3,729735	1,957663
3,751355	1,959619
3,746366	1,962228
3,749692	1,963533
3,736388	1,963533
3,749692	1,965163
3,738051	1,967446
3,753018	1,970054
3,753018	1,969402
3,748029	1,970380
3,746366	1,972989
3,759670	1,975598
3,756344	1,975598
3,729735	1,977228
3,736388	1,979185
3,726409	1,981141
3,743040	1,983098
3,738051	1,982446
3,746366	1,983750
3,748029	1,986033
3,769648	1,988315
3,744703	1,990272
3,769648	1,989620
3,739714	1,990924
3,759670	1,994185
3,753018	1,995489
3,733061	1,995815
3,753018	1,997446
3,731398	1,999402
3,738051	2,002663
3,716431	2,003315
3,734725	2,002989
3,756344	2,004293
3,749692	2,006576
3,748029	2,008859
3,764659	2,010489
3,729735	2,010815
3,761333	2,012446
3,754681	2,014402
3,772975	2,016359
3,743040	2,017337
3,736388	2,017989
3,741377	2,019620
3,731398	2,022228
3,748029	2,023859
3,739714	2,024837
3,733061	2,024837
3,733061	2,027446
3,739714	2,029402
3,731398	2,031359
3,729735	2,032011
3,724746	2,031685
3,739714	2,033967
3,744703	2,037228
3,726409	2,038859
3,743040	2,038207
3,716431	2,040163
3,719757	2,042772
3,723083	2,044728
3,729735	2,045381
3,728072	2,045381
3,728072	2,047663
3,744703	2,050272
3,748029	2,052228
3,726409	2,051250
3,733061	2,053859
3,731398	2,057446
3,758007	2,056468
3,729735	2,057772
3,739714	2,059402
3,733061	2,062663
3,728072	2,063641
3,744703	2,062663
3,723083	2,065272
3,734725	2,067881
3,713105	2,068207
3,743040	2,069511
3,704790	2,071468
3,723083	2,074076
3,728072	2,074402
3,731398	2,075707
3,729735	2,077011
3,743040	2,079946
3,746366	2,080598
3,736388	2,080598
3,726409	2,082881
3,754681	2,085163
3,729735	2,085815
3,739714	2,086468
3,736388	2,089728
3,728072	2,091359
3,731398	2,091033
3,731398	2,093641
3,729735	2,095924
3,733061	2,096902
3,718094	2,096576
3,744703	2,100815
3,738051	2,100163
3,744703	2,101142
3,753018	2,104402
3,736388	2,105707
3,739714	2,105381
3,733061	2,109946
3,744703	2,111250
3,733061	2,109620
3,723083	2,111576
3,733061	2,114185
3,738051	2,114837
3,739714	2,116468
3,754681	2,120055
3,743040	2,118424
3,733061	2,120707
3,729735	2,122989
3,721420	2,123968
3,733061	2,125272
3,733061	2,128207
3,751355	2,129185
3,723083	2,128859
3,739714	2,131794
3,751355	2,133424
3,754681	2,133750
3,749692	2,137011
3,749692	2,137337
3,764659	2,138642
3,759670	2,140924
3,723083	2,141902
3,744703	2,142555
3,746366	2,144511
3,749692	2,146794
3,736388	2,147446
3,709779	2,150055
3,733061	2,151685
3,754681	2,150055
3,729735	2,153642
3,729735	2,155924
3,733061	2,155924
3,743040	2,157881
3,739714	2,160163
3,736388	2,159837
3,743040	2,161468
3,759670	2,165055
3,733061	2,163750
3,761333	2,166359
3,753018	2,168642
3,749692	2,169294
3,739714	2,170272
3,731398	2,172229
3,739714	2,174185
3,734725	2,174837
3,754681	2,178424
3,729735	2,177772
3,723083	2,179076
3,746366	2,181359
3,709779	2,182663
3,748029	2,182989
3,746366	2,186576
3,733061	2,186250
3,729735	2,187881
3,748029	2,190816
3,724746	2,191468
3,759670	2,192772
3,731398	2,195707
3,726409	2,195055
3,756344	2,196685
3,724746	2,199946
3,756344	2,199294
3,743040	2,201576
3,744703	2,203859
3,741377	2,203533
3,733061	2,206468
3,729735	2,208098
3,728072	2,207772
3,731398	2,210381
3,764659	2,212337
3,736388	2,212663
3,739714	2,215598
3,734725	2,215924
3,729735	2,218207
3,736388	2,220490
3,733061	2,220490
3,716431	2,220490
3,721420	2,225055
3,718094	2,224403
3,743040	2,227337
3,718094	2,228968
3,751355	2,229620
3,731398	2,232229
3,726409	2,231577
3,709779	2,234185
3,734725	2,237120
3,739714	2,235163
3,739714	2,238424
3,718094	2,240707
3,762996	2,240707
3,729735	2,242337
3,723083	2,244946
3,749692	2,245272
3,733061	2,247229
3,738051	2,249837
3,744703	2,249185
3,739714	2,251468
3,749692	2,253750
3,743040	2,254077
3,726409	2,255707
3,731398	2,258316
3,723083	2,258316
3,739714	2,260924
3,751355	2,262229
3,749692	2,262881
3,711442	2,265164
3,734725	2,266794
3,716431	2,266794
3,738051	2,270707
3,733061	2,271359
3,716431	2,272011
3,736388	2,274294
3,729735	2,274294
3,711442	2,276577
3,762996	2,278859
3,736388	2,277881
3,739714	2,280490
3,731398	2,283098
3,724746	2,283098
3,726409	2,285055
3,719757	2,287338
3,749692	2,287990
3,758007	2,290272
3,748029	2,290924
3,731398	2,292555
3,713105	2,295164
3,739714	2,294185
3,743040	2,297446
3,771312	2,299403
3,756344	2,299729
3,744703	2,302664
3,764659	2,303642
3,764659	2,303642
3,759670	2,307555
3,746366	2,307229
3,779627	2,309185
3,743040	2,311142
3,761333	2,310490
3,743040	2,313425
3,743040	2,314729
3,743040	2,315381
3,751355	2,318316
3,759670	2,317990
3,748029	2,320925
3,769648	2,322555
3,754681	2,322555
3,756344	2,326142
3,769648	2,326468
3,766322	2,327772
3,738051	2,330055
3,781290	2,330707
3,746366	2,332990
3,759670	2,333968
3,758007	2,334620
3,759670	2,337229
3,746366	2,336577
3,748029	2,340490
3,759670	2,340816
3,741377	2,342772
3,749692	2,344403
3,748029	2,344729
3,736388	2,346685
3,762996	2,347990
3,769648	2,349946
3,756344	2,351903
3,751355	2,351903
3,753018	2,353859
3,753018	2,356142
3,767985	2,357120
3,731398	2,359077
3,748029	2,358751
3,749692	2,361685
3,764659	2,362990
3,756344	2,363642
3,744703	2,366577
3,774638	2,366251
3,753018	2,369185
3,761333	2,370490
3,756344	2,371142
3,761333	2,374077
3,766322	2,374077
3,786279	2,375707
3,758007	2,378642
3,772975	2,378316
3,762996	2,381903
3,762996	2,381903
3,769648	2,382881
3,754681	2,385816
3,754681	2,385164
3,764659	2,389403
3,766322	2,389077
3,758007	2,391359
3,772975	2,392664
3,777964	2,392664
3,744703	2,395273
3,777964	2,395925
3,776301	2,397881
3,776301	2,399512
3,766322	2,399186
3,764659	2,403425
3,791268	2,404077
3,766322	2,405055
3,751355	2,408642
3,743040	2,407664
3,759670	2,409620
3,769648	2,412229
3,776301	2,411251
3,772975	2,415490
3,759670	2,415490
3,766322	2,417446
3,762996	2,418425
3,764659	2,420055
3,753018	2,422338
3,771312	2,422012
3,772975	2,425273
3,779627	2,425273
3,786279	2,427881
3,774638	2,428533
3,761333	2,429512
3,766322	2,432446
3,744703	2,432446
3,753018	2,436033
3,756344	2,435055
3,789605	2,438968
3,756344	2,438316
3,769648	2,441577
3,769648	2,441251
3,777964	2,443533
3,759670	2,444186
3,769648	2,445816
3,762996	2,447773
3,766322	2,449077
3,766322	2,451686
3,762996	2,451033
3,761333	2,454620
3,764659	2,453968
3,769648	2,457555
3,791268	2,457229
3,782953	2,460490
3,772975	2,460490
3,746366	2,462773
3,762996	2,463751
3,751355	2,465381
3,729735	2,466686
3,753018	2,468642
3,762996	2,469947
3,751355	2,471251
3,749692	2,470925
3,753018	2,473534
3,766322	2,475816
3,794594	2,477773
3,792931	2,479077
3,751355	2,480055
3,728072	2,481686
3,746366	2,482338
3,753018	2,484947
3,791268	2,485925
3,786279	2,487555
3,764659	2,488207
3,786279	2,489512
3,784616	2,492447
3,791268	2,492447
3,754681	2,495055
3,766322	2,495055
3,736388	2,498316
3,736388	2,498316
3,736388	2,498316
3,807899	2,502229
3,769648	2,503207
3,764659	2,506468
3,759670	2,504838
3,718094	2,508751
3,744703	2,508751
3,743040	2,511360
3,746366	2,512012
3,766322	2,513968
3,733061	2,514947
3,719757	2,515273
3,759670	2,517881
3,738051	2,517555
3,734725	2,521794
3,767985	2,522121
3,736388	2,524077
3,738051	2,524403
3,764659	2,526034
3,753018	2,529621
3,733061	2,529947
3,754681	2,532881
3,776301	2,530599
3,734725	2,533208
3,753018	2,535816
3,726409	2,537447
3,758007	2,539403
3,734725	2,539077
3,753018	2,542664
3,766322	2,542990
3,784616	2,544621
3,743040	2,547229
3,744703	2,546577
3,726409	2,549512
3,758007	2,549512
3,734725	2,551142
3,751355	2,554403
3,743040	2,553751
3,719757	2,557012
3,716431	2,557664
3,723083	2,557012
3,733061	2,561251
3,719757	2,561577
3,728072	2,564186
3,731398	2,565490
3,686496	2,565490
3,739714	2,567773
3,736388	2,569077
3,729735	2,571034
3,729735	2,572990
3,736388	2,573968
3,729735	2,575273
3,721420	2,577882
3,713105	2,577555
3,716431	2,579838
3,734725	2,580816
3,719757	2,582773
3,723083	2,584077
3,724746	2,584729
3,716431	2,587338
3,733061	2,588642
3,743040	2,589621
3,738051	2,592555
3,718094	2,592229
3,738051	2,593860
3,718094	2,597447
3,748029	2,596469
3,724746	2,598751
3,762996	2,600708
3,746366	2,600382
3,724746	2,602990
3,749692	2,605273
3,746366	2,605273
3,734725	2,607556
3,734725	2,609186
3,713105	2,609838
3,738051	2,611795
3,703127	2,613099
3,716431	2,613425
3,744703	2,616034
3,724746	2,618642
3,736388	2,618316
3,741377	2,620925
3,721420	2,623860
3,743040	2,622556
3,758007	2,623860
3,762996	2,627447
3,726409	2,628425
3,719757	2,628751
3,743040	2,631360
3,738051	2,632990
3,748029	2,632990
3,733061	2,634621
3,743040	2,637882
3,726409	2,639512
3,753018	2,639186
3,743040	2,641469
3,751355	2,643751
3,744703	2,643425
3,741377	2,644730
3,754681	2,648316
3,753018	2,648643
3,751355	2,648969
3,758007	2,651251
3,758007	2,653534
3,739714	2,654512
3,751355	2,654838
3,754681	2,658099
3,756344	2,660708
3,776301	2,659403
3,767985	2,661034
3,774638	2,663969
3,782953	2,664621
3,796257	2,665599
3,801246	2,666903
3,758007	2,669838
3,759670	2,671143
3,781290	2,671469
3,832844	2,673425
3,797920	2,676034
3,871094	2,675708
3,889388	2,677012
3,902692	2,680273
3,927638	2,680599
3,937616	2,681251
3,979192	2,682882
4,054029	2,686143
4,128867	2,687121
4,193725	2,687121
4,270226	2,690056
4,361693	2,692012
4,478106	2,693643
4,601172	2,692990
4,652726	2,694621
4,735879	2,697882
4,900520	2,698534
4,882227	2,699186
4,975357	2,701795
5,055184	2,703425
5,111727	2,704730
5,191553	2,705382
5,226477	2,707012
5,311293	2,709295
5,331249	2,711251
5,387793	2,710273
5,460967	2,712882
5,500880	2,715164
5,562413	2,716469
5,599000	2,717447
5,643902	2,717773
5,685478	2,720382
5,755326	2,722991
5,727054	2,724295
5,821848	2,724621
5,843468	2,725273
5,873403	2,727230
5,941587	2,729838
5,963207	2,731143
5,998131	2,731795
6,014761	2,732447
6,031392	2,735708
6,053012	2,737338
6,102903	2,739295
6,096251	2,738643
6,127849	2,739621
6,161110	2,742556
6,156120	2,744512
6,196034	2,746469
6,199360	2,746469
6,244262	2,746795
6,232621	2,748751
6,250914	2,751360
6,247588	2,754621
6,272534	2,754295
6,272534	2,755273
6,275860	2,756578
6,297479	2,759186
6,280849	2,760817
6,290827	2,761143
6,312447	2,761795
6,317436	2,763425
6,327414	2,765708
6,329077	2,767665
6,360675	2,768969
6,385621	2,769621
6,390610	2,771578
6,393936	2,772230
6,405577	2,774512
6,402251	2,776143
6,410567	2,777773
6,417219	2,779078
6,432186	2,781034
6,412230	2,781034
6,405577	2,782991
6,412230	2,786252
6,407241	2,787230
6,415556	2,788860
6,377306	2,789838
6,387284	2,790165
6,367327	2,791143
6,349034	2,793425
6,344045	2,796360
6,345708	2,797338
6,330740	2,798969
6,317436	2,800273
6,297479	2,800273
6,285838	2,801904
6,237610	2,803534
6,252577	2,806143
6,227631	2,808425
6,187718	2,807773
6,186055	2,808752
6,172751	2,809730
6,122860	2,812665
6,092925	2,814621
6,061327	2,816904
6,041370	2,817556
6,023077	2,818860
5,991479	2,819512
5,974848	2,820817
5,943250	2,822773
5,954892	2,825056
5,939924	2,826360
5,951566	2,828317
5,916642	2,829621
5,921631	2,829947
5,888370	2,831252
5,876729	2,832230
5,868413	2,834186
5,818522	2,835165
5,786924	2,836795
5,756989	2,839404
5,735370	2,840382
5,707098	2,842665
5,685478	2,844295
5,625609	2,845926
5,589022	2,847882
5,539130	2,848208
5,492565	2,848534
5,472608	2,850491
5,404423	2,850817
5,342891	2,852447
5,327923	2,854404
5,278032	2,856034
5,239782	2,857013
5,224814	2,859621
5,186564	2,861578
5,121705	2,863534
5,066825	2,864839
5,023586	2,866143
4,950412	2,867121
4,888879	2,869078
4,848966	2,870056
4,757498	2,871360
4,679335	2,872339
4,562922	2,872665
4,481432	2,874295
4,383313	2,876252
4,285193	2,877882
4,127204	2,880165
3,999149	2,881143
3,925975	2,883426
3,854464	2,884730
3,861116	2,887013
3,847812	2,887665
3,836170	2,888969
3,837833	2,891252
3,851138	2,892556
3,867768	2,894513
3,849475	2,895165
3,876083	2,897447
3,877747	2,898426
3,851138	2,900056
3,872757	2,901034
3,864442	2,902991
3,871094	2,904621
3,891051	2,905273
3,889388	2,907230
3,872757	2,908860
3,871094	2,909513
3,859453	2,912121
3,894377	2,913100
3,896040	2,914078
3,886062	2,916360
3,899366	2,917339
3,884399	2,918643
3,876083	2,920274
3,902692	2,921578
3,901029	2,922556
3,891051	2,923534
3,932627	2,924513
3,937616	2,926143
3,932627	2,927774
3,932627	2,928752
3,935953	2,930056
3,919323	2,932013
3,929301	2,933969
3,969214	2,935926
3,942605	2,937882
3,914334	2,938861
3,970877	2,940165
3,942605	2,942447
3,925975	2,944078
3,929301	2,944404
3,947594	2,945382
3,964225	2,946034
3,955910	2,947339
3,935953	2,949947
3,955910	2,951252
3,935953	2,952230
3,917660	2,953861
3,955910	2,955817
3,929301	2,959078
3,939279	2,960056
3,899366	2,961034
3,950921	2,963643
3,949258	2,963643
3,944268	2,965274
3,942605	2,965274
3,937616	2,966578
3,917660	2,968861
3,944268	2,969839
3,930964	2,971795
3,940942	2,974078
3,955910	2,976034
3,935953	2,977665
3,939279	2,978643
3,949258	2,979295
3,957573	2,980274
3,945931	2,981252
3,957573	2,983534
3,940942	2,985165
3,929301	2,987448
3,940942	2,988752
3,930964	2,990382
3,954247	2,992013
3,942605	2,992665
3,937616	2,994295
3,937616	2,993969
3,932627	2,996578
3,934290	2,999187
3,917660	3,000491
3,937616	3,002121
3,929301	3,002448
3,920986	3,004078
3,920986	3,005056
3,924312	3,007013
3,896040	3,009948
3,929301	3,010600
3,889388	3,010926
3,904355	3,012230
3,892714	3,014187
3,887725	3,016469
3,906018	3,018100
3,887725	3,018752
3,920986	3,020382
3,919323	3,022665
3,907681	3,024295
3,912671	3,025600
3,881073	3,026578
3,884399	3,026904
3,892714	3,028208
3,891051	3,032122
3,879410	3,034078
3,894377	3,033100
3,869431	3,034404
3,899366	3,036035
3,904355	3,038643
3,876083	3,040600
3,881073	3,038969
3,876083	3,041578
3,877747	3,041904
3,859453	3,046469
3,861116	3,047774
3,882736	3,049078
3,859453	3,049078
3,854464	3,051361
3,849475	3,052991
3,846149	3,054948
3,851138	3,054948
3,851138	3,057556
3,842823	3,058209
3,836170	3,060491
3,867768	3,063426
3,837833	3,062774
3,834507	3,063752
3,834507	3,066035
3,829518	3,067991
3,819540	3,069296
3,829518	3,069622
3,804572	3,069622
3,836170	3,073209
3,836170	3,075817
3,837833	3,075817
3,832844	3,077448
3,846149	3,080056
3,846149	3,081687
3,887725	3,081361
3,871094	3,083643
3,892714	3,085600
3,942605	3,086578
3,912671	3,086904
3,930964	3,088535
3,937616	3,092122
3,944268	3,093752
3,972540	3,092774
3,965888	3,095709
3,975866	3,097339
4,000812	3,098643
3,999149	3,098643
4,022432	3,101252
4,035736	3,104187
4,022432	3,103535
4,047377	3,105165
4,044051	3,107122
4,067334	3,109078
4,052366	3,110056
4,083964	3,110383
4,070660	3,113317
4,095606	3,114296
4,087290	3,115274
4,122214	3,117230
4,112236	3,119839
4,122214	3,119839
4,157138	3,121143
4,155475	3,124078
4,142171	3,124730
4,138845	3,125709
4,178758	3,127991
4,152149	3,130274
4,158801	3,129622
4,173769	3,132557
4,202041	3,134187
4,168780	3,134187
4,198715	3,135817
4,213682	3,139078
4,205367	3,139078
4,202041	3,139730
4,200378	3,142991
4,207030	3,143644
4,218671	3,144622
4,213682	3,145926
4,243617	3,148861
4,228649	3,148861
4,225323	3,148861
4,221997	3,153752
4,240291	3,153100
4,238628	3,154078
4,248606	3,157013
4,231975	3,159622
4,245280	3,159296
4,230312	3,160274
4,225323	3,163535
4,255258	3,163861
4,231975	3,163861
4,250269	3,167774
4,240291	3,169078
4,268562	3,168100
4,263573	3,172665
4,275215	3,173317
4,258584	3,172665
4,243617	3,175600
4,263573	3,177883
4,276878	3,177883
4,288519	3,180817
4,255258	3,182122
4,273552	3,182122
4,286856	3,185383
4,261910	3,187013
4,266899	3,187013
4,265236	3,190274
4,258584	3,189622
4,245280	3,192231
4,240291	3,194187
4,245280	3,193861
4,202041	3,196796
4,238628	3,197774
4,221997	3,198426
4,241954	3,202013
4,238628	3,202665
4,245280	3,203644
4,220334	3,205926
4,210356	3,205600
4,217008	3,208209
4,221997	3,209839
4,221997	3,211144
4,187073	3,213426
4,195388	3,213426
4,190399	3,215709
4,178758	3,216687
4,173769	3,217339
4,192062	3,220926
4,175432	3,220274
4,177095	3,223861
4,177095	3,223209
4,185410	3,226144
4,200378	3,227122
4,190399	3,228100
4,157138	3,230709
4,185410	3,231035
4,155475	3,233318
4,155475	3,234622
4,142171	3,235600
4,152149	3,237883
4,142171	3,237557
4,145497	3,240492
4,158801	3,240818
4,133856	3,243752
4,133856	3,245057
4,127204	3,247013
4,118888	3,247013
4,118888	3,249622
4,088953	3,250600
4,088953	3,252231
4,103921	3,253535
4,095606	3,255818
4,083964	3,256796
4,068997	3,256470
4,040725	3,260383
4,054029	3,260383
4,027421	3,262992
4,044051	3,262992
4,024095	3,265926
4,022432	3,265600
4,022432	3,268861
4,017442	3,268861
4,017442	3,271144
3,979192	3,271796
3,985845	3,273752
3,967551	3,273752
3,935953	3,277665
3,942605	3,277665
3,907681	3,280274
3,919323	3,281252
3,909344	3,283535
3,917660	3,284513
3,902692	3,285492
3,867768	3,288100
3,822866	3,287448
3,811225	3,289731
3,759670	3,291361
3,797920	3,293970
3,736388	3,293318
3,731398	3,296579
3,776301	3,296252
3,759670	3,300166
3,751355	3,299187
3,756344	3,302122
3,708116	3,302448
3,738051	3,305057
3,753018	3,305709
3,767985	3,308318
3,731398	3,307666
3,761333	3,311253
3,759670	3,311579
3,766322	3,313209
3,756344	3,314839
3,733061	3,314839
3,769648	3,318100
3,726409	3,318426
3,714768	3,321687
3,746366	3,320709
3,739714	3,324296
3,749692	3,324622
3,731398	3,325926
3,743040	3,327231
3,743040	3,329513
3,744703	3,330492
3,724746	3,331796
3,746366	3,334079
3,759670	3,334405
3,713105	3,337666
3,731398	3,336687
3,754681	3,339948
3,703127	3,340926
3,758007	3,342231
3,764659	3,344840
3,733061	3,344513
3,762996	3,347448
3,756344	3,348753
3,756344	3,348100
3,721420	3,352013
3,739714	3,351687
3,736388	3,354622
3,729735	3,355274
3,743040	3,356579
3,758007	3,358209
3,738051	3,360492
3,736388	3,360818
3,723083	3,362774
3,741377	3,365383
3,708116	3,364731
3,769648	3,367992
3,726409	3,368970
3,708116	3,369296
3,724746	3,372557
3,762996	3,372557
3,744703	3,374514
3,746366	3,377122
3,748029	3,377448
3,723083	3,378753
3,764659	3,380709
3,713105	3,382014
3,729735	3,382992
3,716431	3,386905
3,736388	3,386253
3,733061	3,387231
3,758007	3,390818
3,754681	3,391470
3,731398	3,391796
3,739714	3,395057
3,718094	3,396035
3,734725	3,395709
3,736388	3,397666
3,723083	3,400601
3,744703	3,399296
3,718094	3,401905
3,716431	3,405492
3,739714	3,406144
3,726409	3,406796
3,703127	3,408101
3,718094	3,411361
3,756344	3,412340
3,721420	3,412666
3,728072	3,414622
3,733061	3,416579
3,743040	3,417883
3,729735	3,417883
3,708116	3,420818
3,729735	3,422774
3,726409	3,424079
3,739714	3,424405
3,739714	3,425057
3,748029	3,427992
3,726409	3,429296
3,748029	3,429622
3,748029	3,431253
3,744703	3,434188
3,756344	3,435492
3,736388	3,436470
3,736388	3,436796
3,716431	3,439079
3,746366	3,442014
3,738051	3,442340
3,721420	3,443318
3,736388	3,444622
3,718094	3,447231
3,691485	3,448861
3,704790	3,449840
3,706453	3,449840
3,703127	3,451796
3,723083	3,454731
3,719757	3,456035
3,704790	3,456361
3,699801	3,457340
3,716431	3,459296
3,721420	3,461253
3,724746	3,463209
3,708116	3,464188
3,721420	3,465166
3,721420	3,466144
3,736388	3,469079
3,721420	3,470709
3,711442	3,472014
3,713105	3,472992
3,724746	3,474296
3,718094	3,475601
3,704790	3,476905
3,726409	3,480166
3,738051	3,480818
3,736388	3,482122
3,726409	3,483101
3,703127	3,483427
3,731398	3,484731
3,721420	3,487340
3,711442	3,489296
3,724746	3,490927
3,723083	3,492883
3,721420	3,493535
3,703127	3,494840
3,729735	3,495492
3,723083	3,497449
3,703127	3,500057
3,709779	3,501688
3,711442	3,502340
3,721420	3,504622
3,744703	3,505927
3,743040	3,506253
3,713105	3,507883
3,729735	3,508536
3,713105	3,510492
3,718094	3,512449
3,731398	3,514079
3,729735	3,516688
3,724746	3,517666
3,729735	3,518970
3,736388	3,520275
3,736388	3,520927
3,704790	3,521905
3,713105	3,522883
3,739714	3,525166
3,694811	3,526796
3,734725	3,529405
3,701464	3,530057
3,709779	3,532340
3,701464	3,533318
3,724746	3,534949
3,714768	3,536905
3,706453	3,537557
3,713105	3,537557
3,711442	3,539188
3,706453	3,542123
3,713105	3,542775
3,716431	3,544405
3,716431	3,546362
3,721420	3,547666
3,719757	3,548970
3,714768	3,550275
3,713105	3,552231
3,698137	3,554840
3,728072	3,555166
3,756344	3,557449
3,689822	3,558427
3,724746	3,561036
3,714768	3,562014
3,711442	3,563644
3,703127	3,565275
3,726409	3,566253
3,733061	3,566905
3,708116	3,568862
3,708116	3,570818
3,716431	3,571796
3,709779	3,574079
3,724746	3,575710
3,728072	3,576036
3,719757	3,578644
3,744703	3,579297
3,734725	3,581253
3,723083	3,581905
3,716431	3,583862
3,729735	3,585166
3,711442	3,585492
3,736388	3,587775
3,733061	3,589405
3,726409	3,591036
3,699801	3,592014
3,723083	3,592992
3,714768	3,593970
3,738051	3,594949
3,681507	3,596579
3,704790	3,598536
3,724746	3,599514
3,714768	3,600818
3,721420	3,601797
3,721420	3,604405
3,729735	3,605710
3,716431	3,607014
3,721420	3,608970
3,724746	3,611579
3,704790	3,612557
3,724746	3,614514
3,706453	3,616470
3,731398	3,617449
3,724746	3,618753
3,716431	3,620057
3,729735	3,621688
3,699801	3,621688
3,716431	3,622992
3,716431	3,624623
3,689822	3,625601
3,699801	3,627884
3,729735	3,628536
3,704790	3,630492
3,723083	3,631144
3,708116	3,633753
3,729735	3,635710
3,733061	3,638318
3,729735	3,639297
3,726409	3,639949
3,716431	3,641253
3,681507	3,642884
3,693148	3,643536
3,721420	3,645166
3,706453	3,646797
3,706453	3,649405
3,698137	3,651036
3,721420	3,652340
3,724746	3,653644
3,713105	3,653971
3,691485	3,654623
3,724746	3,657231
3,709779	3,659188
3,718094	3,661471
3,736388	3,663427
3,718094	3,663101
3,724746	3,664731
3,709779	3,665384
3,713105	3,667340
3,716431	3,670275
3,728072	3,671579
3,706453	3,672231
3,723083	3,672884
3,731398	3,673536
3,744703	3,676145
3,718094	3,678427
3,731398	3,680384
3,719757	3,680710
3,746366	3,681362
3,718094	3,683318
3,723083	3,685601
3,726409	3,687232
3,716431	3,688536
3,699801	3,688862
3,736388	3,690492
3,718094	3,692123
3,738051	3,694079
3,729735	3,696688
3,709779	3,697340
3,716431	3,697666
3,703127	3,699297
3,736388	3,701905
3,743040	3,703862
3,716431	3,704188
3,748029	3,705166
3,698137	3,706471
3,721420	3,709079
3,726409	3,711688
3,731398	3,711688
3,683170	3,712014
3,723083	3,714297
3,716431	3,716905
3,714768	3,718536
3,719757	3,717884
3,709779	3,719514
3,744703	3,722449
3,728072	3,724079
3,741377	3,725710
3,738051	3,727014
3,716431	3,727014
3,728072	3,728971
3,716431	3,731253
3,699801	3,732232
3,713105	3,732558
3,699801	3,734514
3,724746	3,736471
3,729735	3,738427
3,734725	3,737449
3,703127	3,740710
3,711442	3,741688
3,719757	3,744949
3,719757	3,745927
3,699801	3,745927
3,718094	3,746906
3,713105	3,749840
3,721420	3,752449
3,703127	3,753101
3,719757	3,753427
3,713105	3,754732
3,733061	3,757340
3,719757	3,759297
3,701464	3,759623
3,693148	3,760275
3,709779	3,761579
3,736388	3,765166
3,738051	3,766145
3,721420	3,766471
3,724746	3,768753
3,728072	3,771036
3,698137	3,771688
3,756344	3,772340
3,729735	3,774623
3,718094	3,778210
3,733061	3,776906
3,733061	3,777232
3,733061	3,780819
3,731398	3,781797
3,724746	3,782775
3,716431	3,784406
3,694811	3,787340
3,714768	3,786688
3,743040	3,789949
3,724746	3,792232
3,698137	3,792232
3,696474	3,793536
3,698137	3,795819
3,699801	3,797449
3,699801	3,796471
3,769648	3,798753
3,772975	3,802340
3,728072	3,802340
3,746366	3,802014
3,726409	3,805275
3,741377	3,806580
3,733061	3,807232
3,728072	3,810493
3,711442	3,812123
3,741377	3,812123
3,738051	3,813753
3,703127	3,816688
3,718094	3,817014
3,704790	3,817340
3,716431	3,821580
3,704790	3,821253
3,699801	3,821906
3,714768	3,824188
3,723083	3,825493
3,736388	3,826145
3,746366	3,828754
3,731398	3,829732
3,758007	3,831036
3,711442	3,833971
3,723083	3,834623
3,718094	3,836580
3,724746	3,838536
3,721420	3,837558
3,738051	3,841145
3,728072	3,841145
3,733061	3,843754
3,754681	3,846036
3,726409	3,844406
3,724746	3,847667
3,726409	3,849297
3,719757	3,849949
3,748029	3,852232
3,739714	3,852884
3,738051	3,856145
3,743040	3,855819
3,754681	3,858101
3,731398	3,860710
3,749692	3,860384
3,734725	3,863319
3,731398	3,862993
3,749692	3,866254
3,748029	3,867232
3,751355	3,867884
3,743040	3,870819
3,787942	3,869188
3,772975	3,873101
3,769648	3,873101
3,777964	3,877014
3,746366	3,876688
3,776301	3,878971
3,774638	3,879949
3,772975	3,880928
3,779627	3,882232
3,774638	3,883536
3,802909	3,886797
3,781290	3,886145
3,797920	3,890058
3,769648	3,889406
3,796257	3,892667
3,782953	3,892015
3,774638	3,895601
3,781290	3,895275
3,822866	3,898210
3,781290	3,897558
3,802909	3,901797
3,764659	3,901471
3,802909	3,904406
3,807899	3,904406
3,777964	3,907993
3,801246	3,907015
3,809562	3,910601
3,786279	3,909623
3,787942	3,913536
3,796257	3,913210
3,814551	3,915493
3,779627	3,916471
3,817877	3,917775
3,779627	3,918754
3,786279	3,921036
3,792931	3,920710
3,806236	3,924297
3,809562	3,924949
3,816214	3,927558
3,822866	3,928210
3,809562	3,929515
3,817877	3,931471
3,792931	3,932449
3,799583	3,934732
3,824529	3,934406
3,819540	3,937341
3,796257	3,937015
3,832844	3,940275
3,809562	3,941254
3,799583	3,941906
3,806236	3,944515
3,789605	3,944841
3,836170	3,947775
3,806236	3,947775
3,807899	3,949732
3,821203	3,952015
3,826192	3,952993
3,804572	3,954623
3,794594	3,954949
3,797920	3,958862
3,796257	3,957884
3,829518	3,960167
3,817877	3,962123
3,814551	3,962449
3,832844	3,965384
3,839496	3,965384
3,806236	3,967667
3,817877	3,969623
3,812888	3,971254
3,802909	3,973210
3,801246	3,972884
3,826192	3,975493
3,792931	3,976145
3,781290	3,977776
3,826192	3,980384
3,839496	3,980384
3,829518	3,982667
3,822866	3,983645
3,819540	3,984297
3,829518	3,987884
3,819540	3,988536
3,792931	3,989515
3,819540	3,992123
3,816214	3,991471
3,812888	3,994080
3,827855	3,996363
3,789605	3,995710
3,797920	3,998319
3,831181	4,000276
3,829518	4,000602
3,794594	4,002884
3,824529	4,004841
3,824529	4,006145
3,812888	4,006471
3,809562	4,009732
3,847812	4,010384
3,816214	4,010710
3,809562	4,012667
3,814551	4,015602
3,811225	4,016254
3,809562	4,016254
3,822866	4,019189
3,816214	4,021145
3,802909	4,021471
3,801246	4,022450
3,807899	4,024406
3,811225	4,026689
3,806236	4,027993
3,802909	4,028319
3,809562	4,031580
3,796257	4,032884
3,806236	4,032884
3,801246	4,034189
3,809562	4,037450
3,827855	4,037450
3,796257	4,038754
3,811225	4,040710
3,799583	4,043645
3,759670	4,044297
3,761333	4,044623
3,772975	4,046580
3,789605	4,048537
3,776301	4,050167
3,789605	4,050819
3,787942	4,051797
3,766322	4,053754
3,791268	4,056037
3,796257	4,057015
3,806236	4,056689
3,751355	4,058971
3,779627	4,061906
3,774638	4,064189
3,769648	4,063537
3,743040	4,064841
3,756344	4,066471
3,779627	4,069732
3,764659	4,070384
3,766322	4,072341
3,797920	4,071037
3,758007	4,074297
3,776301	4,074950
3,764659	4,077232
3,767985	4,079841
3,774638	4,079515
3,754681	4,080819
3,774638	4,083428
3,753018	4,083754
3,758007	4,085711
3,756344	4,087015
3,753018	4,088645
3,762996	4,090276
3,764659	4,092232
3,766322	4,091254
3,756344	4,095493
3,759670	4,097776
3,749692	4,098428
3,758007	4,099732
3,756344	4,099406
3,728072	4,101363
3,706453	4,103319
3,753018	4,104624
3,716431	4,106906
3,738051	4,108863
3,729735	4,109841
3,739714	4,111471
3,733061	4,113102
3,736388	4,113102
3,721420	4,115058
3,723083	4,117341
3,721420	4,118645
3,719757	4,120928
3,733061	4,121906
3,721420	4,123211
3,743040	4,125167
3,738051	4,126471
3,721420	4,128102
3,718094	4,128754
3,723083	4,130711
3,738051	4,133319
3,734725	4,133971
3,736388	4,135602
3,733061	4,136580
3,718094	4,137558
3,759670	4,139515
3,716431	4,140819
3,729735	4,141472
3,734725	4,143102
3,726409	4,144406
3,772975	4,146037
3,734725	4,147015
3,746366	4,148972
3,731398	4,151254
3,741377	4,152885
3,743040	4,154189
3,716431	4,155167
3,723083	4,156145
3,724746	4,158428
3,749692	4,160711
3,762996	4,161689
3,729735	4,163319
3,734725	4,163972
3,706453	4,165928
3,734725	4,167232
3,729735	4,168863
3,728072	4,170493
3,739714	4,171472
3,744703	4,172450
3,726409	4,174080
3,736388	4,174732
3,764659	4,175711
3,723083	4,177667
3,718094	4,178319
3,729735	4,180928
3,724746	4,181906
3,748029	4,184189
3,739714	4,184841
3,724746	4,188102
3,758007	4,189406
3,726409	4,190711
3,724746	4,192341
3,739714	4,194298
3,729735	4,195602
3,721420	4,195928
3,726409	4,197559
3,753018	4,198211
3,718094	4,199189
3,731398	4,201146
3,762996	4,203428
3,729735	4,205059
3,739714	4,206363
3,743040	4,207993
3,736388	4,209950
3,726409	4,210928
3,738051	4,211580
3,744703	4,212885
3,739714	4,214189
3,751355	4,216472
3,729735	4,218754
3,738051	4,220385
3,736388	4,221689
3,739714	4,222667
3,721420	4,222993
3,708116	4,225276
3,724746	4,225276
3,746366	4,227885
3,739714	4,229841
3,739714	4,232124
3,739714	4,233754
3,739714	4,234733
3,756344	4,235059
3,748029	4,236689
3,743040	4,237667
3,744703	4,240276
3,739714	4,241906
3,761333	4,243537
3,734725	4,244189
3,731398	4,244841
3,704790	4,247124
3,728072	4,249080
3,748029	4,251363
3,723083	4,252015
3,739714	4,252667
3,743040	4,252993
3,738051	4,256580
3,748029	4,258211
3,746366	4,259189
3,734725	4,260167
3,746366	4,261146
3,729735	4,263428
3,743040	4,265711
3,751355	4,266689
3,744703	4,267015
3,758007	4,268320
3,779627	4,271907
3,761333	4,272559
3,777964	4,271580
3,789605	4,274841
3,769648	4,277124
3,774638	4,278754
3,758007	4,279080
3,781290	4,280385
3,779627	4,282994
3,769648	4,283646
3,787942	4,284298
3,779627	4,287233
3,786279	4,289189
3,753018	4,289515
3,772975	4,290494
3,792931	4,292776
3,782953	4,293754
3,779627	4,294407
3,789605	4,296363
3,782953	4,299624
3,769648	4,299298
3,771312	4,300928
3,804572	4,303211
3,776301	4,302885
3,771312	4,304189
3,777964	4,308102
3,786279	4,308102
3,787942	4,309733
3,811225	4,312015
3,769648	4,311689
3,787942	4,313320
3,809562	4,317233
3,787942	4,317233
3,782953	4,318863
3,787942	4,321146
3,784616	4,322450
3,784616	4,324081
3,811225	4,326037
3,782953	4,325059
3,796257	4,328320
3,774638	4,328646
3,786279	4,330602
3,786279	4,332885
3,822866	4,332233
3,797920	4,336146
3,796257	4,336472
3,784616	4,337450
3,782953	4,340385
3,796257	4,340385
3,814551	4,342668
3,804572	4,344298
3,787942	4,345276
3,789605	4,347233
3,786279	4,347885
3,801246	4,350494
3,801246	4,351798
3,811225	4,352450
3,801246	4,354407
3,779627	4,354081
3,782953	4,357668
3,812888	4,358320
3,809562	4,359950
3,809562	4,361907
3,787942	4,362559
3,811225	4,364189
3,819540	4,366798
3,802909	4,367124
3,817877	4,370059
3,809562	4,369081
3,822866	4,372668
3,811225	4,373320
3,807899	4,375276
3,796257	4,375602
3,784616	4,377233
3,797920	4,379515
3,814551	4,379515
3,796257	4,382450
3,842823	4,382450
3,796257	4,385385
3,822866	4,385385
3,787942	4,387994
3,791268	4,388646
3,819540	4,391907
3,782953	4,391255
3,804572	4,393863
3,787942	4,394842
3,799583	4,397450
3,804572	4,398429
3,822866	4,400059
3,819540	4,400711
3,806236	4,402668
3,794594	4,402668
3,807899	4,406581
3,802909	4,405276
3,797920	4,408211
3,814551	4,408537
3,802909	4,412776
3,791268	4,412124
3,809562	4,415059
3,812888	4,415059
3,796257	4,417016
3,799583	4,418972
3,787942	4,419624
3,811225	4,422233
3,786279	4,422233
3,799583	4,424842
3,809562	4,425820
3,797920	4,428429
3,796257	4,428102
3,786279	4,431363
3,792931	4,430711
3,787942	4,432994
3,777964	4,435603
3,794594	4,435603
3,769648	4,438537
3,779627	4,437233
3,801246	4,441146
3,767985	4,440820
3,787942	4,444407
3,776301	4,443755
3,771312	4,447016
3,781290	4,448646
3,806236	4,448972
3,769648	4,451581
3,799583	4,450929
3,801246	4,454189
3,807899	4,455168
3,791268	4,456146
3,806236	4,459733
3,776301	4,458429
3,806236	4,460711
3,786279	4,462668
3,777964	4,463972
3,794594	4,466255
3,774638	4,465929
3,784616	4,467885
3,777964	4,470820
3,792931	4,470494
3,769648	4,472124
3,796257	4,475059
3,801246	4,474407
3,802909	4,478320
3,801246	4,478320
3,777964	4,478320
3,771312	4,481907
3,781290	4,481907
3,777964	4,484190
3,801246	4,486146
3,786279	4,486472
3,779627	4,489081
3,769648	4,491363
3,769648	4,491690
3,751355	4,492342
3,759670	4,495277
3,739714	4,495929
3,789605	4,497233
3,756344	4,499842
3,784616	4,499842
3,754681	4,500494
3,771312	4,503429
3,761333	4,505711
3,766322	4,505711
3,729735	4,507016
3,743040	4,510603
3,758007	4,509950
3,749692	4,510929
3,746366	4,512885
3,759670	4,515820
3,756344	4,517450
3,761333	4,517124
3,743040	4,519407
3,731398	4,521690
3,756344	4,523320
3,726409	4,523320
3,728072	4,525277
3,734725	4,526581
3,751355	4,528864
3,716431	4,529190
3,711442	4,530168
3,743040	4,531472
3,729735	4,535385
3,713105	4,535711
3,713105	4,536364
3,713105	4,537342
3,739714	4,539951
3,739714	4,541907
3,734725	4,542559
3,724746	4,542559
3,729735	4,545168
3,728072	4,547777
3,729735	4,549733
3,728072	4,549733
3,718094	4,551364
3,739714	4,552342
3,738051	4,554951
3,726409	4,556581
3,731398	4,557559
3,729735	4,559190
3,716431	4,559190
3,733061	4,560820
3,696474	4,563755
3,729735	4,565385
3,736388	4,567016
3,736388	4,568646
3,719757	4,567994
3,728072	4,569624
3,731398	4,572233
3,733061	4,574190
3,721420	4,575820
3,698137	4,577777
3,708116	4,578429
3,713105	4,578755
3,706453	4,580385
3,739714	4,581038
3,756344	4,582668
3,739714	4,584951
3,719757	4,587559
3,716431	4,588211
3,711442	4,590820
3,756344	4,591472
3,736388	4,593103
3,734725	4,593755
3,741377	4,595059
3,738051	4,596364
3,731398	4,597342
3,748029	4,599298
3,716431	4,600929
3,704790	4,603538
3,738051	4,604516
3,716431	4,607125
3,724746	4,608103
3,723083	4,608755
3,723083	4,611038
3,716431	4,611690
3,758007	4,613972
3,751355	4,614951
3,713105	4,617559
3,723083	4,617559
3,741377	4,617559
3,723083	4,620494
3,713105	4,621799
3,736388	4,623103
3,716431	4,624407
3,711442	4,625385
3,723083	4,627342
3,718094	4,627668
3,708116	4,628972
3,711442	4,630929
3,716431	4,632559
3,726409	4,634842
3,724746	4,635820
3,716431	4,637451
3,714768	4,638429
3,718094	4,640386
3,734725	4,642016
3,724746	4,642994
3,733061	4,645277
3,751355	4,647886
3,744703	4,649190
3,738051	4,650494
3,758007	4,652451
3,726409	4,653755
3,726409	4,654733
3,733061	4,655386
3,729735	4,656690
3,754681	4,657668
3,741377	4,658972
3,729735	4,660929
3,749692	4,663538
3,701464	4,663864
3,728072	4,666146
3,731398	4,668103
3,733061	4,670059
3,743040	4,671364
3,716431	4,672016
3,734725	4,672342
3,711442	4,673973
3,736388	4,675277
3,711442	4,676581
3,716431	4,677886
3,728072	4,679842
3,739714	4,681799
3,754681	4,684081
3,749692	4,685712
3,746366	4,687016
3,743040	4,688320
3,739714	4,687994
3,759670	4,690929
3,749692	4,692233
3,718094	4,693864
3,739714	4,695168
3,718094	4,697777
3,733061	4,698103
3,754681	4,699081
3,746366	4,700386
3,749692	4,701364
3,754681	4,703646
3,741377	4,705929
3,751355	4,707886
3,751355	4,708538
3,734725	4,709842
3,729735	4,710494
3,738051	4,710820
3,729735	4,714081
3,731398	4,716038
3,734725	4,717342
3,709779	4,718320
3,738051	4,718647
3,739714	4,720603
3,743040	4,723864
3,758007	4,724516
3,721420	4,725168
3,729735	4,726473
3,724746	4,729407
3,721420	4,729734
3,733061	4,732016
3,724746	4,732994
3,751355	4,734625
3,744703	4,736581
3,719757	4,738212
3,741377	4,738212
3,738051	4,738538
3,744703	4,742777
3,731398	4,744407
3,726409	4,744734
3,743040	4,745060
3,723083	4,747668
3,724746	4,750277
3,756344	4,750929
3,728072	4,751255
3,719757	4,752886
3,738051	4,755494
3,744703	4,757125
3,706453	4,757451
3,729735	4,758755
3,729735	4,761364
3,746366	4,763321
3,734725	4,763973
3,749692	4,765277
3,736388	4,766255
3,706453	4,768864
3,713105	4,768864
3,726409	4,770168
3,713105	4,773103
3,714768	4,774734
3,718094	4,775060
3,728072	4,776364
3,743040	4,778973
3,746366	4,779951
3,724746	4,779951
3,723083	4,782560
3,739714	4,782560
3,744703	4,785168
3,721420	4,786147
3,726409	4,789408
3,743040	4,791364
3,741377	4,787777
3,734725	4,793647
3,759670	4,795277
3,743040	4,795277
3,743040	4,796908
3,746366	4,799516
3,734725	4,800168
3,714768	4,800821
3,741377	4,804734
3,744703	4,805386
3,738051	4,805386
3,749692	4,807342
3,738051	4,809625
3,731398	4,809299
3,736388	4,812234
3,713105	4,813864
3,721420	4,813538
3,721420	4,816799
3,739714	4,818103
3,738051	4,818103
3,733061	4,820712
3,724746	4,822668
3,723083	4,822995
3,723083	4,825603
3,713105	4,826908
3,709779	4,827886
3,714768	4,829190
3,723083	4,830821
3,698137	4,832451
3,703127	4,835060
3,698137	4,835386
3,729735	4,837016
3,738051	4,838321
3,699801	4,838647
3,726409	4,841908
3,719757	4,841908
3,721420	4,843864
3,713105	4,845495
3,721420	4,846473
3,718094	4,848755
3,723083	4,849082
3,716431	4,851690
3,744703	4,852995
3,724746	4,853321
3,703127	4,853973
3,716431	4,856255
3,731398	4,859842
3,731398	4,860169
3,703127	4,861147
3,709779	4,864082
3,711442	4,863103
3,731398	4,867342
3,696474	4,867016
3,713105	4,870277
3,728072	4,869951
3,701464	4,872560
3,704790	4,872886
3,724746	4,874516
3,721420	4,877125
3,744703	4,877125
3,723083	4,880060
3,719757	4,880060
3,716431	4,883321
3,729735	4,883321
3,743040	4,884299
3,718094	4,885929
3,741377	4,888538
3,709779	4,888864
3,723083	4,892125
3,726409	4,891473
3,716431	4,894734
3,728072	4,894734
3,723083	4,898321
3,743040	4,897343
3,726409	4,900277
3,731398	4,899625
3,723083	4,903538
3,711442	4,902886
3,724746	4,906147
3,703127	4,907125
3,723083	4,908103
3,728072	4,910386
3,721420	4,911364
3,746366	4,913321
3,721420	4,913973
3,719757	4,915930
3,723083	4,916582
3,729735	4,919516
3,733061	4,920169
3,716431	4,922125
3,719757	4,924082
3,718094	4,924408
3,741377	4,926364
3,718094	4,927016
3,724746	4,929625
3,711442	4,929299
3,734725	4,932234
3,729735	4,933864
3,728072	4,934843
3,738051	4,937451
3,734725	4,937451
3,729735	4,940060
3,733061	4,940712
3,719757	4,941364
3,751355	4,944299
3,729735	4,944625
3,738051	4,946908
3,718094	4,947886
3,736388	4,948538
3,744703	4,951147
3,718094	4,953103
3,729735	4,953756
3,723083	4,956690
3,743040	4,956038
3,756344	4,957343
3,739714	4,960604
3,716431	4,960604
3,726409	4,963538
3,741377	4,965169
3,709779	4,963864
3,728072	4,966799
3,721420	4,969408
3,698137	4,969734
3,716431	4,971690
3,741377	4,973973
3,724746	4,973973
3,729735	4,974951
3,726409	4,978538
3,703127	4,979191
3,723083	4,979191
3,729735	4,983104
3,716431	4,983756
3,699801	4,983756
3,723083	4,986364
3,744703	4,987995
3,731398	4,988321
3,729735	4,991256
3,723083	4,993212
3,721420	4,993538
3,713105	4,994191
3,713105	4,997777
3,716431	4,997777
3,723083	4,999082
3,723083	5,001364
3,733061	5,003321
3,736388	5,002995
3,741377	5,004299
3,726409	5,006256
3,734725	5,007886
3,736388	5,009191
3,731398	5,010495
3,721420	5,013104
3,726409	5,014734
3,759670	5,015060
3,756344	5,015712
3,751355	5,018647
3,729735	5,020930
3,719757	5,020930
3,719757	5,021908
3,736388	5,023538
3,726409	5,026147
3,721420	5,027778
3,749692	5,028430
3,724746	5,028756
3,708116	5,032017
3,726409	5,033973
3,728072	5,035604
3,743040	5,035930
3,726409	5,036582
3,713105	5,038865
3,743040	5,040821
3,743040	5,043430
3,746366	5,044082
3,728072	5,044082
3,756344	5,045060
3,748029	5,048321
3,733061	5,048973
3,738051	5,052234
3,736388	5,052560
3,719757	5,052560
3,736388	5,053538
3,736388	5,055821
3,733061	5,058756
3,729735	5,060060
3,738051	5,062017
3,729735	5,062995
3,721420	5,063321
3,749692	5,063973
3,721420	5,065930
3,744703	5,066908
3,744703	5,070169
3,711442	5,070821
3,711442	5,072452
3,724746	5,075712
3,746366	5,076039
3,769648	5,078647
3,746366	5,078321
3,743040	5,079625
3,744703	5,080930
3,723083	5,081908
3,739714	5,083539
3,709779	5,084843
3,713105	5,086799
3,723083	5,088104
3,739714	5,090712
3,729735	5,091691
3,701464	5,093973
3,729735	5,094952
3,761333	5,096256
3,734725	5,097886
3,751355	5,100821
3,723083	5,101799
3,754681	5,103104
3,756344	5,104408
3,733061	5,105386
3,731398	5,106691
3,744703	5,107995
3,761333	5,108647
3,766322	5,110930
3,716431	5,113212
3,741377	5,113865
3,743040	5,115821
3,749692	5,118104
3,741377	5,118104
3,743040	5,120386
3,743040	5,120386
3,749692	5,123321
3,771312	5,123321
3,736388	5,125278
3,749692	5,126908
3,746366	5,128213
3,756344	5,130821
3,744703	5,131799
3,761333	5,132778
3,746366	5,134082
3,744703	5,135386
3,748029	5,137017
3,749692	5,137669
3,738051	5,139626
3,753018	5,140278
3,743040	5,142234
3,738051	5,142886
3,749692	5,145495
3,743040	5,146147
3,738051	5,147778
3,738051	5,150060
3,731398	5,151365
3,724746	5,153321
3,748029	5,155930
3,761333	5,156582
3,751355	5,157886
3,733061	5,159517
3,748029	5,161800
3,719757	5,161800
3,736388	5,163104
3,753018	5,163756
3,746366	5,165713
3,749692	5,167017
3,748029	5,168647
3,741377	5,169300
3,743040	5,170604
3,739714	5,173213
3,751355	5,175169
3,738051	5,176800
3,754681	5,178430
3,736388	5,180060
3,758007	5,181365
3,743040	5,181691
3,744703	5,182995
3,756344	5,184626
3,756344	5,185604
3,754681	5,187887
3,743040	5,189843
3,749692	5,192126
3,738051	5,192452
3,713105	5,194408
3,748029	5,194408
3,751355	5,196039
3,764659	5,197669
3,754681	5,200930
3,749692	5,201908
3,764659	5,203539
3,774638	5,204517
3,772975	5,205169
3,746366	5,205821
3,754681	5,207778
3,767985	5,210061
3,753018	5,212669
3,764659	5,212995
3,761333	5,213974
3,751355	5,215278
3,754681	5,216908
3,739714	5,218539
3,743040	5,220821
3,759670	5,221474
3,766322	5,224408
3,744703	5,224408
3,761333	5,225713
3,754681	5,227995
3,761333	5,229626
3,748029	5,230604
3,738051	5,231256
3,749692	5,232561
3,738051	5,233865
3,738051	5,236800
3,736388	5,238756
3,744703	5,240061
3,728072	5,239734
3,729735	5,242017
3,744703	5,244300
3,751355	5,245930
3,734725	5,246908
3,728072	5,247561
3,784616	5,248865
3,758007	5,252452
3,758007	5,252452
3,746366	5,253104
3,759670	5,255061
3,744703	5,257017
3,746366	5,258974
3,739714	5,260278
3,761333	5,260930
3,734725	5,261582
3,766322	5,264517
3,719757	5,265495
3,736388	5,266148
3,734725	5,267126
3,743040	5,270387
3,738051	5,271691
3,721420	5,272343
3,761333	5,275604
3,733061	5,276908
3,746366	5,276908
3,736388	5,278213
3,754681	5,280822
3,734725	5,280822
3,739714	5,282126
3,721420	5,285387
3,733061	5,285713
3,739714	5,287017
3,749692	5,288322
3,749692	5,290930
3,726409	5,291256
3,753018	5,293213
3,739714	5,295495
3,744703	5,295495
3,748029	5,298104
3,751355	5,299409
3,762996	5,299409
3,756344	5,301691
3,744703	5,303974
3,744703	5,304300
3,738051	5,306909
3,733061	5,308539
3,758007	5,308213
3,739714	5,311800
3,733061	5,313104
3,736388	5,313756
3,756344	5,315713
3,738051	5,315713
3,724746	5,317669
3,754681	5,320930
3,748029	5,320604
3,753018	5,323539
3,784616	5,324191
3,769648	5,324191
3,769648	5,328756
3,739714	5,327778
3,731398	5,331365
3,758007	5,331365
3,751355	5,332669
3,751355	5,335604
3,739714	5,335278
3,767985	5,337561
3,776301	5,337235
3,724746	5,340496
3,749692	5,340169
3,764659	5,343756
3,736388	5,344409
3,761333	5,347017
3,761333	5,347669
3,753018	5,348974
3,739714	5,350930
3,762996	5,352561
3,754681	5,354191
3,738051	5,354843
3,739714	5,356148
3,739714	5,356800
3,743040	5,359735
3,741377	5,360061
3,754681	5,362996
3,724746	5,362669
3,766322	5,365930
3,749692	5,365604
3,759670	5,367887
3,749692	5,368539
3,786279	5,371474
3,749692	5,371800
3,721420	5,375387
3,736388	5,374083
3,758007	5,377670
3,743040	5,377996
3,761333	5,380278
3,748029	5,380930
3,756344	5,383865
3,738051	5,383213
3,759670	5,386148
3,741377	5,386474
3,748029	5,389083
3,753018	5,389409
3,748029	5,392017
3,748029	5,391365
3,734725	5,395278
3,761333	5,395930
3,759670	5,397887
3,753018	5,398213
3,743040	5,399517
3,753018	5,401800
3,756344	5,403430
3,738051	5,404735
3,749692	5,405713
3,751355	5,407670
3,759670	5,407670
3,743040	5,410604
3,756344	5,410930
3,734725	5,413213
3,744703	5,415170
3,744703	5,415822
3,718094	5,418757
3,709779	5,418757
3,734725	5,422017
3,723083	5,421039
3,738051	5,423974
3,741377	5,425604
3,734725	5,425930
3,729735	5,429191
3,721420	5,429844
3,724746	5,431474
3,739714	5,431800
3,736388	5,433757
3,741377	5,435387
3,733061	5,436365
3,734725	5,437017
3,741377	5,440278
3,744703	5,442235
3,726409	5,441583
3,746366	5,444517
3,759670	5,445496
3,726409	5,446800
3,743040	5,448757
3,754681	5,449083
3,749692	5,452017
3,728072	5,453974
3,714768	5,453974
3,726409	5,454952
3,719757	5,458213
3,719757	5,458213
3,724746	5,459191
3,734725	5,462126
3,771312	5,463757
3,746366	5,464083
3,731398	5,464735
3,751355	5,467996
3,769648	5,468322
3,729735	5,469952
3,734725	5,471909
3,743040	5,474844
3,746366	5,473539
3,733061	5,476148
3,748029	5,478105
3,762996	5,479409
3,758007	5,479735
3,729735	5,481365
3,744703	5,484300
3,739714	5,485931
3,726409	5,485278
3,762996	5,488213
3,756344	5,490496
3,766322	5,490822
3,744703	5,491474
3,733061	5,493105
3,743040	5,496691
3,748029	5,497344
3,746366	5,497670
3,758007	5,498974
3,719757	5,501257
3,724746	5,503213
3,756344	5,504192
3,733061	5,505170
3,734725	5,506800
3,743040	5,509735
3,744703	5,510387
3,729735	5,512018
3,738051	5,512344
3,748029	5,513974
3,716431	5,515931
3,751355	5,518539
3,731398	5,518539
3,751355	5,519518
3,699801	5,520496
3,723083	5,523105
3,734725	5,525061
3,753018	5,527018
3,746366	5,528322
3,741377	5,528974
3,733061	5,529952
3,733061	5,530605
3,744703	5,533213
3,749692	5,534844
3,746366	5,537452
3,716431	5,538105
3,749692	5,537779
3,729735	5,540387
3,772975	5,540713
3,739714	5,543322
3,733061	5,544626
3,723083	5,547235
3,724746	5,549192
3,716431	5,550496
3,743040	5,551148
3,711442	5,552452
3,719757	5,553431
3,743040	5,553431
3,726409	5,556366
3,733061	5,558322
3,767985	5,560605
3,749692	5,562235
3,759670	5,563539
3,746366	5,564844
3,738051	5,565496
3,769648	5,565822
3,723083	5,567452
3,739714	5,568757
3,704790	5,571039
3,739714	5,572670
3,724746	5,574300
3,734725	5,576583
3,721420	5,577235
3,741377	5,578213
3,756344	5,580170
3,744703	5,581800
3,736388	5,582779
3,733061	5,583757
3,721420	5,584735
3,719757	5,586366
3,744703	5,588322
3,743040	5,589626
3,723083	5,592235
3,721420	5,592235
3,734725	5,594192
3,728072	5,594844
3,728072	5,596474
3,736388	5,598431
3,738051	5,599409
3,729735	5,600713
3,709779	5,602670
3,739714	5,604953
3,729735	5,605931
3,738051	5,607561
3,738051	5,608866
3,711442	5,610496
3,701464	5,612126
3,719757	5,612779
3,708116	5,614409
3,709779	5,616040
3,718094	5,617344
3,728072	5,618974
3,706453	5,620931
3,724746	5,623213
3,724746	5,624518
3,728072	5,626474
3,733061	5,627779
3,723083	5,629083
3,728072	5,630387
3,726409	5,632344
3,738051	5,632344
3,706453	5,632996
3,708116	5,635605
3,696474	5,636583
3,721420	5,638540
3,698137	5,640170
3,716431	5,641800
3,711442	5,642779
3,723083	5,643757
3,709779	5,647018
3,696474	5,647670
3,726409	5,648322
3,718094	5,649300
3,731398	5,651583
3,701464	5,652561
3,704790	5,653540
3,713105	5,655170
3,713105	5,657127
3,703127	5,659083
3,724746	5,661366
3,734725	5,662670
3,726409	5,664301
3,706453	5,664953
3,716431	5,665605
3,686496	5,666909
3,729735	5,669844
3,744703	5,671801
3,711442	5,673105
3,696474	5,674083
3,713105	5,674735
3,731398	5,676366
3,708116	5,678322
3,746366	5,680931
3,718094	5,680931
3,699801	5,680931
3,716431	5,683540
3,741377	5,685496
3,733061	5,687127
3,719757	5,688757
3,699801	5,688757
3,718094	5,691692
3,716431	5,693322
3,731398	5,694301
3,699801	5,695279
3,713105	5,695605
3,714768	5,698540
3,716431	5,701148
3,694811	5,700822
3,721420	5,702779
3,734725	5,705061
3,704790	5,706366
3,713105	5,707018
3,703127	5,709627
3,714768	5,711257
3,689822	5,711257
3,673192	5,711583
3,714768	5,715170
3,701464	5,716475
3,679844	5,718105
3,704790	5,718105
3,686496	5,721692
3,691485	5,722018
3,696474	5,722996
3,679844	5,723975
3,709779	5,726909
3,684833	5,726583
3,694811	5,728866
3,689822	5,730822
3,659887	5,732453
3,678181	5,733431
3,713105	5,736040
3,694811	5,736040
3,703127	5,736692
3,681507	5,740279
3,689822	5,741257
3,693148	5,742562
3,703127	5,744518
3,728072	5,746148
3,693148	5,744192
3,723083	5,748757
3,699801	5,750062
3,693148	5,750388
3,696474	5,752344
3,688159	5,754627
3,708116	5,755279
3,686496	5,755605
3,696474	5,758866
3,689822	5,759192
3,689822	5,762127
3,699801	5,762453
3,696474	5,763105
3,696474	5,767018
3,716431	5,765714
3,719757	5,767344
3,698137	5,770931
3,668203	5,770605
3,696474	5,773540
3,713105	5,774844
3,699801	5,774518
3,693148	5,776149
3,701464	5,778757
3,704790	5,778757
3,749692	5,782670
3,721420	5,782670
3,701464	5,785931
3,711442	5,785605
3,716431	5,786257
3,698137	5,790170
3,699801	5,789844
