2,312820	0,987878
1,907036	0,986574
2,194743	0,986248
2,023449	0,987878
2,096624	0,988857
1,978547	0,988205
2,031765	0,988205
2,178113	0,991792
2,151504	0,993748
2,121569	0,995705
2,116580	0,996357
1,940297	0,996683
2,136537	0,995705
1,951938	1,000596
2,040080	1,002552
2,229667	1,004835
1,912025	1,005161
2,063363	1,006792
1,980210	1,008096
2,249624	1,009074
2,188091	1,010705
2,021786	1,012661
2,124895	1,011031
2,267917	1,015270
2,060037	1,017552
2,229667	1,019183
2,307830	1,020813
1,943623	1,020487
2,000167	1,023422
2,109928	1,024726
2,154830	1,027335
2,096624	1,028639
1,787297	1,029618
1,872112	1,031574
1,945286	1,032552
2,065026	1,035487
2,279559	1,035161
2,021786	1,036792
2,026776	1,038096
2,136537	1,040053
2,093297	1,041031
2,123232	1,041357
2,118243	1,043639
2,181439	1,044618
2,143189	1,045596
1,827210	1,048205
2,186428	1,050487
1,951938	1,051792
2,153167	1,052770
1,983536	1,054400
1,903710	1,054726
2,023449	1,056683
2,061700	1,059618
1,940297	1,061248
2,131548	1,063205
1,893732	1,064509
2,193080	1,064835
2,116580	1,066140
1,913688	1,067444
2,073341	1,070379
2,116580	1,072335
2,254613	1,072009
2,103276	1,072661
2,415929	1,075270
1,950275	1,077226
1,882091	1,079183
2,109928	1,078857
2,119906	1,081140
2,031765	1,083096
2,109928	1,085053
2,096624	1,085379
2,134874	1,087009
2,126558	1,089292
1,892069	1,090270
2,073341	1,090922
2,060037	1,093531
2,134874	1,095813
2,021786	1,096140
2,183102	1,096792
2,041743	1,099400
1,978547	1,101031
1,966906	1,101031
2,206385	1,103966
1,935308	1,105922
1,966906	1,104944
2,114917	1,108205
1,996841	1,110487
2,239646	1,110487
2,111591	1,113096
1,926993	1,111792
2,084982	1,114074
2,149841	1,117335
1,960254	1,118966
2,020123	1,118966
2,188091	1,119292
1,973558	1,124183
2,073341	1,122879
1,966906	1,127444
1,955265	1,127444
2,114917	1,128096
2,236319	1,130705
2,159819	1,132009
2,176450	1,132009
2,018460	1,135922
2,051721	1,134944
2,060037	1,138531
1,996841	1,139509
2,239646	1,140487
2,136537	1,141140
2,119906	1,143422
2,234656	1,146357
2,218026	1,145379
1,895395	1,148640
1,990189	1,149944
2,010145	1,152227
1,925330	1,152553
2,126558	1,154183
2,156493	1,156792
2,015134	1,156140
2,158156	1,160053
2,033428	1,159074
2,124895	1,162661
2,056710	1,162009
2,229667	1,164618
2,036754	1,165596
2,196406	1,166901
2,096624	1,169183
2,063363	1,170814
2,094961	1,171140
2,055047	1,173748
1,990189	1,175705
2,176450	1,175705
2,161482	1,179292
2,371026	1,178314
2,352733	1,180922
2,189754	1,181901
2,075004	1,183531
2,176450	1,186140
2,169798	1,186140
2,223015	1,188422
2,013471	1,189727
2,138200	1,190053
2,113254	1,193966
2,056710	1,193966
2,048395	1,194292
2,173124	1,197227
2,146515	1,196575
2,020123	1,200814
2,084982	1,200814
2,425907	1,204075
2,070015	1,206031
2,317809	1,201792
1,912025	1,207335
1,956928	1,209618
2,221352	1,209618
2,026776	1,212227
2,203059	1,213531
2,084982	1,213857
2,274570	1,216792
1,988526	1,218422
2,289537	1,217770
1,953602	1,221683
2,083319	1,222988
2,184765	1,222988
2,011808	1,226249
2,043406	1,226901
2,011808	1,227879
2,327787	1,230488
2,329450	1,231792
2,139863	1,230814
2,321135	1,233749
2,158156	1,235705
2,186428	1,236357
2,246298	1,237009
2,134874	1,240270
2,271243	1,240922
2,242972	1,242553
2,379341	1,244183
2,116580	1,246466
2,312820	1,246466
2,124895	1,248422
2,419255	1,251357
2,174787	1,252988
2,234656	1,252662
2,276233	1,254618
2,251287	1,256249
2,437548	1,258205
2,319472	1,259509
2,417592	1,260488
2,389320	1,262118
2,351070	1,264727
2,186428	1,266357
2,038417	1,266031
2,119906	1,267009
2,356059	1,269618
2,402624	1,271575
2,163145	1,272879
2,415929	1,273857
2,392646	1,273857
2,425907	1,276140
2,439211	1,279075
2,475798	1,280705
2,465820	1,282988
2,405950	1,283314
2,514048	1,283966
2,465820	1,285270
2,535668	1,286249
2,412602	1,288531
2,359385	1,289183
2,409276	1,292118
2,382668	1,296031
2,450852	1,295705
2,628798	1,296683
2,615494	1,297010
2,510722	1,298966
2,209711	1,299944
2,410939	1,300923
2,462494	1,303531
2,683679	1,304836
2,302841	1,307118
2,439211	1,308423
2,489103	1,309075
2,553961	1,312010
2,492429	1,312988
2,519037	1,314618
2,490766	1,315270
2,735233	1,316575
2,603853	1,318205
2,512385	1,318857
2,525690	1,320162
2,612168	1,322444
2,693657	1,323097
2,778473	1,324727
2,658733	1,325705
2,790114	1,327988
2,630462	1,329292
2,505733	1,330270
2,763505	1,332553
2,587222	1,333531
2,548972	1,335162
2,592211	1,336466
2,825038	1,337770
2,884908	1,339401
2,798429	1,340705
2,760179	1,342662
2,816723	1,343314
2,514048	1,345597
2,775147	1,346575
2,801755	1,348205
2,953093	1,349836
2,826701	1,351792
2,703636	1,353423
2,879919	1,354727
2,871603	1,355379
2,711951	1,357662
2,893223	1,358640
2,918169	1,361249
2,873266	1,362553
2,635451	1,363857
2,996332	1,365814
2,919832	1,367118
2,903201	1,368749
2,964734	1,371031
3,254104	1,372988
2,946440	1,373966
2,868277	1,375271
3,122723	1,375923
3,219180	1,377879
3,174278	1,378531
3,072832	1,379836
3,134365	1,381792
3,079484	1,382771
3,069506	1,384401
3,333930	1,384727
3,225832	1,386684
3,264082	1,389292
3,362202	1,389944
3,232484	1,392227
3,447017	1,393531
3,447017	1,396140
3,415420	1,396466
3,380496	1,398097
3,427061	1,399727
3,398789	1,400705
3,531833	1,401684
3,428724	1,403640
3,528507	1,405597
3,576735	1,407227
3,619974	1,409510
3,540148	1,409510
3,583387	1,410814
3,676518	1,412445
3,644920	1,413749
3,575072	1,414075
3,558442	1,417988
3,639931	1,418966
3,561768	1,421575
3,360539	1,422227
3,442028	1,423532
3,473626	1,423205
3,563431	1,424836
3,335593	1,426140
3,383822	1,428097
3,383822	1,430379
3,335593	1,432336
3,287365	1,433640
3,332267	1,434945
3,279050	1,436575
3,328941	1,436575
3,129376	1,437879
3,209202	1,440488
3,099441	1,442445
2,943114	1,443749
3,107756	1,445705
3,139354	1,445379
3,047886	1,447010
2,891560	1,449292
2,886571	1,451575
2,823375	1,453532
2,840005	1,453858
2,913179	1,454836
2,687005	1,456466
2,815060	1,458423
2,869940	1,460379
3,006310	1,462662
2,705299	1,462988
2,791777	1,463966
2,567266	1,464292
2,573918	1,467879
2,598864	1,469184
2,558951	1,469836
2,568929	1,470814
2,572255	1,472119
2,519037	1,475053
2,805081	1,476684
2,677027	1,477010
2,713614	1,477662
2,550635	1,480923
2,519037	1,482553
2,833353	1,483532
2,419255	1,483858
2,547309	1,486466
2,603853	1,488749
2,585559	1,489075
2,464157	1,489401
2,527353	1,492010
2,635451	1,493966
2,622146	1,494945
2,648755	1,496575
2,705299	1,497553
2,495755	1,500814
2,665386	1,501140
2,618820	1,502445
2,607179	1,505053
2,603853	1,506032
2,558951	1,506032
2,332776	1,508314
2,637114	1,510271
2,711951	1,510597
2,550635	1,512553
2,585559	1,514836
2,617157	1,516140
2,465820	1,516466
2,505733	1,518749
2,605516	1,521358
2,410939	1,521684
2,726918	1,522010
2,645429	1,524945
2,716940	1,527553
2,761842	1,525923
2,733570	1,528206
2,535668	1,532445
2,670375	1,530814
2,665386	1,533097
2,479124	1,535706
2,573918	1,536684
2,652081	1,537336
2,652081	1,539619
2,766831	1,541249
2,550635	1,540923
2,618820	1,543858
2,319472	1,544836
2,542320	1,545814
2,485776	1,548423
2,409276	1,551032
2,761842	1,550053
2,565603	1,552336
2,590548	1,554619
2,708625	1,553640
2,750201	1,556575
2,731907	1,558532
2,731907	1,559184
2,648755	1,561467
2,701973	1,563423
2,402624	1,560488
2,637114	1,566032
2,390983	1,566684
2,390983	1,566358
2,635451	1,570597
2,595538	1,572227
2,407613	1,570597
2,720266	1,575162
2,568929	1,574184
2,660396	1,576140
2,610505	1,579401
2,883245	1,581684
2,572255	1,580380
2,495755	1,582662
2,755190	1,584945
2,708625	1,585597
2,894886	1,588206
2,648755	1,589836
2,695320	1,589510
2,783462	1,592445
2,971386	1,593423
2,642103	1,594075
2,643766	1,597010
2,691994	1,598314
2,687005	1,598314
2,841668	1,601901
2,833353	1,602554
2,770157	1,602228
2,843332	1,605162
3,036245	1,606793
3,049549	1,607771
2,898212	1,610706
3,071169	1,610706
2,798429	1,612662
2,903201	1,615271
2,948103	1,614293
2,993006	1,617554
3,036245	1,617554
2,948103	1,620162
2,958082	1,621793
2,858299	1,620814
3,031256	1,623423
2,750201	1,625706
2,723592	1,627988
2,851647	1,629619
3,111082	1,629619
2,755190	1,631901
2,657070	1,632554
2,765168	1,632228
2,796766	1,637445
2,583896	1,636793
2,864951	1,639401
2,593875	1,641032
2,482450	1,641358
2,854973	1,643967
2,735233	1,644619
2,607179	1,644293
2,580570	1,649510
2,750201	1,648858
2,858299	1,650488
2,563940	1,653097
2,542320	1,653097
2,668712	1,656032
2,470809	1,657010
2,296189	1,657662
2,449189	1,658967
2,716940	1,660923
2,527353	1,663858
2,793440	1,664836
2,622146	1,664510
2,568929	1,668749
2,455842	1,668423
2,563940	1,669075
2,550635	1,672336
2,547309	1,672662
2,610505	1,674945
2,665386	1,675597
2,738560	1,677228
2,605516	1,679510
2,480787	1,680162
2,652081	1,682771
2,683679	1,682445
2,701973	1,684728
2,535668	1,687989
2,916506	1,686684
2,467483	1,689945
2,854973	1,690923
2,753527	1,692880
2,808408	1,693858
2,893223	1,694836
2,751864	1,695489
2,811734	1,696467
2,755190	1,699402
2,811734	1,700380
2,926484	1,703967
2,675364	1,702989
2,753527	1,705923
2,866614	1,706902
2,898212	1,708858
2,958082	1,709836
2,896549	1,712119
2,904864	1,713423
2,943114	1,714728
3,072832	1,715054
3,086136	1,716358
2,934799	1,719293
2,944777	1,719619
2,833353	1,722228
2,791777	1,722554
2,821712	1,725489
2,741886	1,725163
3,122723	1,727445
2,788451	1,728749
2,758516	1,730706
2,820049	1,731358
2,815060	1,733967
2,861625	1,735271
2,825038	1,736576
2,705299	1,738206
2,963071	1,739184
2,994669	1,741141
2,813397	1,742119
2,711951	1,744402
2,853310	1,744402
2,524027	1,747336
2,833353	1,746032
2,766831	1,750597
2,858299	1,750597
2,781799	1,753206
2,725255	1,752554
2,645429	1,756141
2,662059	1,756467
2,758516	1,758097
2,713614	1,759076
2,598864	1,761358
2,725255	1,761684
2,630462	1,765271
2,795103	1,765923
2,593875	1,766902
2,813397	1,769184
2,690331	1,769510
2,973049	1,772119
2,768494	1,772445
2,755190	1,775706
2,820049	1,776032
2,587222	1,778315
2,803418	1,777989
2,901538	1,780923
2,683679	1,780923
2,775147	1,784184
3,064517	1,783532
2,958082	1,786467
3,037908	1,788097
3,021277	1,789728
3,144343	1,790706
3,014625	1,790706
2,941451	1,792663
3,210865	1,795271
2,984690	1,796902
3,194234	1,798532
3,062854	1,799184
3,195897	1,801793
3,152658	1,801793
3,096115	1,804076
3,290691	1,804402
2,971386	1,807337
2,859962	1,807989
3,092789	1,810271
3,132702	1,809619
3,230821	1,812880
3,385485	1,814511
3,104430	1,815815
3,292354	1,816793
3,275724	1,818424
3,312311	1,819728
3,353887	1,821684
3,320626	1,823315
3,299006	1,823641
3,144343	1,826250
2,951430	1,827880
3,136028	1,828858
3,082810	1,830815
3,014625	1,831467
2,849984	1,833424
2,926484	1,835054
2,731907	1,837011
2,775147	1,837663
2,884908	1,839619
2,776810	1,840271
2,608842	1,841576
2,495755	1,842554
2,640440	1,846141
2,731907	1,845815
2,545646	1,847771
2,647092	1,848750
2,475798	1,851358
2,479124	1,852011
2,336102	1,854293
2,362711	1,854619
2,637114	1,856576
2,404287	1,857554
2,356059	1,859185
2,321135	1,860489
2,352733	1,862771
2,500744	1,864402
2,529016	1,865380
2,256276	1,867011
2,237983	1,867989
2,257939	1,869619
2,359385	1,870598
2,046732	1,873206
2,342754	1,874185
2,146515	1,876141
2,056710	1,876141
2,191417	1,879076
2,204722	1,880054
2,266254	1,882663
2,154830	1,882011
2,121569	1,885924
2,292863	1,886250
2,181439	1,887228
2,001830	1,888206
2,089971	1,890815
2,118243	1,892119
2,020123	1,894076
1,976884	1,894076
2,063363	1,896359
1,953602	1,898315
2,385994	1,898967
2,061700	1,901576
2,342754	1,902228
2,026776	1,903859
2,149841	1,904185
2,154830	1,906141
2,079993	1,908750
2,089971	1,908750
2,138200	1,912337
2,252950	1,911032
1,918678	1,914945
1,930319	1,914619
1,988526	1,917554
2,123232	1,917880
2,116580	1,921141
2,134874	1,920815
2,038417	1,922446
2,016797	1,923098
1,903710	1,926359
1,966906	1,925706
2,028439	1,929619
2,156493	1,929619
2,143189	1,932228
2,203059	1,933206
1,940297	1,935815
2,071678	1,934511
1,764014	1,938750
1,991852	1,937772
2,279559	1,940706
2,030102	1,941359
2,053384	1,943967
2,216363	1,943641
2,103276	1,946250
1,975221	1,948206
2,228004	1,948533
2,114917	1,950489
2,010145	1,953424
1,940297	1,954076
2,104939	1,954402
1,902047	1,957011
2,066689	1,957663
1,995178	1,959619
2,129884	1,958641
2,321135	1,963533
2,043406	1,963206
2,026776	1,966141
2,021786	1,965815
1,823884	1,968424
1,946949	1,969076
1,920341	1,971359
1,931982	1,972337
2,084982	1,974293
2,055047	1,975924
2,151504	1,977228
2,236319	1,979837
2,133211	1,979511
1,955265	1,981793
1,978547	1,982120
2,184765	1,985380
2,164808	1,985380
1,966906	1,988315
1,885417	1,988641
2,114917	1,991576
2,101613	1,990924
2,111591	1,994837
2,138200	1,993533
2,203059	1,996793
2,144852	1,996467
1,933645	2,000380
2,026776	1,999076
2,113254	2,002663
1,971895	2,002337
2,045069	2,006250
2,247961	2,006902
2,026776	2,009185
2,128221	2,009185
2,136537	2,010815
2,203059	2,011467
2,073341	2,014076
2,028439	2,014728
2,046732	2,015707
2,053384	2,018967
2,153167	2,018967
2,023449	2,021576
1,853819	2,022554
2,111591	2,024185
2,081656	2,024837
2,206385	2,027120
2,124895	2,027772
2,073341	2,030380
2,094961	2,030380
1,907036	2,032989
2,161482	2,032337
2,050058	2,036576
2,040080	2,036576
2,114917	2,039837
2,141526	2,039837
2,124895	2,042772
2,271243	2,042120
2,104939	2,046033
2,104939	2,045054
2,237983	2,048315
2,139863	2,048315
2,023449	2,050598
2,045069	2,051576
2,094961	2,053533
1,945286	2,054185
1,855482	2,056794
2,093297	2,058098
2,178113	2,059728
2,018460	2,060054
2,287874	2,063315
2,033428	2,062663
2,174787	2,065272
2,023449	2,066250
2,041743	2,068533
2,003493	2,069185
1,838851	2,071468
1,941960	2,070815
2,033428	2,074728
2,001830	2,074728
2,136537	2,077337
1,998504	2,077663
2,096624	2,080924
2,045069	2,079294
2,153167	2,083859
2,063363	2,083533
1,888743	2,086141
2,025113	2,087120
1,998504	2,089076
2,033428	2,090381
2,040080	2,090381
2,056710	2,093968
2,013471	2,094620
1,955265	2,096576
1,870449	2,095924
2,119906	2,099511
1,970232	2,100489
1,986862	2,102446
2,051721	2,103098
2,066689	2,104402
1,956928	2,107337
1,915351	2,107011
1,970232	2,109946
1,953602	2,108315
2,040080	2,112881
1,986862	2,112881
1,867123	2,116142
2,183102	2,116142
2,001830	2,116794
1,858808	2,121359
1,951938	2,120707
1,627644	2,122989
2,128221	2,123315
1,902047	2,126250
2,008482	2,126250
2,226341	2,129511
1,923667	2,128859
2,143189	2,131142
2,008482	2,132446
2,021786	2,134729
2,013471	2,137011
1,975221	2,136033
2,099950	2,139946
1,855482	2,138968
1,955265	2,142881
2,011808	2,142555
2,106602	2,144837
2,246298	2,146794
1,988526	2,146142
2,048395	2,149076
2,036754	2,148750
2,246298	2,152663
1,902047	2,152011
2,161482	2,154294
1,960254	2,155924
1,912025	2,157555
2,148178	2,160163
2,093297	2,160163
2,079993	2,163098
1,875438	2,163098
2,324461	2,165707
2,246298	2,165055
2,015134	2,168316
2,036754	2,168316
2,153167	2,171250
2,056710	2,171903
2,070015	2,173533
2,193080	2,175489
2,178113	2,175489
1,981873	2,179403
1,970232	2,177772
2,272906	2,181359
2,327787	2,182337
2,089971	2,182989
2,129884	2,186250
2,211374	2,185598
1,980210	2,189185
2,079993	2,188859
2,470809	2,191794
2,485776	2,193424
2,422581	2,193098
2,314483	2,197011
2,028439	2,196033
2,292863	2,198968
2,322798	2,199620
2,176450	2,201250
2,510722	2,204185
2,267917	2,203859
2,186428	2,206142
2,351070	2,207446
2,430896	2,208424
2,306167	2,211359
2,226341	2,211033
2,223015	2,213968
2,284548	2,214620
2,399298	2,215924
2,447526	2,218207
2,311157	2,218533
2,239646	2,221142
2,342754	2,221468
2,134874	2,223424
2,304504	2,225707
2,279559	2,225707
2,414265	2,228968
2,266254	2,229620
2,364374	2,231250
2,226341	2,233859
2,272906	2,232881
2,189754	2,235816
2,284548	2,237120
2,385994	2,237120
2,470809	2,240707
2,284548	2,240707
2,339428	2,243316
2,306167	2,243968
2,114917	2,245272
2,467483	2,247881
2,269580	2,247881
2,467483	2,249837
2,352733	2,252120
2,259602	2,252120
2,372689	2,254729
2,445863	2,256359
2,148178	2,256033
2,249624	2,260924
2,399298	2,260272
2,381005	2,261577
2,497418	2,264511
2,379341	2,263859
2,246298	2,265490
2,356059	2,268098
2,354396	2,268751
2,316146	2,269729
2,321135	2,272664
2,505733	2,273316
2,153167	2,274946
2,412602	2,277229
2,485776	2,277881
2,015134	2,279837
2,267917	2,281142
2,259602	2,281794
2,324461	2,283751
2,400961	2,283751
2,173124	2,286359
2,362711	2,288642
2,580570	2,289620
2,434222	2,291251
2,351070	2,293533
2,409276	2,293207
2,218026	2,295816
2,420918	2,297446
2,479124	2,297446
2,237983	2,300381
2,237983	2,301359
2,274570	2,301685
2,242972	2,304294
2,425907	2,305598
2,184765	2,305598
2,076667	2,309185
2,419255	2,310816
2,479124	2,311142
2,417592	2,313751
2,272906	2,313751
2,395972	2,315055
2,399298	2,318642
2,371026	2,318316
2,394309	2,320598
2,537331	2,324185
2,371026	2,322229
2,291200	2,323859
2,252950	2,327120
2,321135	2,326468
2,266254	2,329403
2,309494	2,331033
2,312820	2,332338
2,492429	2,333642
2,379341	2,335925
2,593875	2,336251
2,334439	2,337881
2,341091	2,339838
2,257939	2,340816
2,395972	2,341142
2,204722	2,344729
2,409276	2,344403
2,314483	2,346033
2,449189	2,350272
2,414265	2,350272
2,048395	2,350272
2,449189	2,353207
2,346081	2,354512
2,445863	2,354838
2,196406	2,357772
2,179776	2,358425
2,242972	2,358751
2,088308	2,362012
2,076667	2,363642
2,475798	2,363316
2,362711	2,365925
2,573918	2,368533
2,269580	2,367229
2,332776	2,369838
2,204722	2,372446
2,309494	2,372772
2,356059	2,375707
2,247961	2,376686
2,156493	2,377990
2,234656	2,380925
2,249624	2,381903
2,249624	2,383207
2,196406	2,385164
2,385994	2,386142
2,201395	2,387772
2,168135	2,390055
2,445863	2,390381
2,239646	2,391033
2,259602	2,393642
2,223015	2,396577
2,281222	2,396577
2,266254	2,397229
2,229667	2,399838
2,159819	2,402120
2,164808	2,402120
2,141526	2,403425
2,201395	2,405707
2,324461	2,407664
2,163145	2,408316
2,306167	2,408968
2,075004	2,411577
2,093297	2,412555
2,075004	2,413207
2,106602	2,414512
2,224678	2,418099
2,068352	2,418751
2,030102	2,419729
2,334439	2,421033
2,264591	2,423968
2,103276	2,424946
2,439211	2,424946
2,264591	2,427881
2,213037	2,430490
2,043406	2,430490
2,159819	2,431142
2,399298	2,433425
2,209711	2,436033
2,206385	2,436033
2,146515	2,437990
2,371026	2,439620
2,223015	2,442555
2,409276	2,442555
2,226341	2,442881
2,394309	2,444512
2,412602	2,447447
2,098287	2,447773
2,149841	2,448099
2,342754	2,450381
2,296189	2,452664
2,429233	2,454294
2,188091	2,454947
2,257939	2,456251
2,231330	2,458207
2,537331	2,460490
2,366037	2,461794
2,432559	2,461794
2,297852	2,463751
2,173124	2,466686
2,302841	2,467338
2,324461	2,467990
2,341091	2,468968
2,156493	2,471251
2,357722	2,473534
2,256276	2,474838
2,284548	2,475164
2,342754	2,477447
2,347744	2,479077
2,351070	2,482012
2,264591	2,482012
2,181439	2,482990
2,617157	2,483642
2,274570	2,485925
2,229667	2,488207
2,307830	2,490164
2,472472	2,489186
2,292863	2,490490
2,444200	2,492447
2,269580	2,494729
2,429233	2,497664
2,452516	2,498642
2,444200	2,498968
2,282885	2,499621
2,530679	2,501577
2,311157	2,504512
2,427570	2,505816
2,261265	2,508425
2,377678	2,508099
2,332776	2,508099
2,440874	2,510381
2,161482	2,511360
2,226341	2,513968
2,524027	2,516577
2,407613	2,518208
2,307830	2,518534
2,332776	2,519512
2,489103	2,519838
2,480787	2,521794
2,352733	2,524729
2,532342	2,527012
2,317809	2,528642
2,404287	2,528642
2,317809	2,529947
2,156493	2,530599
2,395972	2,532555
2,309494	2,535164
2,514048	2,536142
2,450852	2,538099
2,352733	2,539403
2,515711	2,540381
2,422581	2,541034
2,537331	2,542990
2,442537	2,544295
2,565603	2,546577
2,480787	2,548534
2,382668	2,550490
2,648755	2,550490
2,286211	2,551142
2,785125	2,553099
2,482450	2,553751
2,537331	2,556034
2,612168	2,558642
2,532342	2,559621
2,600527	2,561251
2,683679	2,563534
2,811734	2,564512
2,733570	2,565164
2,595538	2,565816
2,831690	2,567447
2,746875	2,569077
2,588885	2,571360
2,731907	2,572664
2,469146	2,575273
2,620483	2,576577
2,844995	2,577882
2,808408	2,577882
2,673701	2,579186
2,703636	2,580490
2,685342	2,582121
2,710288	2,584403
2,813397	2,585708
2,721929	2,587990
2,718603	2,589621
2,841668	2,590599
2,768494	2,591577
3,026267	2,592882
2,766831	2,593534
2,916506	2,595164
2,688668	2,597121
2,823375	2,598099
2,775147	2,600056
2,770157	2,602012
2,721929	2,603642
3,042897	2,605925
2,876592	2,606577
2,913179	2,608860
2,889897	2,609512
2,929810	2,611469
2,851647	2,612773
2,898212	2,613099
2,886571	2,613751
2,761842	2,615708
2,637114	2,617338
3,072832	2,618642
3,031256	2,619621
2,858299	2,621903
2,988017	2,623208
3,057865	2,625164
3,232484	2,627121
3,164300	2,628751
3,175941	2,629077
3,305658	2,631360
3,026267	2,631360
3,079484	2,634295
3,037908	2,636577
2,997995	2,638208
3,415420	2,639512
3,077821	2,640816
3,260756	2,642121
3,134365	2,644403
3,275724	2,645056
3,307322	2,647012
3,425398	2,648316
3,360539	2,648969
3,327278	2,650273
3,290691	2,651577
3,493583	2,653534
3,588376	2,655816
3,528507	2,655816
3,480278	2,657773
3,461985	2,659730
3,478615	2,661034
3,703127	2,662664
3,408767	2,664621
3,636605	2,666251
3,719757	2,667556
3,654898	2,669186
3,698137	2,670490
3,658224	2,671469
3,902692	2,673425
3,882736	2,674403
3,844486	2,675708
3,929301	2,677664
3,924312	2,679295
3,866105	2,680273
3,944268	2,681903
4,231975	2,682556
4,172106	2,683534
4,148823	2,685164
3,934290	2,686795
3,902692	2,688425
4,200378	2,689077
4,394954	2,691034
4,399943	2,691686
4,220334	2,693969
4,195388	2,694947
4,384976	2,696577
4,542965	2,698208
4,498063	2,699512
4,636096	2,700490
4,651063	2,702447
4,812379	2,704404
4,705944	2,705382
4,975357	2,707664
4,837324	2,709621
4,945422	2,711577
5,071814	2,712230
5,105075	2,714186
4,986999	2,716143
5,206521	2,716469
5,326260	2,718751
5,432695	2,719077
5,422717	2,721034
5,492565	2,721686
5,592348	2,722991
5,632261	2,723969
5,643902	2,725273
5,687141	2,727882
5,653880	2,729838
5,638913	2,731469
5,752000	2,733425
5,828500	2,734404
6,084609	2,736034
5,908327	2,736360
6,142816	2,737664
6,368990	2,738643
6,058001	2,740273
6,413893	2,742230
6,492056	2,744186
6,641730	2,746143
6,713241	2,748099
6,921122	2,748425
6,789741	2,750056
6,929437	2,750708
6,969350	2,752338
7,152285	2,754295
7,328568	2,757230
7,220470	2,758208
7,430014	2,759512
7,528134	2,760817
7,662841	2,760817
7,889015	2,761795
8,055320	2,764404
7,988798	2,766360
8,108537	2,767665
8,471081	2,769947
8,487712	2,770599
8,745484	2,771578
8,792049	2,773860
8,984963	2,774186
9,118007	2,775817
9,372453	2,777121
9,676790	2,779730
9,944541	2,780708
10,039334	2,782991
10,258857	2,784621
10,366955	2,785599
10,661314	2,786252
10,915760	2,787882
11,108673	2,789512
11,316554	2,791469
11,657479	2,793425
11,820457	2,794730
12,104838	2,795708
12,523926	2,796360
12,690231	2,797012
12,939688	2,799621
13,076058	2,802230
13,436939	2,804186
13,834407	2,804512
14,108810	2,804512
14,349951	2,807121
14,499626	2,809404
14,787333	2,811034
14,905409	2,812339
15,267953	2,812339
15,780172	2,813317
15,775182	2,816252
15,845030	2,817882
16,282412	2,819186
16,310683	2,819186
16,570119	2,821795
16,771347	2,823752
16,674891	2,824730
17,079011	2,826360
17,127239	2,826034
17,180457	2,828317
17,183783	2,831904
17,321816	2,831904
17,095641	2,832556
17,360066	2,834186
16,955946	2,836469
16,931000	2,839078
16,959272	2,839404
16,463684	2,840056
16,348933	2,842339
15,999694	2,844295
15,660432	2,845926
15,372725	2,846904
14,883789	2,847556
14,399843	2,849513
14,027320	2,851469
13,298906	2,852121
12,503970	2,852773
12,121469	2,853752
11,263337	2,856686
10,924075	2,859295
10,215617	2,858969
9,613594	2,860926
9,104702	2,863534
8,665658	2,865165
8,359657	2,866469
7,840787	2,866469
7,606297	2,867773
7,135655	2,870708
6,957709	2,871686
6,881209	2,872991
6,280849	2,873969
6,335730	2,875926
5,961544	2,878208
6,129512	2,878208
5,462630	2,879513
5,495891	2,881795
5,281358	2,884730
5,198206	2,884404
4,935444	2,885382
4,868922	2,888643
5,030238	2,888643
4,762487	2,889947
4,767476	2,892556
4,674346	2,893860
4,182084	2,894187
4,338410	2,895817
4,137182	2,898752
4,268562	2,900056
4,027421	2,900382
3,824529	2,902013
3,777964	2,904295
4,054029	2,905926
3,666540	2,906252
4,022432	2,909187
3,816214	2,910491
3,862779	2,908208
3,639931	2,911795
3,782953	2,913100
3,639931	2,912773
3,505224	2,914404
3,493583	2,919295
3,491920	2,920274
3,330604	2,920926
3,397126	2,923534
3,200887	2,925165
3,393800	2,924839
3,506887	2,925817
3,242463	2,930056
3,111082	2,930708
3,061191	2,931034
3,189245	2,932991
3,137691	2,934947
3,210865	2,935600
3,134365	2,937556
3,307322	2,939839
3,265745	2,940491
3,109419	2,940165
3,051212	2,944730
3,111082	2,944404
3,117734	2,944404
3,160973	2,948317
3,116071	2,950274
2,981364	2,948969
2,997995	2,951904
3,086136	2,954839
3,139354	2,955165
3,072832	2,956469
2,948103	2,959078
2,856636	2,958100
3,184256	2,961034
2,904864	2,962339
3,149332	2,963317
2,956419	2,965274
2,904864	2,967230
2,874929	2,968208
3,039571	2,971469
2,953093	2,970817
2,904864	2,972774
3,024604	2,975056
3,024604	2,974078
3,179267	2,978317
2,968060	2,978643
3,190908	2,980274
3,264082	2,982556
3,121060	2,982230
2,856636	2,985491
2,997995	2,986143
3,117734	2,986469
2,913179	2,990382
3,205876	2,989078
3,308985	2,992665
2,951430	2,992665
3,150995	2,994621
3,225832	2,996578
3,051212	2,997230
3,190908	2,999513
3,179267	3,000817
3,094452	3,001795
3,111082	3,004078
3,136028	3,003426
3,121060	3,007665
3,478615	3,007013
3,405441	3,010274
3,325615	3,010926
3,350561	3,012230
3,440365	3,014513
3,352224	3,014839
3,483604	3,017448
3,370517	3,018100
3,363865	3,019404
3,540148	3,022665
3,580061	3,021035
3,629953	3,024622
3,691485	3,024295
3,846149	3,026904
3,693148	3,029187
3,545137	3,029187
3,428724	3,032122
3,553452	3,032122
3,689822	3,035056
3,450344	3,035382
3,746366	3,038317
3,600018	3,038317
3,526844	3,041578
3,571746	3,041252
3,586713	3,043209
3,313974	3,044839
3,533496	3,046795
3,295680	3,046795
3,508550	3,049404
3,189245	3,050382
3,077821	3,051361
3,210865	3,053969
3,303995	3,054622
3,184256	3,057556
3,127712	3,057556
3,215854	3,059839
3,257430	3,059187
2,949766	3,062774
2,928147	3,062774
2,665386	3,065709
2,958082	3,064730
2,823375	3,068969
2,756853	3,069622
2,840005	3,070600
2,768494	3,070926
2,545646	3,074839
2,680353	3,074187
2,745212	3,077122
2,805081	3,078100
2,632125	3,079404
2,652081	3,080056
2,535668	3,083317
2,568929	3,083969
2,701973	3,086578
2,811734	3,086904
2,617157	3,089187
2,534005	3,090491
2,638777	3,091143
2,663722	3,093426
2,527353	3,093752
2,595538	3,096035
2,475798	3,096687
2,430896	3,098970
2,846658	3,098970
2,635451	3,102556
2,489103	3,102556
2,718603	3,106143
2,573918	3,106143
2,417592	3,108752
2,728581	3,108752
2,610505	3,110709
2,605516	3,111687
2,608842	3,112991
2,642103	3,114948
2,534005	3,115926
2,625472	3,117883
2,573918	3,119187
2,800092	3,121796
2,555624	3,121470
2,763505	3,124730
2,565603	3,124404
2,678690	3,127013
2,638777	3,127991
2,675364	3,129296
2,716940	3,130926
2,825038	3,131578
2,675364	3,134839
2,600527	3,135817
2,627135	3,137448
2,701973	3,139078
2,628798	3,138752
2,815060	3,142013
2,803418	3,141687
2,781799	3,144948
2,869940	3,144622
2,735233	3,147557
2,761842	3,147883
2,889897	3,149513
2,635451	3,152448
2,615494	3,151796
2,854973	3,155057
2,743549	3,155709
2,938125	3,157339
3,089462	3,159296
2,848321	3,159296
2,968060	3,161904
2,888234	3,162557
2,979701	3,164187
2,869940	3,167122
2,899875	3,167448
3,159310	3,169078
3,054538	3,171035
2,846658	3,170709
2,968060	3,174296
3,200887	3,174296
3,104430	3,174948
3,237474	3,178209
3,287365	3,178535
3,282376	3,179839
3,313974	3,182774
3,550126	3,182774
3,255767	3,185057
3,388811	3,187013
3,496909	3,187013
3,463648	3,190274
3,438702	3,192557
3,631616	3,191252
3,744703	3,194187
3,769648	3,194839
3,703127	3,195491
3,817877	3,199404
3,696474	3,199404
3,756344	3,200709
3,776301	3,203644
3,866105	3,202991
4,115562	3,204622
4,152149	3,207557
4,080638	3,208209
4,118888	3,208861
4,100595	3,212774
4,160464	3,213100
4,270226	3,213100
4,168780	3,216361
4,394954	3,217013
4,518019	3,218318
4,542965	3,220926
4,473117	3,222231
4,413248	3,222557
4,700955	3,224839
4,629444	3,226796
4,704281	3,226796
4,667694	3,229731
4,561259	3,231361
4,561259	3,231361
4,780781	3,234296
4,767476	3,234948
4,802400	3,235926
4,659378	3,237883
4,506378	3,239839
4,687650	3,240165
4,777455	3,242448
4,690976	3,244731
4,524672	3,245057
4,355041	3,245709
4,644411	3,248970
4,436530	3,248970
4,313465	3,250600
4,225323	3,253209
4,168780	3,254839
4,034073	3,253861
4,067334	3,256470
4,068997	3,259405
3,984182	3,259405
3,801246	3,260383
3,586713	3,263318
3,355550	3,264296
3,382159	3,263970
3,149332	3,267231
3,170952	3,269839
3,069506	3,269187
3,179267	3,270818
2,825038	3,273100
2,801755	3,274079
2,640440	3,275383
2,615494	3,275709
2,668712	3,278318
2,583896	3,280600
2,529016	3,281905
2,567266	3,281252
2,376015	3,283535
2,470809	3,286144
2,607179	3,288752
2,768494	3,287774
2,425907	3,290709
2,647092	3,293318
2,470809	3,293970
2,435885	3,294296
2,407613	3,296905
2,500744	3,298535
2,204722	3,299187
2,522363	3,299513
2,237983	3,302448
2,136537	3,302774
2,266254	3,305383
2,189754	3,306361
2,186428	3,307339
2,307830	3,309948
2,181439	3,311253
2,078330	3,311905
2,361048	3,312231
2,314483	3,315818
2,294526	3,318100
2,342754	3,318426
2,094961	3,318753
2,237983	3,321035
2,106602	3,323318
2,079993	3,324622
2,189754	3,325274
2,254613	3,326905
2,414265	3,327883
1,935308	3,330492
2,201395	3,331796
2,276233	3,331796
2,088308	3,333100
2,179776	3,335709
2,397635	3,338318
2,188091	3,339296
2,028439	3,338644
2,046732	3,340926
2,161482	3,343861
2,139863	3,346144
2,316146	3,346144
2,407613	3,347448
2,154830	3,348753
2,241309	3,350383
2,104939	3,352992
2,389320	3,353970
2,287874	3,356579
2,382668	3,359187
2,332776	3,358209
2,329450	3,360166
2,219689	3,362774
2,163145	3,364405
2,203059	3,365383
2,322798	3,367340
2,399298	3,367666
2,028439	3,368970
2,199732	3,370600
2,289537	3,373209
2,249624	3,374840
2,385994	3,376796
2,114917	3,377448
2,133211	3,378100
2,364374	3,378753
2,043406	3,380709
2,111591	3,382014
2,176450	3,383970
2,329450	3,385274
2,119906	3,387883
2,208048	3,388535
2,341091	3,391144
2,181439	3,392122
2,176450	3,394079
2,213037	3,394079
2,390983	3,396687
2,329450	3,396361
2,435885	3,398318
2,362711	3,399622
2,161482	3,401253
2,244635	3,403535
2,136537	3,405166
2,223015	3,406796
2,108265	3,409731
2,119906	3,410057
2,223015	3,412014
2,349407	3,412340
2,341091	3,413970
2,291200	3,415601
2,284548	3,416579
2,216363	3,417557
2,367700	3,420166
2,474135	3,420818
2,189754	3,422448
2,439211	3,424079
2,201395	3,425383
2,203059	3,426035
2,123232	3,428318
2,119906	3,429622
2,332776	3,430274
2,369363	3,432557
2,399298	3,433535
2,354396	3,435166
2,379341	3,437122
2,427570	3,438753
2,216363	3,440383
2,203059	3,441361
2,093297	3,443644
2,096624	3,444622
2,173124	3,446253
2,277896	3,447231
2,106602	3,449188
2,272906	3,450818
2,111591	3,452448
2,312820	3,453427
2,096624	3,455709
2,223015	3,456688
2,415929	3,458318
2,341091	3,459296
2,228004	3,461253
2,332776	3,462557
2,351070	3,464840
2,272906	3,465492
2,259602	3,467122
2,103276	3,469079
2,312820	3,469731
2,159819	3,471362
2,351070	3,471688
2,474135	3,473644
2,241309	3,474622
2,169798	3,476253
2,191417	3,476905
2,367700	3,478535
2,229667	3,480492
2,219689	3,481144
2,148178	3,483753
2,264591	3,486035
2,196406	3,487666
2,169798	3,489296
2,272906	3,490601
2,213037	3,492231
2,108265	3,492231
2,249624	3,493862
2,314483	3,495166
2,204722	3,496144
2,321135	3,498101
2,234656	3,499079
2,332776	3,502014
2,332776	3,504296
2,381005	3,505927
2,387657	3,505927
2,121569	3,507883
2,203059	3,508536
2,249624	3,509188
2,242972	3,510818
2,201395	3,513101
2,452516	3,515709
2,500744	3,517340
2,327787	3,518970
2,309494	3,519622
2,168135	3,519949
2,066689	3,520927
2,094961	3,522231
2,376015	3,524840
2,079993	3,526796
2,208048	3,528753
2,415929	3,529731
2,296189	3,530383
2,351070	3,531362
2,168135	3,533970
2,242972	3,535601
2,149841	3,537883
2,387657	3,538536
2,434222	3,539514
2,198069	3,540492
2,153167	3,541796
2,352733	3,544731
2,306167	3,546362
2,148178	3,547340
2,254613	3,547340
2,151504	3,549623
2,216363	3,550601
2,151504	3,553862
2,121569	3,554840
2,326124	3,555492
2,219689	3,555492
2,359385	3,558101
2,400961	3,561362
2,226341	3,562014
2,228004	3,563644
2,166472	3,564296
2,108265	3,566253
2,371026	3,567883
2,088308	3,569188
2,151504	3,569514
2,367700	3,571470
2,289537	3,573101
2,198069	3,575710
2,060037	3,577014
2,289537	3,576688
2,169798	3,578970
2,271243	3,580927
2,065026	3,582883
2,321135	3,582557
2,193080	3,584840
2,188091	3,587123
2,339428	3,588101
1,925330	3,588753
2,337765	3,589405
2,420918	3,591362
2,126558	3,593970
1,986862	3,594949
2,327787	3,593644
2,395972	3,596905
2,191417	3,600166
2,178113	3,601144
1,995178	3,602123
2,237983	3,602449
2,083319	3,606362
2,188091	3,607340
2,128221	3,607014
1,968569	3,609297
1,986862	3,612231
2,051721	3,613210
2,079993	3,613210
2,178113	3,615166
2,103276	3,617449
1,898721	3,618427
2,036754	3,616144
2,093297	3,621036
2,116580	3,622666
1,800601	3,624297
2,149841	3,625275
2,058373	3,627231
2,128221	3,629188
1,948612	3,629514
2,079993	3,630818
2,045069	3,633101
2,098287	3,633427
1,970232	3,636036
2,066689	3,638318
2,173124	3,639949
1,983536	3,639949
2,084982	3,641253
2,261265	3,643536
2,030102	3,645492
2,030102	3,645818
1,915351	3,648101
2,000167	3,650710
2,204722	3,650058
2,101613	3,652340
2,153167	3,654297
1,863797	3,655927
2,063363	3,653318
2,006819	3,659188
1,920341	3,659188
2,153167	3,659840
1,975221	3,662775
2,070015	3,665058
1,880427	3,664405
1,807253	3,667340
2,066689	3,669623
2,193080	3,669297
2,101613	3,671253
1,926993	3,672884
2,111591	3,673210
2,005156	3,676471
1,968569	3,677123
1,978547	3,677449
2,066689	3,681688
1,813906	3,681036
1,925330	3,682666
2,206385	3,685927
2,083319	3,684623
1,963580	3,687232
1,818895	3,689840
2,046732	3,688862
2,086645	3,692449
1,956928	3,693427
1,995178	3,694079
1,903710	3,696688
2,023449	3,697014
2,063363	3,699949
1,946949	3,701579
2,046732	3,701253
2,271243	3,704514
1,943623	3,703862
2,116580	3,706145
2,043406	3,708427
2,060037	3,708753
1,978547	3,711688
1,923667	3,712014
1,968569	3,714949
2,146515	3,716579
1,895395	3,715275
2,226341	3,718536
2,008482	3,718862
1,986862	3,720819
1,941960	3,722775
2,093297	3,723427
1,993515	3,726688
2,123232	3,725710
1,833862	3,728319
2,060037	3,730601
1,986862	3,729949
2,031765	3,732232
2,121569	3,733862
1,925330	3,734514
1,813906	3,737775
2,084982	3,738753
2,006819	3,739732
2,126558	3,742666
1,990189	3,741362
1,975221	3,744623
1,998504	3,745927
2,005156	3,747232
2,286211	3,749514
1,960254	3,749514
1,933645	3,753101
2,174787	3,752123
2,050058	3,755058
1,973558	3,756688
2,123232	3,756362
1,936971	3,759623
2,121569	3,758971
1,848830	3,762884
1,941960	3,763536
2,048395	3,763536
1,815569	3,766471
2,118243	3,767123
1,858808	3,769406
2,003493	3,770058
1,835525	3,772993
1,912025	3,772993
2,051721	3,775601
1,903710	3,777558
1,902047	3,778536
1,872112	3,779840
2,035091	3,780819
2,118243	3,783427
2,036754	3,783753
2,016797	3,786036
1,782308	3,785710
2,071678	3,789623
1,822221	3,788971
1,902047	3,792884
1,996841	3,792558
2,065026	3,795493
2,096624	3,794514
1,976884	3,797775
1,975221	3,798427
1,960254	3,800710
1,988526	3,801036
1,995178	3,803319
1,867123	3,803645
1,765677	3,806253
1,980210	3,808210
1,966906	3,808536
1,867123	3,810819
2,026776	3,812123
1,936971	3,813427
1,793949	3,814406
2,141526	3,816036
2,025113	3,818319
2,178113	3,818319
1,993515	3,821580
1,875438	3,821253
2,096624	3,823536
2,071678	3,824188
2,075004	3,826145
1,978547	3,828101
1,902047	3,830384
2,050058	3,830384
1,913688	3,832993
2,008482	3,832667
1,823884	3,835927
1,863797	3,835927
2,021786	3,839188
1,853819	3,840167
1,971895	3,840819
2,045069	3,844080
2,294526	3,843427
2,066689	3,847014
2,025113	3,847014
2,041743	3,847993
2,003493	3,851254
1,770666	3,850275
1,777319	3,853536
2,075004	3,854188
2,184765	3,855167
2,036754	3,857775
2,001830	3,857449
2,114917	3,860384
1,755699	3,862667
1,795612	3,862993
1,815569	3,865275
2,134874	3,864949
1,983536	3,868862
1,973558	3,868536
2,118243	3,869841
1,968569	3,873101
2,021786	3,873101
2,060037	3,876362
2,106602	3,876362
2,046732	3,878319
2,020123	3,880601
2,020123	3,880928
2,021786	3,882232
1,917015	3,883210
2,000167	3,884841
2,068352	3,886797
2,061700	3,887123
2,040080	3,889732
2,040080	3,892015
1,873775	3,890058
1,968569	3,894297
1,940297	3,895275
2,008482	3,896580
2,206385	3,899188
2,121569	3,897884
2,168135	3,900819
1,922004	3,903428
1,986862	3,902775
1,980210	3,906362
1,978547	3,907015
2,084982	3,907667
1,918678	3,910601
2,216363	3,911906
2,098287	3,911254
2,038417	3,914188
1,822221	3,915819
2,021786	3,915493
2,101613	3,919080
1,892069	3,921036
2,079993	3,922015
2,109928	3,922993
2,030102	3,925602
1,923667	3,927232
2,046732	3,926906
2,143189	3,928862
2,134874	3,931471
2,068352	3,929841
2,099950	3,933102
1,978547	3,933428
2,058373	3,936689
2,179776	3,937341
1,961917	3,938645
2,041743	3,938319
1,988526	3,942884
1,956928	3,942232
2,113254	3,945167
1,996841	3,946145
2,026776	3,948102
2,119906	3,950384
2,111591	3,951362
2,079993	3,951689
1,975221	3,953645
1,900384	3,955928
2,113254	3,957558
2,171461	3,957558
2,086645	3,958862
1,902047	3,959515
2,213037	3,962776
2,048395	3,962776
2,016797	3,966036
2,028439	3,967015
1,998504	3,967993
2,099950	3,969949
2,249624	3,971580
1,926993	3,972884
2,223015	3,974841
2,144852	3,976797
1,843840	3,976145
1,764014	3,978754
1,978547	3,979732
2,091634	3,982667
2,101613	3,983971
2,389320	3,984623
2,203059	3,986254
2,221352	3,986580
2,028439	3,988210
2,126558	3,990819
2,030102	3,993754
2,023449	3,993754
1,968569	3,995710
2,208048	3,996036
2,314483	3,996689
2,053384	3,998645
2,143189	3,999949
2,183102	4,000928
2,183102	4,001906
2,392646	4,004515
2,352733	4,006797
2,098287	4,008754
2,264591	4,010384
2,121569	4,012341
2,183102	4,013319
2,129884	4,014297
2,229667	4,014623
2,371026	4,016254
2,282885	4,017232
2,259602	4,019189
2,196406	4,020493
2,519037	4,021797
2,266254	4,023428
2,434222	4,025058
2,286211	4,026363
2,376015	4,028645
2,324461	4,029623
2,392646	4,031580
2,194743	4,032884
2,359385	4,034841
2,133211	4,035819
2,527353	4,037123
2,347744	4,038754
2,209711	4,040058
2,314483	4,041689
2,334439	4,043645
2,321135	4,045276
2,650418	4,046254
2,445863	4,048210
2,394309	4,049515
2,299515	4,050493
2,327787	4,052124
2,414265	4,053754
2,590548	4,054732
2,545646	4,055710
2,322798	4,058319
2,553961	4,058645
2,585559	4,060928
2,509059	4,061906
2,261265	4,063537
2,284548	4,064841
2,346081	4,066797
2,319472	4,067450
2,316146	4,068102
2,415929	4,070058
2,376015	4,071363
2,450852	4,072993
2,394309	4,074624
2,229667	4,075276
2,410939	4,076906
2,545646	4,078211
2,357722	4,080167
2,306167	4,082124
2,163145	4,083428
2,218026	4,084406
2,410939	4,086689
2,179776	4,087993
2,093297	4,090602
2,193080	4,091254
2,400961	4,093211
2,319472	4,095493
2,432559	4,096471
2,394309	4,097776
2,241309	4,100058
2,326124	4,100384
2,168135	4,103319
2,173124	4,104950
2,279559	4,104298
2,276233	4,105602
2,219689	4,106580
2,354396	4,108863
2,302841	4,109189
2,214700	4,112124
2,429233	4,113428
2,385994	4,115384
2,174787	4,117341
2,349407	4,119298
2,482450	4,120276
2,282885	4,121580
2,183102	4,122232
2,497418	4,124189
2,204722	4,124515
2,216363	4,125493
2,327787	4,127450
2,332776	4,129080
2,109928	4,131037
2,492429	4,132667
2,201395	4,134298
2,131548	4,136580
2,327787	4,137885
2,206385	4,138211
2,163145	4,139515
2,404287	4,140493
2,289537	4,142450
2,301178	4,143428
2,216363	4,146037
2,211374	4,147993
2,321135	4,149624
2,242972	4,149624
2,183102	4,150928
2,317809	4,153211
2,209711	4,154841
2,475798	4,156145
2,312820	4,157450
2,304504	4,158102
2,224678	4,160058
2,474135	4,161037
2,166472	4,164298
2,181439	4,165276
2,204722	4,165928
2,336102	4,167232
2,139863	4,168863
2,296189	4,170493
2,178113	4,173102
2,342754	4,174406
2,371026	4,174732
2,394309	4,175059
2,435885	4,177015
2,291200	4,180276
2,076667	4,180928
2,232993	4,181906
2,156493	4,182885
2,341091	4,185167
2,277896	4,187124
2,379341	4,189080
2,361048	4,189406
2,178113	4,190711
2,287874	4,192015
2,169798	4,195602
2,397635	4,194950
2,199732	4,196580
2,179776	4,197885
2,218026	4,200493
2,031765	4,200819
2,296189	4,201146
2,297852	4,203428
2,106602	4,206689
2,169798	4,207667
2,425907	4,207341
2,046732	4,209624
2,113254	4,212233
2,161482	4,213863
2,538994	4,215167
2,329450	4,214515
2,204722	4,215819
2,309494	4,219406
2,291200	4,220059
2,169798	4,221037
2,374352	4,222667
2,357722	4,224950
2,356059	4,226906
2,134874	4,226906
2,060037	4,228211
2,223015	4,231472
2,119906	4,232450
2,005156	4,232124
2,226341	4,234733
2,114917	4,237015
1,943623	4,236689
2,158156	4,237993
2,316146	4,239624
2,234656	4,242233
2,060037	4,241254
2,025113	4,242559
2,311157	4,247124
2,261265	4,247776
2,131548	4,247124
2,196406	4,250059
2,099950	4,252993
2,339428	4,253972
2,148178	4,254298
2,006819	4,257559
2,402624	4,258863
2,236319	4,258863
2,359385	4,261472
2,124895	4,263754
2,204722	4,260493
2,141526	4,264733
2,156493	4,267341
2,138200	4,268972
2,272906	4,269624
2,108265	4,271580
2,171461	4,273211
1,853819	4,273537
2,058373	4,274841
1,908699	4,278102
1,966906	4,278754
2,023449	4,280059
2,050058	4,282015
2,228004	4,282667
2,121569	4,284298
1,976884	4,285928
2,204722	4,285928
2,232993	4,289841
2,068352	4,291146
1,981873	4,291472
1,918678	4,294733
2,081656	4,294733
1,808916	4,294407
2,060037	4,297994
2,178113	4,298972
1,951938	4,298646
2,071678	4,302885
2,098287	4,303211
2,109928	4,306146
1,965243	4,306798
2,114917	4,306798
2,133211	4,311037
2,247961	4,310385
2,086645	4,312341
2,008482	4,313320
2,093297	4,314624
2,241309	4,316907
2,010145	4,317559
1,975221	4,320820
2,026776	4,320820
1,902047	4,324081
2,133211	4,323754
2,218026	4,324733
2,181439	4,327668
2,051721	4,327994
2,081656	4,331581
1,981873	4,331254
2,028439	4,332885
2,031765	4,333537
2,216363	4,335494
2,083319	4,338102
2,096624	4,337776
2,173124	4,341689
2,020123	4,340711
2,013471	4,343646
2,061700	4,345602
2,040080	4,344950
1,981873	4,348211
1,900384	4,349189
2,228004	4,350168
2,199732	4,351472
2,361048	4,353102
2,094961	4,355711
2,058373	4,355059
2,188091	4,359298
2,218026	4,358320
2,163145	4,361907
2,174787	4,361255
2,021786	4,363537
2,015134	4,364189
2,138200	4,367124
2,033428	4,367776
2,091634	4,369407
2,252950	4,370385
1,990189	4,372668
2,113254	4,373972
2,151504	4,375928
2,023449	4,377885
2,073341	4,376907
2,113254	4,380494
2,076667	4,379842
2,267917	4,383428
2,084982	4,384081
2,196406	4,386689
2,216363	4,386689
2,292863	4,389624
2,005156	4,388646
2,060037	4,392885
2,060037	4,392559
2,267917	4,394842
2,154830	4,395168
2,174787	4,397776
1,978547	4,398102
2,389320	4,400059
1,996841	4,402015
2,237983	4,402342
2,186428	4,405602
2,244635	4,405929
2,208048	4,408863
2,116580	4,407559
2,261265	4,411146
2,174787	4,411472
2,301178	4,414407
2,030102	4,414081
2,316146	4,416363
2,111591	4,417668
2,226341	4,418320
2,109928	4,421255
2,201395	4,421581
2,148178	4,424842
2,196406	4,424189
2,276233	4,428102
2,113254	4,427450
2,361048	4,430711
2,218026	4,430059
2,169798	4,432668
2,018460	4,434298
2,349407	4,434624
2,299515	4,437559
2,256276	4,437559
2,216363	4,441472
2,169798	4,440494
2,334439	4,443103
2,332776	4,444733
2,144852	4,445059
2,337765	4,447994
2,241309	4,447342
2,329450	4,449950
2,311157	4,451581
2,504070	4,452559
2,357722	4,454516
2,068352	4,454516
2,339428	4,457124
2,500744	4,459733
2,336102	4,459733
2,271243	4,462668
2,213037	4,461690
2,249624	4,464624
2,347744	4,466907
2,232993	4,467233
2,450852	4,468211
2,196406	4,470820
2,178113	4,472124
2,372689	4,473103
2,417592	4,476037
2,206385	4,476037
2,367700	4,477342
2,239646	4,480277
2,218026	4,480603
2,216363	4,482559
2,344418	4,484842
2,239646	4,484842
2,216363	4,485820
2,121569	4,488755
2,119906	4,489733
2,169798	4,490385
2,068352	4,492994
2,003493	4,494298
2,088308	4,494950
2,038417	4,495929
2,126558	4,499190
2,183102	4,499842
2,244635	4,499842
2,093297	4,502450
2,316146	4,505059
2,033428	4,505385
2,133211	4,506037
2,018460	4,507994
1,933645	4,510277
2,199732	4,511581
2,119906	4,511907
2,094961	4,514842
2,075004	4,516472
2,013471	4,516798
1,995178	4,518755
2,031765	4,520711
2,131548	4,522994
2,010145	4,522994
2,043406	4,523320
1,951938	4,526907
2,016797	4,528211
2,035091	4,528537
2,138200	4,529190
1,820558	4,532451
1,993515	4,534407
2,096624	4,536037
2,104939	4,535711
2,093297	4,537994
2,086645	4,539624
2,000167	4,541581
2,136537	4,541581
2,266254	4,542559
2,191417	4,544516
1,900384	4,547124
2,176450	4,549407
1,900384	4,549733
2,026776	4,550711
2,194743	4,551690
2,040080	4,553972
2,148178	4,556581
2,048395	4,557233
2,123232	4,557885
2,241309	4,559190
2,093297	4,560820
1,973558	4,563103
1,988526	4,565385
1,978547	4,566038
2,326124	4,567016
2,101613	4,567994
2,134874	4,569624
2,219689	4,570277
2,030102	4,572885
1,945286	4,575494
2,151504	4,576798
2,079993	4,577451
2,164808	4,578755
1,930319	4,579733
2,101613	4,580711
1,961917	4,582016
2,181439	4,583972
2,214700	4,585277
2,139863	4,588211
2,161482	4,589516
2,126558	4,590494
2,186428	4,592451
2,065026	4,594081
2,259602	4,595059
2,173124	4,596364
1,930319	4,596038
2,113254	4,598320
2,031765	4,599951
2,191417	4,600929
2,048395	4,602885
1,890406	4,605494
2,001830	4,605494
2,099950	4,608103
2,053384	4,609733
1,870449	4,612016
2,084982	4,613320
1,981873	4,614625
2,055047	4,615929
1,907036	4,616907
1,985199	4,618538
1,960254	4,619516
2,061700	4,622451
2,040080	4,623429
2,166472	4,625059
2,026776	4,627342
1,920341	4,626364
1,862134	4,628972
1,833862	4,628646
2,083319	4,632233
1,898721	4,632885
2,051721	4,634842
2,003493	4,635820
1,926993	4,638429
2,109928	4,638429
1,956928	4,640386
1,975221	4,641038
2,106602	4,643320
2,075004	4,645277
2,108265	4,643972
1,920341	4,646907
2,060037	4,648864
1,986862	4,651472
2,056710	4,651799
2,013471	4,654081
2,001830	4,655386
2,081656	4,657016
1,903710	4,658646
1,918678	4,659951
1,754036	4,662233
1,950275	4,663538
2,093297	4,664190
2,008482	4,666146
1,953602	4,666146
2,048395	4,668103
1,958591	4,669081
1,933645	4,670386
2,071678	4,672342
1,948612	4,673973
1,951938	4,674299
1,968569	4,675929
1,868786	4,676907
2,156493	4,679516
1,991852	4,680820
1,930319	4,680494
2,124895	4,685386
2,010145	4,685060
1,976884	4,687016
2,035091	4,688320
2,001830	4,688320
1,892069	4,691581
1,968569	4,692560
2,204722	4,694842
2,309494	4,696146
2,269580	4,699081
1,950275	4,699733
1,858808	4,700712
2,063363	4,701038
2,103276	4,702668
1,960254	4,703973
1,980210	4,705929
2,158156	4,708538
2,003493	4,710494
2,206385	4,709842
2,086645	4,711473
2,123232	4,713103
2,124895	4,714081
2,292863	4,717016
2,099950	4,719299
2,138200	4,720277
2,055047	4,721255
2,169798	4,721581
2,254613	4,722886
2,292863	4,725494
2,191417	4,726799
2,221352	4,729081
2,234656	4,729407
2,274570	4,730386
2,246298	4,731364
2,213037	4,733647
2,083319	4,736255
2,139863	4,737886
1,922004	4,738212
2,124895	4,739190
2,143189	4,740820
2,296189	4,744407
2,144852	4,744407
2,128221	4,745386
2,159819	4,747016
1,910362	4,748647
1,995178	4,751255
1,995178	4,752560
2,078330	4,752560
2,276233	4,753538
2,266254	4,756473
2,261265	4,758755
2,244635	4,759407
2,073341	4,759081
2,204722	4,762016
2,282885	4,764299
2,266254	4,765277
2,156493	4,765277
2,194743	4,767234
2,286211	4,770168
2,173124	4,771147
2,066689	4,772451
2,219689	4,772125
2,099950	4,776038
2,068352	4,777016
2,103276	4,775712
2,186428	4,779625
2,164808	4,782234
2,324461	4,782886
2,099950	4,782560
2,108265	4,786473
2,307830	4,786147
2,173124	4,786147
2,138200	4,790060
2,018460	4,792016
2,264591	4,791690
2,314483	4,793973
2,071678	4,795603
2,128221	4,795929
2,094961	4,798212
2,196406	4,800168
2,108265	4,801799
2,183102	4,802451
2,228004	4,804734
2,269580	4,804734
2,412602	4,807995
2,324461	4,808973
2,036754	4,809299
2,254613	4,811581
2,206385	4,813864
2,035091	4,813864
1,830536	4,816147
2,184765	4,817777
2,297852	4,817777
2,188091	4,820386
2,251287	4,822668
2,161482	4,822668
2,439211	4,825603
2,252950	4,826582
2,420918	4,827886
2,334439	4,830168
2,297852	4,829190
2,166472	4,832125
2,228004	4,834408
2,274570	4,834082
2,454179	4,837342
2,232993	4,837016
2,311157	4,838647
2,060037	4,841255
2,201395	4,840277
2,228004	4,844842
2,183102	4,845821
2,114917	4,846147
2,194743	4,848755
2,108265	4,848755
2,272906	4,851690
2,322798	4,853321
2,399298	4,854625
2,218026	4,855929
2,226341	4,856255
2,151504	4,859842
2,219689	4,859190
2,321135	4,862451
2,351070	4,862451
2,111591	4,865386
2,136537	4,865060
2,030102	4,867342
2,514048	4,868321
2,246298	4,869625
2,232993	4,871908
2,148178	4,873212
2,279559	4,875169
2,194743	4,875821
2,083319	4,877777
2,271243	4,878103
2,128221	4,881038
2,327787	4,880386
2,415929	4,883973
2,361048	4,883973
2,336102	4,887234
2,254613	4,885929
2,286211	4,890495
2,169798	4,889516
2,231330	4,892777
2,113254	4,892451
2,223015	4,896038
2,272906	4,896364
2,133211	4,898321
2,274570	4,897995
2,098287	4,901908
2,181439	4,900929
2,116580	4,904516
2,219689	4,904190
2,164808	4,906799
2,189754	4,906799
2,194743	4,910712
2,081656	4,910060
2,259602	4,912669
2,264591	4,913321
2,296189	4,915603
2,151504	4,917560
2,504070	4,917886
2,397635	4,920821
2,214700	4,921799
2,211374	4,924082
2,372689	4,922777
2,321135	4,926690
2,439211	4,926364
2,352733	4,928321
2,226341	4,930603
2,484113	4,932234
2,178113	4,933538
2,121569	4,933212
2,282885	4,936799
2,302841	4,937451
2,274570	4,939408
2,414265	4,939408
2,179776	4,941038
2,286211	4,944299
2,196406	4,943647
2,347744	4,946908
2,119906	4,948212
1,893732	4,949517
2,181439	4,950495
2,257939	4,952125
2,316146	4,954082
2,214700	4,954082
2,073341	4,957017
2,241309	4,957017
2,286211	4,957995
2,153167	4,961908
2,126558	4,961582
2,319472	4,963538
2,381005	4,965169
2,289537	4,965821
2,036754	4,969082
2,297852	4,968756
2,068352	4,969734
2,221352	4,972669
1,926993	4,973321
2,176450	4,974625
2,324461	4,977234
2,179776	4,977560
2,083319	4,979191
2,262928	4,982777
2,236319	4,982125
2,116580	4,983430
2,128221	4,986691
2,025113	4,987343
1,907036	4,985386
2,101613	4,988647
2,191417	4,991256
1,852156	4,992560
1,973558	4,994843
2,030102	4,995821
2,071678	4,996799
1,983536	4,997777
2,068352	5,000712
2,296189	5,000386
1,951938	5,002669
2,048395	5,005278
2,171461	5,003647
1,980210	5,006582
1,868786	5,008212
1,918678	5,010821
1,961917	5,011473
1,946949	5,012451
2,013471	5,014734
1,963580	5,017669
2,045069	5,017669
2,101613	5,018321
2,028439	5,021908
2,028439	5,022886
1,928656	5,024517
1,903710	5,023864
1,895395	5,027125
1,880427	5,028104
2,071678	5,029408
2,021786	5,029734
2,066689	5,032017
1,907036	5,032995
2,066689	5,036582
1,975221	5,036582
1,868786	5,037886
2,138200	5,038538
1,963580	5,041147
2,033428	5,043430
1,842177	5,044082
2,021786	5,045386
1,928656	5,046365
2,030102	5,048973
2,124895	5,051256
2,114917	5,051582
2,151504	5,052560
2,133211	5,053865
2,098287	5,054843
2,141526	5,057452
2,106602	5,059408
1,988526	5,060386
2,154830	5,061691
1,712460	5,062669
1,961917	5,063973
2,036754	5,066582
2,051721	5,067886
1,960254	5,069843
2,031765	5,069843
2,098287	5,070821
2,013471	5,072452
2,075004	5,075712
1,922004	5,077017
2,078330	5,078973
1,847167	5,079952
2,144852	5,080604
2,104939	5,081582
1,920341	5,083539
2,066689	5,084843
2,124895	5,086147
2,139863	5,088104
2,158156	5,090712
2,232993	5,091691
1,855482	5,092995
2,093297	5,094626
1,885417	5,094952
2,241309	5,095930
2,055047	5,097234
1,955265	5,099191
2,173124	5,100495
2,040080	5,102126
2,065026	5,105386
1,917015	5,106365
1,951938	5,108647
1,960254	5,110278
2,070015	5,110604
1,966906	5,111908
2,124895	5,113539
2,055047	5,114843
2,033428	5,115169
2,026776	5,116799
1,867123	5,118104
2,116580	5,120060
1,892069	5,121365
2,176450	5,122995
1,915351	5,125604
2,046732	5,125930
1,975221	5,128213
1,936971	5,129843
2,148178	5,130495
2,046732	5,132778
1,918678	5,133756
1,936971	5,134734
1,917015	5,135713
1,868786	5,137343
2,094961	5,138321
1,998504	5,140278
1,920341	5,142560
1,980210	5,143539
2,166472	5,146473
1,971895	5,147778
2,094961	5,149082
1,888743	5,149734
2,084982	5,151691
2,010145	5,153321
2,046732	5,154626
1,852156	5,155278
1,898721	5,156908
1,965243	5,157886
2,083319	5,159191
2,223015	5,160821
2,076667	5,161473
1,922004	5,162778
1,946949	5,164408
1,777319	5,166365
1,980210	5,167343
2,121569	5,169300
1,951938	5,169952
2,079993	5,172234
2,006819	5,173865
1,833862	5,175169
1,890406	5,177452
2,141526	5,178756
2,041743	5,179408
2,031765	5,180713
1,923667	5,182017
1,720775	5,184300
2,089971	5,185930
1,898721	5,187887
1,998504	5,189191
1,822221	5,191474
2,056710	5,193104
1,986862	5,194734
1,965243	5,196365
2,073341	5,197017
1,938634	5,198321
2,075004	5,199300
2,005156	5,200604
1,965243	5,202560
1,975221	5,203865
2,081656	5,204191
2,001830	5,206147
1,966906	5,207452
2,176450	5,209082
2,134874	5,210387
1,867123	5,213321
1,893732	5,213974
2,011808	5,215930
2,091634	5,216908
2,083319	5,217234
1,772329	5,219517
2,013471	5,220821
1,913688	5,221800
1,822221	5,225061
1,823884	5,226039
1,953602	5,227669
2,108265	5,228648
2,244635	5,228974
2,035091	5,230604
1,843840	5,231582
1,878764	5,234191
1,885417	5,237452
2,075004	5,237126
1,991852	5,239408
1,828873	5,239408
1,835525	5,240387
2,093297	5,243648
2,010145	5,245278
1,988526	5,247234
1,986862	5,246582
1,893732	5,248213
1,993515	5,250495
1,953602	5,253104
2,063363	5,254082
2,026776	5,254408
2,156493	5,255061
1,975221	5,258321
1,883754	5,260278
1,760688	5,260930
2,048395	5,261256
2,048395	5,264517
1,985199	5,266148
1,872112	5,267126
2,141526	5,267452
2,099950	5,270387
1,963580	5,271365
1,960254	5,272669
1,940297	5,273974
2,068352	5,275604
2,271243	5,276908
2,036754	5,280169
1,727427	5,278865
2,006819	5,281800
1,978547	5,283756
1,950275	5,284408
2,164808	5,285061
2,228004	5,287343
1,960254	5,289300
2,028439	5,288974
1,893732	5,290930
1,988526	5,293865
1,734079	5,294517
1,915351	5,294843
2,028439	5,297778
1,925330	5,298756
1,966906	5,300387
1,922004	5,300713
1,991852	5,303648
2,103276	5,305278
2,108265	5,304952
1,946949	5,307235
1,827210	5,309517
1,971895	5,309517
1,926993	5,310822
1,858808	5,314082
2,093297	5,314735
2,154830	5,315713
2,048395	5,318322
1,838851	5,319300
2,055047	5,320278
1,902047	5,321909
2,070015	5,322887
1,933645	5,324191
1,915351	5,328104
1,943623	5,326800
2,008482	5,330061
1,837188	5,331691
1,808916	5,331691
2,111591	5,334626
1,961917	5,334626
1,960254	5,337561
2,148178	5,337887
2,093297	5,338865
2,005156	5,341800
1,981873	5,341800
1,975221	5,343430
1,938634	5,345387
1,983536	5,347017
2,106602	5,348648
2,214700	5,349626
1,828873	5,350930
1,958591	5,353213
2,144852	5,354191
1,965243	5,355169
2,003493	5,356800
1,892069	5,359083
1,624318	5,360061
2,041743	5,361039
2,020123	5,364952
1,828873	5,363974
2,036754	5,366583
1,775656	5,366583
1,853819	5,367887
1,961917	5,369191
2,008482	5,372452
1,887080	5,371800
1,832199	5,373756
1,805590	5,375713
1,953602	5,377670
1,885417	5,379300
2,101613	5,380278
1,787297	5,382887
2,053384	5,383213
2,045069	5,386148
1,883754	5,386474
1,867123	5,389409
2,018460	5,387778
1,985199	5,391365
2,079993	5,391365
1,950275	5,393974
2,043406	5,393974
1,875438	5,397887
1,945286	5,397561
1,840514	5,400496
1,860471	5,400170
2,056710	5,403757
1,880427	5,403104
1,990189	5,406365
2,023449	5,406365
1,893732	5,408974
2,021786	5,409300
1,976884	5,412235
1,715786	5,412235
1,950275	5,414191
1,922004	5,415822
1,863797	5,417778
1,908699	5,419083
1,828873	5,419735
1,837188	5,421691
2,070015	5,422670
1,986862	5,425604
1,792286	5,424626
1,793949	5,428213
1,664231	5,428213
1,926993	5,431148
1,704145	5,432126
1,920341	5,433431
2,116580	5,435387
1,694166	5,435713
1,936971	5,439300
1,918678	5,438974
1,966906	5,442561
2,166472	5,441909
1,807253	5,444844
1,823884	5,444191
1,978547	5,446800
1,822221	5,447778
2,040080	5,449083
1,842177	5,452344
1,912025	5,451691
1,963580	5,454300
1,848830	5,454300
1,941960	5,457561
1,950275	5,459191
1,930319	5,458213
1,913688	5,461800
1,883754	5,463104
1,995178	5,463104
1,931982	5,466365
2,257939	5,465713
2,008482	5,469626
2,048395	5,469626
2,026776	5,470604
1,689177	5,474844
1,893732	5,474844
1,897058	5,476800
1,936971	5,478431
1,936971	5,478431
1,995178	5,480713
2,023449	5,481691
2,026776	5,482344
2,186428	5,485278
1,983536	5,486583
1,966906	5,487235
2,016797	5,489518
2,148178	5,490822
1,973558	5,491148
1,675873	5,494083
2,179776	5,494083
2,045069	5,495713
1,971895	5,498974
2,063363	5,500278
1,955265	5,499952
2,071678	5,503213
2,409276	5,504844
2,016797	5,504518
1,990189	5,506800
2,186428	5,508431
2,086645	5,508431
1,965243	5,511365
2,159819	5,513648
2,046732	5,513322
2,058373	5,515931
2,053384	5,517235
1,835525	5,518539
2,070015	5,518539
2,229667	5,521148
1,907036	5,523757
2,116580	5,524409
1,913688	5,524409
2,141526	5,527018
2,246298	5,529626
2,126558	5,530605
2,196406	5,530605
1,946949	5,533213
2,056710	5,534844
1,933645	5,535822
2,209711	5,536474
1,965243	5,538757
2,106602	5,540713
2,151504	5,541365
2,084982	5,542018
2,013471	5,543322
1,998504	5,546583
2,068352	5,547887
1,903710	5,548539
2,316146	5,550496
2,218026	5,552126
1,917015	5,553757
2,179776	5,556039
2,232993	5,556366
2,025113	5,556692
2,232993	5,558974
2,123232	5,562235
2,166472	5,563539
2,149841	5,563539
2,093297	5,564844
2,266254	5,565496
2,271243	5,567452
2,188091	5,570713
2,188091	5,572018
2,409276	5,571692
2,133211	5,572670
2,214700	5,575279
1,935308	5,577887
2,084982	5,578539
2,094961	5,579192
2,025113	5,580822
2,307830	5,582126
2,066689	5,584083
2,104939	5,584735
2,166472	5,587996
2,244635	5,588974
2,078330	5,590931
2,081656	5,589953
2,189754	5,591909
2,051721	5,593213
2,176450	5,595496
2,231330	5,596148
2,434222	5,598431
1,965243	5,601040
2,071678	5,602670
1,926993	5,603322
2,106602	5,604300
2,208048	5,605605
2,480787	5,606583
2,089971	5,608866
1,996841	5,610496
2,005156	5,611800
2,136537	5,612779
2,158156	5,615713
2,272906	5,617344
2,149841	5,618648
2,256276	5,620931
2,113254	5,620931
2,108265	5,621583
2,079993	5,622561
2,045069	5,624518
2,073341	5,626148
2,296189	5,626800
2,058373	5,629083
2,399298	5,629735
2,254613	5,631366
2,143189	5,632996
2,079993	5,634300
2,261265	5,637235
2,404287	5,637887
2,337765	5,640496
2,046732	5,640822
2,133211	5,643105
2,196406	5,643757
2,124895	5,645714
2,199732	5,646366
2,232993	5,647018
2,382668	5,649627
2,128221	5,651583
1,938634	5,653540
2,194743	5,654192
2,134874	5,654844
2,144852	5,657453
2,327787	5,658431
2,063363	5,659083
2,291200	5,661040
2,404287	5,662018
2,163145	5,664301
2,346081	5,665279
2,247961	5,666583
2,252950	5,668540
2,385994	5,670170
2,289537	5,672453
2,284548	5,674409
2,231330	5,675714
2,422581	5,677344
2,211374	5,678322
2,349407	5,679627
2,377678	5,680931
2,068352	5,682888
2,096624	5,683540
2,377678	5,684192
2,174787	5,685496
2,420918	5,687453
2,148178	5,690061
2,264591	5,690061
2,084982	5,691366
2,302841	5,694301
2,129884	5,696583
2,148178	5,697561
2,119906	5,697888
2,189754	5,699518
2,043406	5,700170
2,249624	5,702453
2,400961	5,704409
2,181439	5,706040
2,434222	5,707344
2,364374	5,708648
2,131548	5,708322
2,173124	5,711257
2,174787	5,712888
2,331113	5,714844
2,011808	5,715496
2,098287	5,717453
2,203059	5,717453
2,346081	5,720061
2,016797	5,722670
2,031765	5,723648
2,156493	5,725279
2,311157	5,725279
2,081656	5,726257
2,156493	5,729192
2,199732	5,730170
2,149841	5,732779
2,181439	5,732127
2,247961	5,735062
2,306167	5,735714
2,181439	5,737018
2,274570	5,740931
2,326124	5,740279
2,244635	5,741909
2,319472	5,742888
2,081656	5,746148
2,101613	5,746801
2,113254	5,747453
2,223015	5,749083
2,161482	5,750714
2,084982	5,752996
2,214700	5,753975
2,189754	5,754627
2,286211	5,756583
2,108265	5,759518
2,349407	5,758540
2,116580	5,760170
2,156493	5,763431
2,073341	5,764083
2,219689	5,764735
2,281222	5,766040
2,400961	5,768975
2,025113	5,770605
2,030102	5,769953
2,272906	5,772236
2,299515	5,774844
2,326124	5,775170
2,420918	5,776801
2,254613	5,778757
2,203059	5,781040
2,124895	5,781366
2,154830	5,781366
2,249624	5,785279
2,028439	5,785931
2,324461	5,784627
2,128221	5,788540
2,327787	5,790170
1,930319	5,791149
2,201395	5,793105
2,389320	5,795388
2,357722	5,796366
2,104939	5,797670
2,188091	5,799627
2,081656	5,801257
2,148178	5,801583
2,392646	5,802888
2,256276	5,805823
2,164808	5,805823
2,058373	5,806801
2,109928	5,809409
1,936971	5,810714
2,189754	5,811366
2,168135	5,813975
2,058373	5,814953
2,066689	5,814953
2,141526	5,818214
2,038417	5,819192
1,960254	5,820170
2,006819	5,822779
2,237983	5,824410
2,006819	5,824410
2,196406	5,827018
2,164808	5,828649
2,006819	5,829627
2,018460	5,831583
2,139863	5,832236
2,236319	5,833214
2,216363	5,835823
2,251287	5,837453
2,164808	5,838431
1,945286	5,841040
2,301178	5,840388
1,893732	5,842670
2,209711	5,844301
2,001830	5,845279
2,109928	5,847562
1,980210	5,847888
2,234656	5,850170
2,134874	5,852453
2,143189	5,852453
1,935308	5,856366
1,975221	5,855714
2,134874	5,857018
2,053384	5,858975
1,862134	5,859627
1,907036	5,860931
2,011808	5,861257
2,149841	5,866149
2,119906	5,865823
1,968569	5,867779
2,096624	5,869736
1,961917	5,870062
2,254613	5,872344
1,946949	5,872344
2,010145	5,874953
1,996841	5,875605
1,951938	5,879518
2,046732	5,878214
2,229667	5,879518
1,800601	5,882127
1,857145	5,882453
2,139863	5,886040
2,051721	5,886040
2,194743	5,887018
1,843840	5,888323
1,883754	5,890931
1,847167	5,892562
2,035091	5,894192
2,138200	5,894844
2,099950	5,895171
2,028439	5,898431
2,143189	5,900062
1,840514	5,901040
2,010145	5,903323
1,923667	5,904301
1,940297	5,904627
1,948612	5,906910
1,890406	5,908214
1,951938	5,909518
1,872112	5,912127
1,890406	5,912453
1,953602	5,916040
2,001830	5,915062
1,948612	5,918323
1,867123	5,918323
2,006819	5,920605
1,890406	5,920931
2,000167	5,924192
1,812243	5,922562
1,870449	5,925171
1,931982	5,927453
1,912025	5,928431
2,040080	5,930388
1,820558	5,932671
1,953602	5,932671
1,803927	5,935931
2,033428	5,936258
2,000167	5,937562
2,203059	5,940823
1,990189	5,940171
1,990189	5,942779
1,912025	5,945062
2,063363	5,943758
2,048395	5,947671
1,878764	5,948975
2,128221	5,948975
1,981873	5,951584
2,070015	5,952236
1,902047	5,953214
1,961917	5,956149
2,056710	5,956475
2,041743	5,957127
2,028439	5,960062
1,980210	5,961692
1,941960	5,962671
1,885417	5,965605
1,936971	5,965279
2,093297	5,966584
2,247961	5,969518
2,129884	5,970497
2,066689	5,971149
2,191417	5,973758
2,033428	5,974736
1,797275	5,975714
1,848830	5,977345
1,857145	5,978975
1,950275	5,979953
1,873775	5,980279
1,965243	5,983540
2,036754	5,984519
2,076667	5,985497
1,782308	5,987779
2,020123	5,990388
2,066689	5,990388
1,813906	5,991366
2,010145	5,994301
2,066689	5,995279
2,055047	5,996584
1,848830	5,997562
2,203059	6,000497
1,986862	6,001801
1,825547	6,001149
1,976884	6,002453
1,677536	6,005714
2,098287	6,007345
2,040080	6,007671
1,981873	6,008323
2,025113	6,012236
1,950275	6,013540
1,870449	6,014192
2,050058	6,014845
2,184765	6,017779
2,124895	6,019410
2,106602	6,019410
2,001830	6,020388
1,882091	6,023975
1,978547	6,025279
2,003493	6,025606
2,094961	6,026258
1,803927	6,029193
2,116580	6,030497
1,933645	6,031801
2,108265	6,033106
1,887080	6,033758
1,870449	6,036693
1,940297	6,038649
2,075004	6,039301
2,070015	6,039953
2,068352	6,040932
2,013471	6,042888
2,171461	6,046149
1,948612	6,046475
2,016797	6,047453
2,010145	6,048106
1,980210	6,050062
1,968569	6,052019
1,877101	6,054953
1,996841	6,055606
1,993515	6,056258
2,083319	6,056910
2,208048	6,059193
2,129884	6,061801
1,890406	6,062780
2,193080	6,064410
1,988526	6,065062
1,995178	6,066040
1,965243	6,067345
1,767340	6,068649
2,148178	6,072562
2,070015	6,073214
2,045069	6,074193
1,860471	6,074845
2,198069	6,075823
2,013471	6,077780
1,823884	6,080062
1,936971	6,082671
2,051721	6,083649
2,041743	6,084627
2,043406	6,085606
1,931982	6,086258
1,983536	6,088214
1,976884	6,090171
1,976884	6,092454
2,129884	6,094084
1,885417	6,095062
1,898721	6,097345
2,109928	6,096693
1,993515	6,097997
2,176450	6,099627
1,961917	6,101258
1,966906	6,103867
1,843840	6,104193
2,073341	6,107454
2,098287	6,107454
1,965243	6,108758
2,008482	6,109736
2,021786	6,110714
1,928656	6,113649
1,960254	6,114627
2,050058	6,116584
2,089971	6,118867
2,194743	6,120823
1,983536	6,122780
2,033428	6,123432
2,302841	6,124410
2,103276	6,125388
1,620992	6,127345
2,045069	6,128649
2,209711	6,129627
1,827210	6,131258
1,953602	6,132236
2,161482	6,133541
2,063363	6,135171
2,154830	6,136801
1,961917	6,138432
2,121569	6,139084
2,003493	6,140714
2,183102	6,142671
2,096624	6,143649
2,198069	6,145606
2,144852	6,147888
2,176450	6,148541
2,065026	6,150823
1,985199	6,151149
2,010145	6,152454
1,823884	6,153432
1,670884	6,155388
2,119906	6,156367
1,730753	6,157671
1,938634	6,160280
2,010145	6,161584
1,895395	6,162562
1,705808	6,163541
2,078330	6,166475
1,945286	6,168106
2,083319	6,169736
2,184765	6,171367
1,878764	6,173649
1,931982	6,173323
1,920341	6,175280
2,006819	6,175280
1,913688	6,176910
2,021786	6,178541
1,930319	6,181475
1,970232	6,181802
2,065026	6,184736
2,133211	6,186041
2,060037	6,187345
1,995178	6,188323
2,184765	6,189628
1,996841	6,190280
2,000167	6,191910
1,775656	6,193867
1,835525	6,196802
2,164808	6,197780
2,101613	6,199084
2,118243	6,200062
2,010145	6,200715
1,838851	6,201367
1,946949	6,204302
2,134874	6,206584
2,010145	6,208215
1,993515	6,208867
1,827210	6,209519
1,925330	6,211149
1,863797	6,212780
2,013471	6,214736
1,818895	6,216367
2,066689	6,217345
1,993515	6,217671
2,081656	6,219302
1,744058	6,222562
1,868786	6,223867
1,965243	6,225497
1,995178	6,226149
1,798938	6,227128
2,031765	6,229736
1,823884	6,230389
1,759025	6,230715
2,006819	6,232671
1,961917	6,234954
2,096624	6,237562
1,931982	6,238215
1,965243	6,238541
2,045069	6,240171
2,025113	6,243106
1,950275	6,245062
1,808916	6,245389
1,990189	6,246367
1,915351	6,248323
2,015134	6,250606
2,053384	6,250932
2,053384	6,252236
1,976884	6,254519
2,086645	6,255171
2,011808	6,255823
1,900384	6,258758
1,981873	6,260063
1,933645	6,262345
1,960254	6,261693
1,950275	6,264954
1,970232	6,267236
2,006819	6,266584
1,968569	6,268215
2,031765	6,270497
2,058373	6,272128
2,045069	6,272128
2,181439	6,274736
1,920341	6,276693
1,872112	6,277345
1,880427	6,278650
1,887080	6,280280
2,020123	6,281584
2,036754	6,282889
1,780645	6,285823
2,066689	6,285497
1,883754	6,286476
1,873775	6,289736
1,920341	6,290389
1,961917	6,291041
1,714123	6,293976
1,946949	6,295606
1,850493	6,296584
1,873775	6,297889
2,008482	6,299193
2,083319	6,300171
1,838851	6,302780
2,196406	6,302780
