-0,703524	0,986900
-0,665959	0,988205
-0,318480	0,989183
-0,703524	0,987226
-0,803698	0,986900
-0,484393	0,987226
-0,559524	0,988531
-0,340393	0,988205
-0,296567	0,986900
-0,656567	0,986574
-0,628393	0,986900
-0,496915	0,986900
-0,471871	0,987878
-1,047873	0,988205
-0,653437	0,988531
-0,453089	0,987878
-0,653437	0,986574
-0,340393	0,986574
-0,675350	0,985922
-0,553263	0,987878
-0,309089	0,989835
-0,371697	0,991465
-0,521958	0,994074
-0,691002	0,995705
-0,609611	0,996357
-0,619002	0,998313
-0,587698	0,999292
-0,556393	1,000922
-0,471871	1,002552
-0,315349	1,003857
-0,647176	1,005487
-0,565785	1,006792
-0,609611	1,008748
-0,672220	1,010379
-0,991525	1,012335
-0,803698	1,012661
-0,615872	1,014618
-0,230828	1,016900
-0,809959	1,017879
-0,424915	1,019509
-0,725437	1,021466
-0,415524	1,022444
-0,487524	1,023748
-0,268393	1,024726
-0,277784	1,025705
-0,615872	1,027009
-0,428045	1,029618
-0,637785	1,031248
-0,506306	1,033857
-0,531350	1,034835
-0,202654	1,035813
-0,860046	1,035813
-0,894481	1,037444
-0,634654	1,040053
-0,737959	1,042009
-0,515698	1,043313
-0,424915	1,043313
-0,816220	1,045270
-0,975872	1,047879
-0,471871	1,050487
-0,662828	1,050487
-0,634654	1,050813
-0,631524	1,054074
-0,550132	1,056031
-0,556393	1,055705
-0,565785	1,057987
-0,687872	1,060922
-0,334132	1,061574
-0,309089	1,061574
-0,456219	1,063857
-0,753611	1,066140
-0,578306	1,066466
-0,500045	1,067444
-0,312219	1,071357
-0,271523	1,071031
-0,737959	1,072661
-0,900742	1,074618
-0,493785	1,076248
-0,515698	1,077879
-0,575176	1,080161
-0,515698	1,079509
-0,471871	1,081792
-0,500045	1,084074
-0,581437	1,084727
-0,553263	1,087009
-0,819350	1,088313
-0,791176	1,089618
-0,274654	1,092227
-0,860046	1,091248
-0,625263	1,095161
-0,202654	1,095487
-0,619002	1,097444
-0,847524	1,098748
-0,766133	1,099074
-0,437437	1,102661
-0,550132	1,102661
-0,496915	1,105596
-0,725437	1,105270
-0,647176	1,107879
-0,199523	1,108205
-0,443697	1,111466
-0,584567	1,111792
-0,415524	1,113096
-0,390480	1,115379
-0,481263	1,116031
-0,503176	1,118640
-0,409263	1,119292
-0,784916	1,121248
-0,703524	1,121574
-0,503176	1,124509
-0,665959	1,125814
-0,766133	1,127444
-0,305958	1,128422
-0,537611	1,130053
-0,190132	1,131683
-0,600220	1,132335
-0,290306	1,135270
-0,356045	1,134944
-0,428045	1,137227
-0,359176	1,139183
-0,731698	1,139509
-0,756742	1,143422
-0,822481	1,142444
-0,615872	1,145379
-0,800568	1,147009
-0,960220	1,147335
-0,828742	1,150922
-0,650307	1,150596
-0,772394	1,152553
-0,434306	1,154835
0,028999	1,154835
-0,725437	1,156140
-1,082307	1,159401
-0,941438	1,158748
-0,237088	1,160705
-0,950829	1,162988
-0,324741	1,162988
-0,625263	1,166248
-1,076047	1,167553
-0,381089	1,168205
-0,606480	1,169183
-0,515698	1,172118
-0,691002	1,173096
-0,321610	1,173748
-0,750481	1,176357
-0,781785	1,178640
-0,603350	1,178640
-0,381089	1,179944
-0,712915	1,182553
-0,368567	1,184835
-0,039871	1,184835
-0,415524	1,186140
-0,424915	1,187770
-0,327871	1,190705
-0,910133	1,191357
-0,791176	1,190705
-0,691002	1,193966
-0,309089	1,196575
-0,409263	1,197553
-0,665959	1,197879
-0,712915	1,198531
-0,584567	1,200814
-0,709785	1,203748
-0,390480	1,205053
-0,377958	1,206031
-0,233958	1,205705
-0,734828	1,208314
-0,681611	1,209292
-0,860046	1,211901
-0,578306	1,214183
-0,731698	1,215162
-0,346654	1,216466
-0,572046	1,217444
-0,105610	1,218096
0,038390	1,220053
-0,628393	1,222009
-0,562654	1,224292
-0,255871	1,226575
-0,656567	1,227553
-0,766133	1,228531
-0,434306	1,229183
-0,578306	1,229835
-0,462480	1,231140
-0,340393	1,233096
-0,537611	1,235705
-0,371697	1,237335
-0,612741	1,239618
-0,750481	1,240922
-0,734828	1,243205
-0,600220	1,243531
-0,609611	1,243857
-0,568915	1,245162
-0,196393	1,247118
-0,700394	1,248422
-0,290306	1,249401
-0,687872	1,250379
-0,700394	1,252662
-0,399871	1,255270
-0,866307	1,256575
-0,763002	1,258205
-0,612741	1,259836
-0,753611	1,261792
-0,919524	1,263096
-0,456219	1,265053
-0,722307	1,266683
-0,653437	1,267336
-0,737959	1,269292
-0,634654	1,271249
-0,766133	1,272227
-0,518828	1,273857
-0,340393	1,274836
-0,518828	1,276140
-0,512567	1,278423
-0,593959	1,278749
-0,575176	1,281683
-0,521958	1,282336
-0,731698	1,283314
-0,481263	1,284944
-0,481263	1,285923
-0,305958	1,288531
-0,531350	1,288205
-0,590828	1,289836
-0,694133	1,291140
-0,321610	1,292444
-0,403002	1,293423
-0,550132	1,295705
-0,284045	1,296683
-0,766133	1,298640
-0,938307	1,300923
-0,487524	1,303531
-0,928916	1,304836
-0,484393	1,306140
-0,803698	1,306466
-0,512567	1,308097
-0,575176	1,308749
-0,794307	1,310705
-0,302828	1,311683
-0,193262	1,313314
-0,262132	1,315597
-0,553263	1,318205
-0,340393	1,319836
-0,484393	1,320814
-0,725437	1,321140
-0,800568	1,322118
-0,415524	1,323749
-0,293436	1,325379
-0,503176	1,327336
-0,597089	1,329618
-0,719176	1,331249
-0,428045	1,332553
-0,575176	1,333205
-0,593959	1,333857
-0,634654	1,334836
-0,947698	1,337770
-0,362306	1,339401
-0,396741	1,341684
-0,772394	1,342662
-0,202654	1,342988
-0,412393	1,344292
-1,019699	1,346249
-0,706655	1,349184
-0,640915	1,350814
-0,280915	1,351792
-0,631524	1,351792
-0,368567	1,353097
-0,446828	1,354727
-0,487524	1,358314
-0,337262	1,358966
-0,224567	1,358966
-0,731698	1,361249
-0,841263	1,361575
-0,437437	1,363857
-0,631524	1,367118
-0,415524	1,367118
-0,856916	1,367771
-0,434306	1,370705
-0,612741	1,372988
-0,252741	1,373640
-0,619002	1,373966
-0,409263	1,375271
-0,590828	1,378205
-0,287175	1,379836
-0,290306	1,380488
-0,509437	1,381140
-0,634654	1,383097
-0,080566	1,385705
-0,647176	1,387010
-0,662828	1,387662
-0,111871	1,387988
-0,171349	1,391575
-0,449958	1,393205
-0,471871	1,392879
-0,174480	1,394184
0,129173	1,397118
-0,356045	1,399727
-0,133784	1,399075
-0,140045	1,400053
-0,064914	1,403966
-0,337262	1,404618
0,094738	1,404618
0,279434	1,406901
0,097869	1,410488
0,576826	1,409836
0,536130	1,410814
0,473522	1,413423
0,363956	1,414401
0,288826	1,414401
0,035260	1,417988
0,163608	1,419292
0,185521	1,418640
0,414043	1,422553
0,198043	1,423858
0,210565	1,423205
0,226217	1,426140
0,235608	1,429075
0,248130	1,428097
-0,337262	1,430053
0,135434	1,432662
-0,434306	1,432662
-0,105610	1,435597
0,007086	1,436249
-0,124393	1,436575
-0,212045	1,440162
-0,806829	1,440814
-0,669089	1,441792
-0,728568	1,445053
-0,315349	1,443749
-0,406132	1,446032
-0,747350	1,448640
-0,687872	1,448314
-0,575176	1,450271
-0,008566	1,453858
0,000825	1,452879
-0,359176	1,455814
-0,312219	1,458423
-0,515698	1,457445
-0,615872	1,460379
-0,487524	1,462662
-0,374828	1,461358
-0,465611	1,465271
-0,706655	1,465597
-0,772394	1,466575
-0,540741	1,470162
-0,550132	1,468858
-0,794307	1,472119
-0,678481	1,473423
-1,010307	1,474401
-0,146306	1,477662
-0,537611	1,476684
-0,813089	1,478314
-0,384219	1,480923
-0,678481	1,481575
-0,741089	1,483532
-0,249610	1,484510
-0,587698	1,486140
-0,309089	1,489075
-0,806829	1,489075
-0,997785	1,491358
-0,547002	1,493314
-0,136914	1,492662
-0,512567	1,496575
-0,518828	1,496249
-0,496915	1,496575
-0,528219	1,500814
-0,512567	1,499836
-0,540741	1,504075
-0,434306	1,504401
-0,640915	1,505053
-0,578306	1,508314
-0,831872	1,506684
-0,678481	1,510597
-0,340393	1,510597
-0,481263	1,513206
-0,371697	1,513858
-0,415524	1,515814
-0,431176	1,516793
-0,337262	1,517445
-0,390480	1,521684
-0,171349	1,522010
-0,446828	1,523314
-0,528219	1,525597
-0,559524	1,526575
-0,049262	1,528532
-0,769263	1,528532
-0,759872	1,533097
-0,500045	1,531793
-0,521958	1,534401
-0,612741	1,535706
-0,331002	1,537010
-0,503176	1,538314
-0,237088	1,538967
-0,349784	1,542227
-0,475002	1,542227
-0,647176	1,545488
-0,634654	1,545162
-0,409263	1,547445
-0,506306	1,548097
-0,456219	1,551032
-0,637785	1,551358
-0,440567	1,553967
-0,377958	1,553967
-0,133784	1,556249
-0,631524	1,557554
-0,340393	1,559184
-0,255871	1,560488
-0,440567	1,561793
-0,556393	1,562771
-0,265262	1,564075
-0,622133	1,567336
-0,183871	1,567336
-0,496915	1,570271
-0,659698	1,570597
-0,459350	1,572880
-0,140045	1,572880
-0,769263	1,575488
0,075956	1,575814
-0,290306	1,578097
-0,233958	1,579075
-0,390480	1,581032
-0,478132	1,582662
-0,268393	1,584945
-0,240219	1,585923
-0,102479	1,587227
-0,193262	1,587880
-0,309089	1,589836
-0,111871	1,590814
-0,515698	1,593097
-0,537611	1,594727
-0,584567	1,595380
-0,440567	1,598314
-0,290306	1,598314
-0,224567	1,601575
-0,262132	1,600271
-0,168219	1,603532
-0,074305	1,602228
-0,268393	1,607119
-0,115001	1,606467
0,263782	1,610380
-0,140045	1,609401
0,138565	1,613314
0,385869	1,612988
0,420304	1,615271
0,182391	1,615597
0,044651	1,619184
0,060303	1,618206
0,523609	1,620814
0,035260	1,621793
0,335782	1,623097
-0,039871	1,624401
-0,071175	1,625706
-0,249610	1,629293
-0,039871	1,628967
0,172999	1,631901
0,385869	1,631249
-0,221436	1,635162
-0,174480	1,634510
-0,396741	1,638423
0,032130	1,637771
0,003956	1,640380
-0,240219	1,641358
-0,221436	1,642662
0,154217	1,644293
-0,140045	1,645271
-0,277784	1,648858
-0,428045	1,646902
-0,161958	1,651467
-0,356045	1,651141
0,025869	1,654075
0,032130	1,654075
-0,359176	1,656358
-0,136914	1,658641
-0,377958	1,658315
0,019608	1,661575
-0,500045	1,661902
-0,027349	1,664836
-0,305958	1,664836
0,072825	1,665815
-0,287175	1,668423
-0,039871	1,668749
-0,340393	1,671684
0,204304	1,671358
-0,384219	1,675271
-0,190132	1,674293
-0,174480	1,677228
-0,121262	1,678532
-0,089958	1,679510
0,032130	1,681793
-0,431176	1,681793
-0,046131	1,685706
0,129173	1,685380
-0,187001	1,687010
0,057173	1,688641
-0,033610	1,689293
-0,074305	1,692554
-0,158827	1,692228
-0,017958	1,695162
-0,218306	1,694836
0,022738	1,698097
-0,080566	1,698423
0,035260	1,700054
0,160478	1,702662
-0,124393	1,702662
-0,068045	1,705271
0,295087	1,704945
-0,052392	1,707880
-0,202654	1,709184
0,210565	1,710489
0,010216	1,712119
0,116651	1,712119
0,367087	1,716032
0,132304	1,715706
0,085347	1,718641
0,517348	1,718315
0,229347	1,719945
0,244999	1,722880
0,213695	1,723206
0,244999	1,726793
0,332652	1,725489
0,680131	1,728749
0,244999	1,729076
0,338913	1,731358
0,426565	1,733315
-0,121262	1,734293
0,132304	1,737228
-0,124393	1,735923
-0,121262	1,739510
-0,280915	1,739836
-0,196393	1,741467
0,060303	1,743423
-0,111871	1,743097
-0,046131	1,747010
-0,099349	1,747010
-0,321610	1,749945
-0,124393	1,748967
0,310739	1,752880
-0,049262	1,751902
0,010216	1,755163
0,094738	1,756141
-0,133784	1,757771
0,007086	1,760054
-0,143175	1,760054
-0,412393	1,763315
0,332652	1,762337
0,069695	1,765923
-0,017958	1,765597
-0,049262	1,768532
-0,640915	1,768206
0,063434	1,771467
-0,500045	1,772445
0,044651	1,773423
-0,017958	1,775380
-0,252741	1,776032
0,097869	1,779619
-0,268393	1,779293
-0,459350	1,781576
0,000825	1,781902
-0,043001	1,784837
-0,049262	1,785489
-0,036740	1,787119
-0,124393	1,789076
-0,064914	1,789402
0,047782	1,792010
0,169869	1,791358
0,010216	1,794945
-0,296567	1,795271
-0,099349	1,797554
-0,280915	1,799837
0,091608	1,800163
0,398391	1,803424
-0,287175	1,801793
0,295087	1,805380
0,232478	1,805706
0,219956	1,807989
0,251260	1,809293
0,198043	1,809293
0,047782	1,813532
0,166738	1,812554
0,363956	1,815163
0,194912	1,816141
0,592478	1,818424
0,470391	1,819402
0,401522	1,820380
0,636305	1,822663
0,373348	1,822989
0,792827	1,826250
0,426565	1,825597
0,276304	1,828532
0,392130	1,828532
0,407782	1,831467
0,946218	1,832119
0,304478	1,833750
0,047782	1,836032
-0,002305	1,836358
0,410913	1,839619
0,126043	1,838967
0,166738	1,841902
0,295087	1,842554
-0,118132	1,843532
0,022738	1,846467
0,003956	1,846141
0,041521	1,849728
-0,381089	1,850380
-0,008566	1,852011
-0,174480	1,852663
-0,183871	1,854293
-0,187001	1,857554
-0,002305	1,856250
-0,061784	1,860489
-0,102479	1,859837
-0,196393	1,861793
-0,171349	1,863424
-0,324741	1,863750
-0,096219	1,867011
-0,058653	1,867011
-0,064914	1,869945
-0,152566	1,869619
-0,039871	1,872554
0,107260	1,874511
-0,249610	1,873858
-0,196393	1,877772
-0,127523	1,876467
0,113521	1,880054
-0,124393	1,880380
0,360826	1,883641
-0,584567	1,883641
-0,058653	1,885924
-0,061784	1,886576
-0,187001	1,889511
-0,168219	1,889511
-0,252741	1,890815
-0,115001	1,893424
-0,030479	1,893098
0,094738	1,896359
0,141695	1,896032
-0,437437	1,898967
0,191782	1,900598
0,050912	1,901250
-0,340393	1,904185
-0,703524	1,903532
0,100999	1,906141
-0,340393	1,906467
-0,099349	1,909728
-0,074305	1,909728
-0,262132	1,912337
-0,299697	1,913315
-0,064914	1,914945
-0,315349	1,916576
-0,089958	1,916576
-0,152566	1,919511
-0,290306	1,919837
-0,002305	1,922119
-0,083697	1,923750
0,075956	1,924402
0,035260	1,927337
-0,224567	1,927337
-0,415524	1,929946
-0,321610	1,930924
-0,136914	1,931902
-0,478132	1,934185
-0,124393	1,935163
-0,327871	1,938424
-0,212045	1,937772
-0,449958	1,940706
-0,356045	1,942011
0,119782	1,942011
-0,190132	1,944619
-0,490654	1,944619
-0,074305	1,947880
-0,384219	1,948206
-0,089958	1,950489
0,385869	1,951793
-0,124393	1,952446
-0,331002	1,955054
0,129173	1,955706
-0,096219	1,957337
0,091608	1,958967
0,410913	1,959946
-0,140045	1,962880
-0,221436	1,962228
0,151086	1,964837
-0,481263	1,966467
-0,318480	1,966141
-0,597089	1,970054
-0,183871	1,970054
0,019608	1,972011
-0,340393	1,973315
-0,193262	1,974620
-0,149436	1,977880
0,035260	1,976250
-0,299697	1,980489
0,110391	1,980163
-0,071175	1,982446
0,110391	1,984402
-0,478132	1,984402
-0,058653	1,986685
-0,406132	1,988315
-0,565785	1,989620
-0,093088	1,992228
-0,102479	1,991576
0,085347	1,995489
0,025869	1,994837
-0,108740	1,996467
-0,312219	1,999402
-0,227697	1,998750
-0,421784	2,002337
-0,428045	2,002337
-0,327871	2,003641
-0,421784	2,006576
-0,390480	2,006576
0,010216	2,009837
-0,021088	2,009185
-0,152566	2,011141
0,013347	2,012772
0,013347	2,014076
-0,318480	2,017663
-0,587698	2,017011
-0,083697	2,019946
-0,052392	2,020272
-0,246480	2,021576
0,079086	2,024185
-0,233958	2,023859
-0,387350	2,027772
-0,058653	2,026467
-0,619002	2,030380
-0,377958	2,030380
-0,111871	2,032337
-0,068045	2,034294
-0,459350	2,035272
-0,384219	2,037881
-0,183871	2,037881
-0,446828	2,040489
-0,014827	2,040163
-0,233958	2,043098
-0,240219	2,044402
-0,359176	2,045381
-0,230828	2,047337
-0,650307	2,048315
0,025869	2,050924
-0,731698	2,050598
-0,036740	2,054185
-0,193262	2,053859
-0,262132	2,056794
-0,568915	2,058098
-0,597089	2,058750
-0,140045	2,060707
-0,312219	2,060707
-0,096219	2,063641
-0,644046	2,064294
-0,027349	2,067228
-0,484393	2,067881
-0,296567	2,068207
-0,559524	2,070815
-0,565785	2,070815
-0,249610	2,074402
-0,196393	2,074402
-0,356045	2,077337
-0,484393	2,077337
-0,841263	2,079620
-0,218306	2,080924
-0,033610	2,081902
-0,290306	2,083859
-0,381089	2,083859
-0,521958	2,086794
-0,647176	2,086794
-0,534480	2,090707
-0,290306	2,090055
-0,105610	2,093315
-0,803698	2,093968
-0,606480	2,096250
-0,296567	2,096576
-0,456219	2,097881
-0,559524	2,100163
-0,187001	2,101142
-0,471871	2,103750
-0,340393	2,103424
-0,788046	2,106033
-0,665959	2,107011
-0,465611	2,107989
-0,581437	2,109620
-0,274654	2,110598
-0,656567	2,114837
-0,647176	2,113207
-0,415524	2,116794
-0,537611	2,116794
-0,409263	2,119402
-0,935177	2,119728
-0,712915	2,121685
-0,653437	2,124294
-0,412393	2,123642
-0,659698	2,127229
-0,440567	2,126576
-0,280915	2,129511
-0,565785	2,130489
-1,032220	2,132120
-0,625263	2,133750
-0,415524	2,134402
-0,565785	2,137989
-0,299697	2,136359
-0,575176	2,139946
-0,487524	2,139946
-0,791176	2,143533
-0,453089	2,143533
-0,334132	2,146142
-1,035351	2,147446
-0,659698	2,148098
-0,903872	2,150381
-0,728568	2,149402
-0,637785	2,153968
-0,568915	2,153316
-0,512567	2,155598
-0,271523	2,156576
-0,412393	2,158533
-0,606480	2,160816
-0,377958	2,160489
-0,302828	2,164402
-0,387350	2,164076
-0,703524	2,167011
-0,800568	2,167663
-0,409263	2,168642
-0,424915	2,170598
-0,775524	2,170598
-0,772394	2,172555
-0,481263	2,173533
-0,584567	2,176142
-0,628393	2,178098
-0,434306	2,177446
-0,590828	2,181685
-0,487524	2,181359
-0,500045	2,184294
-0,800568	2,184946
-0,512567	2,186250
-0,669089	2,188533
-1,101090	2,187881
-0,672220	2,191468
-0,675350	2,191468
-0,753611	2,193424
-0,628393	2,194729
-0,559524	2,196685
-0,553263	2,198316
-0,315349	2,198968
-0,525089	2,201576
-0,543872	2,201576
-0,412393	2,204511
-0,622133	2,204511
-0,503176	2,206794
-0,615872	2,208750
-0,146306	2,209729
-1,035351	2,212337
-0,675350	2,211685
-0,860046	2,214946
-0,431176	2,214946
-0,431176	2,217229
-0,224567	2,218533
-0,681611	2,219837
-0,365436	2,221794
-0,982133	2,222120
-0,418654	2,226033
-0,791176	2,225055
-0,612741	2,228316
-1,054133	2,228968
-0,547002	2,229620
-0,506306	2,232555
-0,650307	2,232229
-0,640915	2,236142
-0,230828	2,235816
-0,706655	2,238098
-0,418654	2,239077
-0,737959	2,241685
-0,741089	2,242664
-0,603350	2,243316
-0,847524	2,245598
-0,703524	2,246250
-1,091699	2,249185
-0,578306	2,248533
-0,362306	2,251468
-0,903872	2,251468
-0,603350	2,253750
-0,537611	2,255381
-0,625263	2,257337
-0,475002	2,258316
-0,753611	2,259946
-0,168219	2,262555
-0,534480	2,261577
-0,584567	2,264511
-0,650307	2,264185
-0,547002	2,267772
-0,506306	2,267446
-0,396741	2,270707
-0,540741	2,270707
-0,600220	2,273968
-0,490654	2,272990
-0,368567	2,276903
-0,703524	2,276251
-0,550132	2,280490
-0,709785	2,279511
-0,788046	2,282772
-0,860046	2,282120
-0,722307	2,285381
-0,496915	2,285055
-0,161958	2,287664
-0,590828	2,287990
-0,575176	2,291251
-0,302828	2,290598
-0,650307	2,295164
-0,703524	2,293533
-0,500045	2,296468
-0,888220	2,297120
-0,525089	2,300055
-0,709785	2,300055
-0,772394	2,303642
-0,891351	2,302664
-0,424915	2,305925
-0,553263	2,305598
-1,004046	2,308533
-0,781785	2,308207
-0,835003	2,312120
-0,437437	2,311468
-0,953959	2,315707
-0,377958	2,314729
-0,756742	2,317338
-0,631524	2,317664
-0,885090	2,320598
-0,556393	2,320925
-0,521958	2,323533
-0,356045	2,323533
-0,631524	2,326468
-0,262132	2,326468
-0,684741	2,329403
-0,428045	2,329403
-0,681611	2,332664
-0,481263	2,332990
-0,747350	2,335598
-0,553263	2,335272
-0,750481	2,337881
-0,540741	2,338207
-0,778655	2,340816
-0,741089	2,340816
-0,659698	2,345055
-0,359176	2,343751
-0,562654	2,347012
-0,863177	2,347664
-0,797437	2,349620
-0,769263	2,350599
-0,428045	2,352555
-0,547002	2,352881
-0,318480	2,355490
-0,791176	2,356468
-0,384219	2,358099
-0,521958	2,359403
-0,691002	2,360055
-0,759872	2,362990
-0,424915	2,362990
-0,709785	2,366251
-0,640915	2,365599
-0,443697	2,370164
-0,337262	2,368207
-0,453089	2,371794
-0,371697	2,371794
-0,265262	2,375055
-0,775524	2,375707
-0,700394	2,377012
-0,800568	2,378316
-0,756742	2,380272
-0,365436	2,381903
-0,681611	2,382555
-0,487524	2,385490
-0,907003	2,385164
-0,415524	2,387772
-0,487524	2,388425
-0,359176	2,391359
-0,788046	2,390707
-0,809959	2,393968
-0,437437	2,393968
-0,537611	2,397229
-0,515698	2,396903
-0,728568	2,399186
-0,428045	2,400164
-0,437437	2,402773
-0,559524	2,403425
-0,562654	2,404729
-0,687872	2,407012
-0,403002	2,407338
-0,237088	2,410925
-0,428045	2,409946
-0,406132	2,413207
-0,734828	2,412881
-0,321610	2,415490
-0,518828	2,417446
-0,503176	2,417446
-0,615872	2,420381
-0,428045	2,421033
-0,543872	2,422664
-0,409263	2,423316
-0,484393	2,425599
-0,434306	2,426251
-0,565785	2,427229
-0,515698	2,430164
-0,446828	2,429512
-0,202654	2,433751
-0,863177	2,434729
-0,578306	2,435055
-0,490654	2,438316
-0,449958	2,438316
-0,609611	2,439947
-0,587698	2,441251
-0,540741	2,442555
-0,449958	2,446142
-0,537611	2,444838
-0,506306	2,447773
-0,390480	2,448751
-0,625263	2,450707
-0,606480	2,452338
-0,481263	2,452664
-0,390480	2,455599
-0,168219	2,455599
-0,481263	2,458207
-0,437437	2,458860
-0,603350	2,460164
-0,609611	2,463099
-0,565785	2,462773
-0,449958	2,466686
-0,540741	2,466360
-0,597089	2,468316
-0,587698	2,469620
-0,587698	2,469620
-0,428045	2,472555
-0,590828	2,473534
-0,575176	2,474838
-0,459350	2,477773
-0,387350	2,477447
-0,055523	2,480055
-0,196393	2,481360
-0,377958	2,482012
-0,274654	2,484620
-0,290306	2,485599
-0,396741	2,485925
-0,215175	2,488534
-0,634654	2,488860
-0,168219	2,491794
-0,500045	2,492773
-0,362306	2,493751
-0,559524	2,496686
-0,321610	2,497012
-0,384219	2,499294
-0,356045	2,500273
-0,869437	2,500273
-0,305958	2,504512
-0,828742	2,504186
-0,487524	2,506142
-0,515698	2,508425
-0,600220	2,508099
-0,694133	2,510055
-0,750481	2,512664
-0,578306	2,512664
-0,168219	2,514947
-0,077436	2,516577
-0,415524	2,517881
-0,337262	2,518860
-0,406132	2,521794
-0,412393	2,521142
-0,140045	2,523099
-0,681611	2,526360
-0,537611	2,526360
-0,359176	2,527990
-0,778655	2,530925
-0,428045	2,531251
0,019608	2,532229
-0,431176	2,533860
-0,440567	2,536468
-0,481263	2,535164
-0,265262	2,538751
-0,146306	2,540708
-0,741089	2,539729
-0,728568	2,542664
-0,456219	2,545273
-0,352915	2,544947
-0,349784	2,545925
-0,446828	2,548534
-0,359176	2,549838
-0,315349	2,549838
0,144825	2,553099
-0,603350	2,554729
-0,550132	2,554403
-0,180740	2,557338
-0,631524	2,559621
-0,381089	2,557012
-0,390480	2,562555
-0,453089	2,563534
-0,158827	2,563534
-0,506306	2,566142
-0,280915	2,567121
-0,684741	2,567773
-0,406132	2,570055
-0,271523	2,572990
-0,697263	2,573968
-0,656567	2,572664
-0,907003	2,575925
-0,371697	2,577882
-0,196393	2,578534
-0,168219	2,580164
-0,321610	2,581795
-0,064914	2,584403
-0,562654	2,584729
-0,259001	2,585055
-0,108740	2,587990
-0,496915	2,590273
-0,399871	2,590599
-0,312219	2,591251
-0,180740	2,594838
-0,665959	2,595816
-0,221436	2,595164
0,107260	2,597773
0,000825	2,600056
-0,512567	2,601686
-0,509437	2,602664
-0,237088	2,602664
-0,287175	2,605273
-0,337262	2,607229
-0,299697	2,609512
-0,531350	2,609512
-0,058653	2,610816
-0,077436	2,613099
-0,274654	2,615056
-0,421784	2,616360
-0,590828	2,617012
-0,512567	2,618316
-0,265262	2,619295
-0,399871	2,622229
0,054043	2,624186
-0,039871	2,624838
-0,349784	2,625490
0,295087	2,626795
-0,334132	2,629077
-0,049262	2,631360
-0,274654	2,632990
-0,224567	2,632338
-0,559524	2,634295
-0,127523	2,636903
-0,233958	2,638860
-0,381089	2,639838
-0,021088	2,641469
-0,259001	2,641469
-0,043001	2,643099
-0,002305	2,645056
-0,017958	2,647012
0,022738	2,649295
-0,008566	2,651251
-0,046131	2,651903
-0,096219	2,653208
-0,240219	2,652882
-0,393610	2,654512
-0,509437	2,656795
0,107260	2,658751
-0,290306	2,661034
-0,177610	2,662664
-0,039871	2,662990
-0,215175	2,663969
0,057173	2,664947
-0,146306	2,666577
-0,124393	2,668860
-0,043001	2,670817
0,260652	2,672121
-0,039871	2,673099
-0,121262	2,674403
-0,312219	2,676034
0,210565	2,676686
-0,011697	2,677664
-0,284045	2,680925
0,079086	2,682882
0,188652	2,684512
0,035260	2,685490
0,198043	2,686143
0,182391	2,686795
0,022738	2,688751
0,041521	2,690056
-0,058653	2,691360
-0,240219	2,693969
-0,399871	2,695599
0,479783	2,698534
-0,174480	2,699186
0,144825	2,699512
0,185521	2,700817
-0,202654	2,702121
0,226217	2,703099
-0,021088	2,704077
0,191782	2,705708
-0,143175	2,707664
-0,221436	2,709621
-0,046131	2,711251
-0,174480	2,713860
-0,068045	2,714838
0,176130	2,717121
-0,017958	2,718751
0,075956	2,720056
0,129173	2,721034
0,129173	2,722664
-0,509437	2,723643
-0,359176	2,724295
-0,083697	2,725273
0,260652	2,726904
0,254391	2,728208
-0,036740	2,729186
0,122912	2,730491
-0,321610	2,732447
-0,011697	2,734404
-0,155697	2,736686
-0,089958	2,737338
-0,205784	2,738969
-0,021088	2,742230
0,000825	2,742556
-0,277784	2,744512
0,288826	2,746143
-0,265262	2,746795
0,304478	2,749078
0,160478	2,750708
0,141695	2,751360
-0,165088	2,752991
0,060303	2,754621
0,091608	2,755599
-0,190132	2,757230
-0,321610	2,758208
-0,133784	2,759186
0,188652	2,760817
0,057173	2,762121
-0,371697	2,764730
-0,136914	2,765708
-0,046131	2,767012
-0,174480	2,768969
0,223086	2,770273
-0,205784	2,772556
-0,080566	2,773534
0,122912	2,775165
-0,074305	2,776143
0,110391	2,778425
0,317000	2,780056
-0,033610	2,781034
0,110391	2,781686
-0,158827	2,783317
0,129173	2,784295
-0,183871	2,784947
-0,124393	2,787230
0,182391	2,788534
-0,140045	2,789512
0,489174	2,792121
0,385869	2,793752
-0,043001	2,794730
0,323261	2,797665
0,313869	2,798317
0,263782	2,799621
0,520478	2,800925
0,414043	2,802556
0,154217	2,802882
-0,036740	2,804839
0,354565	2,806469
0,266913	2,807773
0,210565	2,810056
0,248130	2,812012
0,191782	2,813969
0,529870	2,814295
0,260652	2,816252
0,667609	2,816904
0,451609	2,817556
0,639435	2,819512
0,642565	2,820817
1,115262	2,822121
0,655087	2,824404
1,231088	2,827012
1,613002	2,827991
2,001177	2,829947
2,564656	2,830273
3,081179	2,830599
3,049874	2,832230
3,666571	2,832882
3,845006	2,834839
4,220659	2,837447
4,493008	2,839404
4,233181	2,841360
4,349007	2,842991
4,298920	2,842339
3,882572	2,843317
3,898224	2,845273
3,744832	2,847230
3,175092	2,848208
2,805700	2,850817
1,587959	2,853099
1,115262	2,853426
0,598739	2,855056
0,517348	2,856034
0,313869	2,856360
-0,218306	2,858317
0,044651	2,860926
0,291956	2,862230
0,138565	2,864186
0,248130	2,864513
-0,243349	2,865491
-0,287175	2,867447
0,370217	2,869078
0,072825	2,871360
0,470391	2,872991
-0,039871	2,874947
-0,005436	2,875600
-0,068045	2,877882
-0,180740	2,877556
-0,399871	2,879186
0,185521	2,881143
-0,033610	2,883752
-0,240219	2,884404
0,094738	2,886034
-0,449958	2,886360
0,295087	2,887665
0,057173	2,890273
0,160478	2,892556
-0,534480	2,892882
0,019608	2,895491
-0,124393	2,895165
-0,331002	2,896143
0,194912	2,898752
0,000825	2,901360
0,047782	2,901687
-0,155697	2,903643
0,238739	2,903643
-0,074305	2,905273
-0,287175	2,907882
-0,352915	2,910491
-0,030479	2,910165
-0,121262	2,911143
0,160478	2,912447
-0,274654	2,914730
-0,140045	2,917339
-0,093088	2,917665
-0,143175	2,918643
-0,259001	2,919947
0,216826	2,922230
-0,130653	2,924513
-0,296567	2,925491
-0,434306	2,925491
0,104130	2,928100
0,241869	2,930708
-0,161958	2,931687
0,179260	2,932013
-0,099349	2,932665
0,044651	2,936252
0,110391	2,937230
-0,083697	2,938534
-0,265262	2,938861
-0,221436	2,941143
0,213695	2,943426
-0,102479	2,944404
0,097869	2,944404
0,007086	2,947013
0,003956	2,948969
-0,293436	2,949621
-0,183871	2,950274
-0,190132	2,952882
-0,030479	2,954839
-0,058653	2,955817
-0,140045	2,956469
-0,068045	2,958752
-0,177610	2,960382
0,050912	2,961034
-0,224567	2,962665
0,016477	2,966252
-0,171349	2,965926
-0,259001	2,967230
0,075956	2,969513
-0,033610	2,970817
-0,230828	2,971143
-0,049262	2,973426
-0,168219	2,976034
-0,230828	2,975708
-0,446828	2,977991
-0,002305	2,980926
-0,490654	2,980926
-0,374828	2,981578
-0,240219	2,984513
-0,177610	2,984839
-0,030479	2,986143
-0,140045	2,988426
0,094738	2,989730
0,129173	2,989730
-0,349784	2,992665
-0,365436	2,994295
-0,224567	2,993969
-0,246480	2,997230
-0,183871	2,998861
-0,299697	2,999187
0,370217	3,001795
-0,255871	3,003426
-0,259001	3,003426
-0,089958	3,007013
-0,271523	3,007665
0,000825	3,007665
-0,136914	3,009948
-0,014827	3,011578
-0,171349	3,012230
0,122912	3,015491
-0,111871	3,016143
-0,152566	3,016143
-0,177610	3,019730
0,063434	3,018752
-0,243349	3,021687
-0,058653	3,023317
0,100999	3,024295
0,047782	3,027230
-0,017958	3,026578
-0,011697	3,029187
-0,161958	3,031795
-0,099349	3,030491
0,241869	3,033426
-0,421784	3,035709
0,116651	3,035382
-0,030479	3,039295
-0,133784	3,038969
0,013347	3,040274
0,191782	3,042882
0,216826	3,042556
0,104130	3,047122
-0,221436	3,046143
-0,190132	3,048100
-0,061784	3,049404
-0,133784	3,050056
-0,449958	3,053969
-0,049262	3,053969
-0,299697	3,055926
-0,440567	3,056252
-0,628393	3,058209
-0,024218	3,060817
-0,014827	3,059839
-0,825611	3,064730
-0,271523	3,063426
-0,265262	3,066361
0,028999	3,067339
-0,158827	3,068643
-0,130653	3,071252
-0,096219	3,070926
-0,374828	3,074187
-0,412393	3,074839
-0,140045	3,076143
-0,312219	3,077448
-0,068045	3,078752
-0,462480	3,080383
-0,368567	3,081687
-0,525089	3,083969
-0,127523	3,083969
-0,346654	3,086252
-0,252741	3,087230
0,075956	3,089513
-0,606480	3,089513
-0,259001	3,092774
-0,177610	3,093426
-0,237088	3,095056
-0,484393	3,097339
-0,340393	3,097665
-0,133784	3,099948
-0,115001	3,101252
-0,315349	3,102230
-0,262132	3,103209
-0,086827	3,106470
-0,547002	3,106796
0,244999	3,108752
-0,168219	3,108426
0,241869	3,112339
-0,299697	3,112339
-0,274654	3,114622
-0,130653	3,114622
-0,193262	3,117883
-0,052392	3,118209
-0,240219	3,121143
-0,625263	3,119839
-0,359176	3,123752
-0,140045	3,123100
0,000825	3,127013
-0,268393	3,126361
-0,309089	3,129296
-0,290306	3,129622
-0,202654	3,132230
-0,158827	3,133209
-0,428045	3,134839
-0,456219	3,136143
-0,118132	3,137448
-0,371697	3,138752
-0,271523	3,140383
-0,521958	3,141687
-0,309089	3,143317
-0,140045	3,145274
-0,171349	3,145600
-0,403002	3,148535
-0,365436	3,148861
-0,556393	3,150491
-0,202654	3,153100
-0,694133	3,153426
-0,140045	3,156035
-0,356045	3,156361
-0,290306	3,158970
-0,255871	3,158644
-0,418654	3,161252
-0,068045	3,161904
-0,118132	3,164513
-0,130653	3,164839
-0,321610	3,165165
-0,296567	3,169078
-0,121262	3,169078
-0,359176	3,172013
-0,324741	3,172665
-0,271523	3,173317
-0,359176	3,176578
0,223086	3,177231
-0,027349	3,178535
0,025869	3,181470
-0,177610	3,180817
-0,171349	3,182774
-0,108740	3,185709
-0,296567	3,185057
-0,124393	3,187665
-0,049262	3,188644
0,010216	3,189948
0,060303	3,193209
-0,171349	3,192883
-0,396741	3,194187
-0,340393	3,197448
-0,287175	3,196796
0,085347	3,198752
-0,058653	3,201687
0,075956	3,202013
-0,152566	3,203318
-0,434306	3,205600
-0,299697	3,206578
-0,337262	3,207231
-0,105610	3,167448
-0,331002	3,211470
-0,271523	3,211796
-0,265262	3,213752
0,069695	3,215709
-0,334132	3,215383
-0,140045	3,217665
0,204304	3,219948
0,342043	3,221578
-0,349784	3,221905
-0,052392	3,224513
0,041521	3,226144
-0,187001	3,226470
-0,265262	3,228426
0,010216	3,230383
0,201173	3,231687
0,185521	3,231687
-0,503176	3,233970
0,000825	3,236578
-0,096219	3,237557
0,141695	3,237231
-0,027349	3,239839
0,282565	3,242448
0,367087	3,242774
0,216826	3,243752
0,467261	3,246035
0,210565	3,248644
0,295087	3,248318
0,470391	3,249296
0,235608	3,252231
0,486043	3,254839
-0,055523	3,254187
0,060303	3,255492
0,035260	3,257774
-0,058653	3,260057
0,038390	3,260057
-0,249610	3,261361
-0,143175	3,264622
0,135434	3,265926
-0,149436	3,266252
-0,155697	3,267231
-0,290306	3,269513
0,085347	3,271796
-0,011697	3,271796
-0,002305	3,273426
0,154217	3,275057
-0,697263	3,278318
-0,381089	3,278318
-0,039871	3,278970
-0,027349	3,279948
-0,055523	3,282883
-0,262132	3,285166
-0,196393	3,284513
0,182391	3,285818
0,003956	3,288100
-0,017958	3,291687
0,160478	3,292013
0,022738	3,291687
0,057173	3,292992
-0,002305	3,295274
0,050912	3,298209
0,163608	3,299513
-0,064914	3,299187
-0,456219	3,301144
-0,565785	3,303426
-0,387350	3,305709
0,244999	3,306361
-0,572046	3,307013
-0,312219	3,307666
0,138565	3,310274
-0,052392	3,312231
-0,340393	3,314839
-0,481263	3,314839
0,063434	3,315492
0,003956	3,317122
-0,111871	3,319079
0,160478	3,321687
-0,049262	3,322339
-0,356045	3,322666
-0,105610	3,324296
0,044651	3,326253
-0,146306	3,328861
-0,002305	3,329513
-0,083697	3,330492
0,144825	3,331470
-0,008566	3,333426
0,110391	3,336361
-0,202654	3,337666
-0,155697	3,338318
-0,055523	3,339622
0,085347	3,339622
-0,058653	3,342231
-0,221436	3,344840
-0,021088	3,347122
-0,086827	3,347774
-0,133784	3,347448
0,147956	3,349079
0,151086	3,350383
-0,118132	3,352666
-0,165088	3,354622
0,082217	3,356579
0,201173	3,358209
-0,199523	3,357883
0,088477	3,359513
0,054043	3,360818
0,273173	3,362448
-0,021088	3,364405
-0,218306	3,366035
-0,406132	3,368318
-0,121262	3,369622
0,226217	3,370927
-0,318480	3,371579
-0,140045	3,372557
-0,152566	3,374514
-0,074305	3,375818
-0,052392	3,377774
0,151086	3,378753
-0,212045	3,381687
-0,115001	3,382992
-0,093088	3,383970
-0,033610	3,385600
0,088477	3,385927
-0,340393	3,387883
-0,296567	3,388535
-0,190132	3,389840
-0,130653	3,391144
0,157347	3,394079
-0,005436	3,394731
-0,077436	3,396035
0,232478	3,398318
-0,506306	3,399948
-0,146306	3,401253
-0,302828	3,403535
0,126043	3,405166
0,079086	3,405492
-0,221436	3,408101
-0,321610	3,410057
-0,061784	3,411361
0,198043	3,411361
0,279434	3,412992
-0,265262	3,414622
-0,202654	3,414948
0,091608	3,416253
-0,118132	3,417557
-0,089958	3,419188
-0,124393	3,420166
0,028999	3,422448
0,135434	3,424079
-0,064914	3,425709
0,185521	3,426035
-0,124393	3,427992
0,010216	3,429296
0,028999	3,430927
-0,237088	3,432557
-0,039871	3,433535
-0,187001	3,435492
-0,512567	3,436796
-0,036740	3,437775
-0,381089	3,440383
-0,008566	3,442014
0,141695	3,443318
-0,055523	3,445601
-0,140045	3,446905
-0,230828	3,448861
-0,133784	3,450492
-0,190132	3,451796
-0,158827	3,453427
0,082217	3,454405
-0,008566	3,456688
0,182391	3,457340
0,172999	3,459622
-0,227697	3,459622
0,060303	3,461579
0,066564	3,462883
0,060303	3,464188
-0,431176	3,466144
0,072825	3,466796
-0,130653	3,468101
-0,143175	3,469731
-0,324741	3,471362
0,007086	3,471362
0,104130	3,473318
0,091608	3,474622
0,270043	3,476905
0,010216	3,479514
-0,465611	3,480492
-0,215175	3,482122
-0,221436	3,484079
-0,183871	3,484405
-0,183871	3,485709
-0,412393	3,487666
-0,089958	3,487992
-0,161958	3,489949
0,072825	3,491579
0,141695	3,493209
-0,302828	3,495492
-0,240219	3,496470
-0,055523	3,499079
0,060303	3,499079
-0,177610	3,501688
0,179260	3,502992
-0,431176	3,502992
0,223086	3,504622
0,151086	3,505601
-0,049262	3,507231
-0,105610	3,510166
-0,240219	3,511796
-0,021088	3,512449
-0,252741	3,514405
-0,262132	3,515383
0,063434	3,516036
0,060303	3,517666
-0,140045	3,519296
0,141695	3,522231
0,138565	3,523536
0,323261	3,524188
-0,077436	3,524840
0,010216	3,526144
0,013347	3,528101
-0,227697	3,530383
-0,030479	3,532340
-0,011697	3,533318
-0,039871	3,533970
-0,174480	3,535601
-0,193262	3,537557
0,257521	3,539514
-0,005436	3,539840
-0,212045	3,540166
0,028999	3,542123
-0,055523	3,544405
-0,387350	3,547014
-0,309089	3,547666
-0,318480	3,548644
-0,587698	3,550601
-0,111871	3,553210
-0,368567	3,553536
-0,158827	3,554188
0,270043	3,555818
-0,177610	3,558101
0,232478	3,560057
-0,039871	3,559405
-0,105610	3,561362
-0,030479	3,564296
0,025869	3,564623
-0,393610	3,565601
-0,024218	3,568210
-0,262132	3,570492
-0,158827	3,570818
-0,005436	3,572123
-0,083697	3,574405
-0,227697	3,575710
-0,271523	3,575710
-0,118132	3,578644
-0,171349	3,579949
-0,043001	3,579949
-0,011697	3,582557
-0,377958	3,585492
0,088477	3,585492
-0,277784	3,585818
0,182391	3,589731
-0,190132	3,590057
-0,187001	3,590383
-0,403002	3,592992
-0,377958	3,594949
-0,381089	3,594623
-0,424915	3,597557
-0,158827	3,598862
-0,287175	3,598862
-0,055523	3,602449
-0,428045	3,603427
-0,193262	3,603753
-0,274654	3,607014
-0,265262	3,607992
-0,165088	3,607992
-0,183871	3,610927
-0,133784	3,611579
-0,262132	3,612884
-0,243349	3,615492
0,035260	3,615166
-0,115001	3,617449
-0,324741	3,619405
-0,224567	3,620057
0,151086	3,622666
-0,014827	3,624297
0,185521	3,625275
-0,271523	3,627231
-0,528219	3,627884
-0,077436	3,629188
-0,199523	3,632123
-0,315349	3,632449
0,035260	3,634079
-0,108740	3,636036
-0,077436	3,635710
-0,421784	3,639297
-0,493785	3,639297
0,119782	3,640927
-0,462480	3,643536
-0,249610	3,643536
-0,296567	3,646144
-0,763002	3,646797
-0,190132	3,648101
0,050912	3,650710
-0,521958	3,650384
-0,299697	3,653971
0,216826	3,653644
-0,525089	3,656253
-0,597089	3,658210
-0,290306	3,656905
-0,637785	3,660492
-0,540741	3,660818
-0,584567	3,663427
-0,099349	3,664731
-0,665959	3,665710
-0,446828	3,667992
-0,428045	3,667992
-0,512567	3,671253
-0,409263	3,671579
-0,459350	3,674514
-0,290306	3,674840
-0,722307	3,675818
-0,240219	3,677123
-0,556393	3,680058
-0,841263	3,682666
-0,584567	3,681362
-0,550132	3,684623
-0,869437	3,684623
-0,650307	3,686905
-0,190132	3,687558
-0,080566	3,690492
-0,208914	3,690492
-0,277784	3,692775
-0,440567	3,693753
-0,637785	3,697340
-0,728568	3,694732
-0,838133	3,698971
-0,615872	3,698971
-0,496915	3,701905
-0,922655	3,701253
-0,590828	3,705166
-0,365436	3,704840
-0,753611	3,708427
-0,938307	3,707123
-0,675350	3,710058
-0,691002	3,710710
-0,496915	3,713645
-0,828742	3,714623
-0,440567	3,715927
-0,437437	3,717232
-0,490654	3,718536
-0,459350	3,719514
-0,907003	3,722123
-0,565785	3,722123
-0,615872	3,725058
-0,462480	3,725710
-0,687872	3,728319
-0,606480	3,727666
-0,700394	3,731253
-0,997785	3,730927
-0,377958	3,733210
-0,459350	3,734514
-0,318480	3,736471
-0,747350	3,738753
-0,543872	3,738427
-0,581437	3,741036
-0,440567	3,741036
-0,384219	3,743971
-0,753611	3,744297
-0,759872	3,747232
-0,462480	3,747558
-0,910133	3,748862
-0,415524	3,750819
-0,615872	3,751471
-0,496915	3,755384
-0,847524	3,753427
-0,647176	3,758319
-0,390480	3,758319
-0,712915	3,759623
-0,575176	3,761579
-0,578306	3,761579
-0,565785	3,765166
-0,462480	3,764840
-0,462480	3,766797
-0,496915	3,768753
-0,349784	3,769079
-0,027349	3,772340
-0,384219	3,771362
-0,650307	3,774623
-0,465611	3,776906
-0,509437	3,775927
-0,847524	3,779840
-0,540741	3,779840
-0,531350	3,780493
-0,287175	3,783427
-0,772394	3,784406
-0,299697	3,785384
-0,500045	3,788319
-0,374828	3,788319
-0,500045	3,789623
-0,709785	3,792884
-0,168219	3,792558
-0,590828	3,795166
-0,230828	3,796797
-0,224567	3,797123
-0,487524	3,798753
-0,446828	3,801036
-0,168219	3,801362
-0,481263	3,803971
-0,753611	3,805275
-0,619002	3,805275
-0,838133	3,808536
-0,788046	3,810493
-0,703524	3,810493
-0,615872	3,812449
-0,503176	3,814080
-0,590828	3,814406
-0,403002	3,816688
-0,077436	3,817993
-0,284045	3,819297
-0,506306	3,820601
-0,377958	3,823536
-0,340393	3,823862
-0,644046	3,824840
-0,553263	3,826797
-0,615872	3,829732
-0,703524	3,829080
-0,841263	3,831362
-0,293436	3,832993
-0,384219	3,834623
-0,302828	3,834949
-0,547002	3,837558
-0,290306	3,839188
-0,600220	3,840819
-0,415524	3,841145
-0,374828	3,842449
-0,647176	3,845058
-0,161958	3,847014
-0,446828	3,847014
-0,575176	3,848319
-0,612741	3,851580
-0,503176	3,852884
-0,656567	3,853536
-0,681611	3,853536
-0,590828	3,855493
-0,337262	3,859080
-0,647176	3,859732
-0,528219	3,860710
-0,531350	3,861362
-0,775524	3,863645
-0,337262	3,865601
-0,449958	3,866906
-0,581437	3,867232
-0,697263	3,868210
-0,284045	3,870819
-0,481263	3,873101
-0,640915	3,874406
-0,885090	3,875058
-0,778655	3,875710
-0,465611	3,878971
-0,440567	3,880601
-0,788046	3,882558
-0,731698	3,882884
-0,074305	3,883536
-0,437437	3,884841
-0,687872	3,887449
-0,706655	3,889406
-0,662828	3,890384
-0,719176	3,890384
-0,478132	3,891688
-0,615872	3,894297
-0,609611	3,896254
-0,578306	3,897558
-0,406132	3,899188
-0,500045	3,899515
-0,312219	3,901145
-0,675350	3,902123
-0,399871	3,904406
-0,875698	3,906036
-0,778655	3,908319
-1,066655	3,909949
-0,321610	3,911580
-0,919524	3,912884
-0,741089	3,913210
-0,443697	3,914841
-0,424915	3,914841
-0,606480	3,917775
-0,634654	3,918754
-0,681611	3,921362
-0,587698	3,923319
-0,484393	3,923645
-0,684741	3,926580
-0,440567	3,926254
-0,615872	3,927884
-0,540741	3,928210
-0,205784	3,929841
-0,878829	3,930819
-0,662828	3,933102
-0,612741	3,934732
-0,478132	3,937015
-0,437437	3,938319
-0,484393	3,940928
-0,377958	3,941580
-0,800568	3,943210
-0,424915	3,945167
-0,302828	3,946145
-0,772394	3,947449
-0,471871	3,948754
-0,763002	3,949732
-1,010307	3,951362
-0,687872	3,952015
-0,390480	3,953645
-1,007177	3,955275
-0,612741	3,956580
-0,590828	3,958862
-0,788046	3,960819
-0,356045	3,962449
-0,697263	3,964732
-0,490654	3,965058
-0,597089	3,967015
-0,446828	3,968645
-0,506306	3,968645
-0,907003	3,969949
-0,712915	3,971580
-0,572046	3,972884
-0,406132	3,974515
-0,277784	3,975819
-0,562654	3,976471
-0,809959	3,978102
-0,406132	3,979732
-0,963351	3,980384
-0,653437	3,982667
-0,183871	3,984297
-0,722307	3,985928
-0,800568	3,987232
-0,578306	3,988536
-0,500045	3,989841
-0,456219	3,992123
-0,640915	3,993102
-0,352915	3,995710
-0,390480	3,996689
-0,656567	3,997667
-0,290306	3,999297
-0,847524	4,000928
-0,540741	4,001906
-0,390480	4,003536
-0,377958	4,005493
-0,421784	4,006797
-0,581437	4,007776
-0,634654	4,009732
-1,057264	4,009732
-0,894481	4,011689
-0,697263	4,013319
-0,603350	4,014950
-0,831872	4,016906
-0,396741	4,017558
-0,684741	4,019841
-0,312219	4,020819
-0,622133	4,023102
-0,568915	4,024732
-0,572046	4,026363
-0,637785	4,028319
-0,349784	4,030276
-0,412393	4,031254
-0,728568	4,032232
-0,637785	4,033210
-0,349784	4,034189
-0,475002	4,035167
-0,553263	4,037123
-0,747350	4,039406
-0,409263	4,041689
-1,079177	4,042993
-0,800568	4,044623
-0,518828	4,045928
-0,312219	4,046906
-0,734828	4,047232
-0,581437	4,048537
-0,697263	4,050167
-0,634654	4,051797
-0,521958	4,053428
-0,409263	4,056037
-0,656567	4,057993
-0,496915	4,059624
-0,212045	4,059624
-0,659698	4,060276
-0,584567	4,061580
-0,625263	4,063537
-0,265262	4,066797
-0,396741	4,067776
-0,365436	4,068754
-0,490654	4,070058
-0,684741	4,070384
-0,622133	4,071363
-0,403002	4,075602
-0,565785	4,076580
-0,634654	4,076906
-0,521958	4,076906
-0,650307	4,079515
-0,653437	4,082124
-0,136914	4,083102
-0,816220	4,084732
-0,653437	4,085384
-0,490654	4,086363
-0,434306	4,088971
-0,672220	4,091254
-0,741089	4,092558
-0,368567	4,092884
-0,622133	4,094515
-0,518828	4,097450
-0,484393	4,098754
-0,424915	4,098102
-0,421784	4,099732
-0,374828	4,102015
-0,888220	4,104950
-0,490654	4,105276
-0,903872	4,106580
-0,844394	4,107884
-0,581437	4,110819
-0,305958	4,111798
-0,390480	4,112776
-0,403002	4,113102
-0,418654	4,116037
-0,152566	4,116037
-0,233958	4,117015
-0,725437	4,118319
-0,872568	4,121580
-0,190132	4,122232
-0,443697	4,122558
-0,453089	4,126798
-0,086827	4,126798
-0,449958	4,127124
-0,437437	4,128754
-0,503176	4,131689
-0,406132	4,132667
-0,449958	4,133971
-0,650307	4,136906
-0,478132	4,136580
-0,603350	4,137885
-0,221436	4,140819
-0,449958	4,140819
-0,500045	4,141472
-0,584567	4,145385
-0,575176	4,145711
-0,359176	4,147015
-0,540741	4,149624
-0,449958	4,150276
-0,791176	4,150928
-0,428045	4,153863
-0,716046	4,153863
-0,187001	4,155819
-0,634654	4,158102
-0,481263	4,158428
-0,603350	4,160385
-0,393610	4,162015
-0,531350	4,162015
-0,478132	4,165276
-0,678481	4,166254
-0,634654	4,170493
-0,240219	4,170493
-0,030479	4,173102
-0,262132	4,172450
-0,149436	4,176037
-0,290306	4,175711
-0,108740	4,177667
-0,252741	4,178972
-0,478132	4,179950
0,041521	4,183863
-0,340393	4,182885
-0,221436	4,186146
0,166738	4,186472
-0,249610	4,188754
-0,190132	4,190059
-0,352915	4,190059
-0,111871	4,193319
-0,158827	4,193319
-0,312219	4,196254
-0,302828	4,196580
-0,309089	4,200167
0,028999	4,199189
-0,262132	4,202450
-0,271523	4,201798
-0,089958	4,205385
0,266913	4,204406
0,013347	4,207993
-0,171349	4,207993
-0,002305	4,210928
-0,274654	4,210928
-0,180740	4,213537
-0,149436	4,214189
-0,140045	4,216798
0,044651	4,216798
-0,061784	4,220059
-0,149436	4,220059
-0,190132	4,222667
-0,246480	4,222667
-0,064914	4,225602
-0,143175	4,225276
0,097869	4,228211
-0,309089	4,228211
-0,255871	4,231146
0,135434	4,231798
0,016477	4,232450
0,244999	4,235059
-0,130653	4,235711
-0,174480	4,238646
-0,349784	4,239298
-0,237088	4,242233
-0,299697	4,242233
-0,218306	4,244189
-0,233958	4,245820
-0,515698	4,246798
0,176130	4,249080
-0,108740	4,248754
-0,255871	4,251363
0,035260	4,252341
-0,215175	4,253972
-0,102479	4,256907
0,060303	4,256580
-0,043001	4,258537
-0,684741	4,260167
-0,202654	4,260820
0,013347	4,263102
-0,080566	4,264407
-0,421784	4,267015
-0,190132	4,267341
-0,036740	4,268320
-0,252741	4,270602
-0,331002	4,271254
-0,212045	4,273537
0,025869	4,274841
0,041521	4,274841
-0,190132	4,278754
-0,440567	4,278754
-0,168219	4,280711
0,066564	4,282341
-0,440567	4,282994
-0,299697	4,284624
0,135434	4,286907
-0,202654	4,286580
-0,349784	4,289515
-0,381089	4,291472
-0,259001	4,291472
-0,424915	4,294080
0,207434	4,295711
-0,121262	4,296037
-0,202654	4,298320
-0,190132	4,299950
-0,080566	4,299624
-0,215175	4,302559
-0,183871	4,304189
-0,337262	4,305167
-0,659698	4,306146
-0,005436	4,309733
-0,014827	4,310059
-0,174480	4,310059
-0,190132	4,312994
-0,265262	4,314950
-0,033610	4,314950
0,010216	4,316581
-0,315349	4,318863
-0,271523	4,319515
-0,099349	4,320494
-0,127523	4,323102
-0,155697	4,324407
-0,180740	4,325385
-0,331002	4,327015
-0,637785	4,329624
-0,421784	4,330928
-0,377958	4,331254
0,229347	4,331907
-0,640915	4,335494
-0,619002	4,336798
-0,593959	4,337450
-0,512567	4,338428
-0,606480	4,340059
-0,346654	4,342668
-0,240219	4,344624
-0,396741	4,345602
-0,387350	4,345928
-0,346654	4,348211
-0,640915	4,349515
-0,265262	4,352124
-0,334132	4,352450
-0,462480	4,352450
-0,190132	4,354081
-0,515698	4,357015
-0,428045	4,359950
-0,525089	4,360602
-0,872568	4,362233
-0,634654	4,362233
-0,089958	4,363537
-0,675350	4,364515
-1,066655	4,366472
-0,255871	4,369407
-0,803698	4,370059
-0,731698	4,372668
-0,891351	4,371363
-0,844394	4,373972
-0,756742	4,374950
-0,681611	4,376907
-0,966481	4,378537
-0,953959	4,379189
-0,672220	4,382124
-0,806829	4,383755
-0,900742	4,385711
-0,493785	4,386363
-0,703524	4,384733
-0,684741	4,388646
-0,650307	4,388320
-0,609611	4,391255
-0,374828	4,392559
-0,709785	4,394842
-0,449958	4,395494
-0,716046	4,397776
-0,766133	4,400059
-0,340393	4,401689
-0,287175	4,403320
-0,603350	4,404298
-0,578306	4,405276
-0,381089	4,407233
-0,030479	4,409189
-0,471871	4,409515
-0,612741	4,410820
-0,562654	4,413755
-0,368567	4,414081
-0,215175	4,415711
-0,506306	4,415059
-0,634654	4,419624
-0,581437	4,420929
-0,390480	4,422233
-0,587698	4,422885
-0,503176	4,425168
-0,888220	4,426798
-0,725437	4,427450
-0,756742	4,428755
-0,224567	4,430059
-0,838133	4,431363
-0,825611	4,433646
-0,453089	4,435929
-0,475002	4,435603
-0,240219	4,437885
-0,484393	4,438211
-0,290306	4,440168
-0,766133	4,440168
-0,377958	4,442450
-0,540741	4,443429
-0,340393	4,444407
-0,521958	4,447668
-0,512567	4,448320
-0,409263	4,450603
-0,196393	4,452233
-0,503176	4,454189
-0,700394	4,455494
-0,975872	4,456798
-0,587698	4,457776
-0,521958	4,458429
-0,537611	4,460059
-0,716046	4,460711
-0,656567	4,463320
-0,881959	4,465276
-0,390480	4,467233
-0,568915	4,468863
-0,412393	4,469842
-0,384219	4,470820
-0,399871	4,473103
-0,869437	4,473103
-0,791176	4,475059
-0,440567	4,476690
-0,703524	4,477668
-0,665959	4,478972
-0,202654	4,480277
-0,866307	4,482233
-0,700394	4,484190
-0,521958	4,485494
-0,700394	4,487450
-0,493785	4,489081
-0,850655	4,490711
-0,612741	4,491037
-0,478132	4,492668
-0,487524	4,493320
-0,481263	4,494624
-0,412393	4,495603
-0,763002	4,499190
-0,456219	4,500494
-0,778655	4,502450
-0,747350	4,503429
-0,284045	4,505059
-0,603350	4,505385
-0,368567	4,506690
-0,550132	4,507994
-0,556393	4,510603
-0,390480	4,511907
-1,004046	4,513537
-0,440567	4,515494
-0,816220	4,516146
-0,471871	4,517124
-0,374828	4,517777
-0,578306	4,519733
-0,246480	4,522668
-0,575176	4,522994
-0,772394	4,525277
-0,478132	4,525277
-0,634654	4,527885
-0,465611	4,529516
-0,766133	4,532124
-0,509437	4,533429
-0,709785	4,532451
-0,512567	4,533429
-0,412393	4,536690
-0,575176	4,538972
-0,628393	4,540277
-0,565785	4,540277
-0,672220	4,541907
-0,800568	4,544516
-0,575176	4,546146
-0,183871	4,546472
-0,424915	4,546798
-0,431176	4,549407
-0,622133	4,551690
-0,659698	4,552994
-0,487524	4,553646
-0,509437	4,553972
-0,343523	4,557233
-0,800568	4,559190
-0,208914	4,559842
-1,013438	4,560820
-0,816220	4,562777
-0,318480	4,565711
-0,622133	4,564733
-0,753611	4,566038
-0,822481	4,568646
-0,415524	4,571255
-0,928916	4,571581
-0,412393	4,573211
-0,684741	4,575494
-0,653437	4,577451
-0,725437	4,577451
-0,562654	4,578755
-0,794307	4,580711
-0,731698	4,582668
-0,600220	4,582668
-0,484393	4,583972
-0,672220	4,586907
-0,459350	4,586581
-0,205784	4,587885
-0,525089	4,591798
-0,838133	4,592451
-0,741089	4,593103
-0,625263	4,596364
-0,750481	4,597016
-0,637785	4,597342
-0,362306	4,599625
-0,446828	4,601581
-0,537611	4,602233
-0,534480	4,604190
-0,562654	4,606798
-0,500045	4,605820
-0,581437	4,607777
-0,265262	4,611038
-0,869437	4,609733
-0,825611	4,612994
-0,490654	4,614298
-0,556393	4,614951
-0,374828	4,617885
-0,581437	4,618212
-0,775524	4,619190
-0,531350	4,622125
-0,089958	4,621799
-0,356045	4,624407
-0,249610	4,626038
-0,725437	4,625385
-0,590828	4,628972
-0,446828	4,629299
-0,553263	4,629951
-0,609611	4,633538
-0,587698	4,633864
-0,587698	4,637451
-0,763002	4,637451
-0,158827	4,638429
-0,143175	4,639407
-0,518828	4,641038
-0,221436	4,644951
-0,290306	4,643972
-0,559524	4,646907
-0,860046	4,646255
-0,396741	4,648864
-0,515698	4,651146
-0,440567	4,651472
-0,712915	4,654733
-0,321610	4,653755
-0,453089	4,657994
-0,584567	4,657016
-0,600220	4,659951
-0,547002	4,659951
-0,597089	4,662886
-0,590828	4,661907
-0,280915	4,666146
-0,734828	4,666146
-0,531350	4,668429
-0,553263	4,668755
-0,465611	4,671364
-0,822481	4,672342
-0,356045	4,674625
-0,230828	4,673973
-0,531350	4,677233
-0,521958	4,677886
-0,396741	4,680494
-0,659698	4,680820
-0,224567	4,681146
-0,014827	4,684407
-0,089958	4,685712
-0,365436	4,688320
-0,190132	4,687342
-0,274654	4,690603
-0,396741	4,690603
-0,243349	4,692560
-0,615872	4,694190
-0,640915	4,695494
-0,334132	4,697777
-0,622133	4,698429
-0,384219	4,701038
-0,493785	4,702016
-0,080566	4,701690
0,066564	4,705929
-0,293436	4,705277
0,210565	4,709190
0,210565	4,708538
-0,146306	4,710168
-0,136914	4,713103
-0,356045	4,713103
-0,102479	4,715386
-0,140045	4,717668
0,110391	4,717342
-0,071175	4,719951
-0,224567	4,720929
-0,287175	4,721581
-0,168219	4,723538
-0,287175	4,725820
0,122912	4,726799
-0,296567	4,728103
-0,027349	4,730060
-0,039871	4,729407
-0,490654	4,732342
-0,093088	4,734625
0,088477	4,735277
0,082217	4,736907
-0,215175	4,739516
-0,068045	4,739516
-0,183871	4,740820
-0,140045	4,743103
-0,230828	4,745060
-0,390480	4,744734
-0,280915	4,747342
-0,096219	4,750277
-0,049262	4,750277
-0,058653	4,750929
0,310739	4,752234
0,044651	4,754842
-0,096219	4,756473
-0,033610	4,756799
-0,146306	4,759081
-0,036740	4,761038
0,116651	4,761364
-0,190132	4,762016
0,063434	4,765277
-0,547002	4,766581
-0,080566	4,766907
-0,033610	4,768538
-0,221436	4,771473
0,144825	4,773103
-0,362306	4,773429
-0,202654	4,774081
-0,165088	4,776364
-0,208914	4,778321
-0,127523	4,779951
-0,099349	4,781581
-0,183871	4,780929
0,248130	4,783538
-0,246480	4,786147
0,057173	4,787125
-0,208914	4,788103
0,060303	4,788103
0,050912	4,790386
-0,052392	4,793321
-0,553263	4,794299
-0,121262	4,795603
-0,187001	4,795929
-0,503176	4,797234
-0,240219	4,799516
-0,274654	4,801473
0,047782	4,803429
0,179260	4,804734
-0,343523	4,807342
-0,237088	4,807342
-0,127523	4,807342
0,176130	4,809625
0,088477	4,809951
-0,218306	4,812234
-0,381089	4,814842
0,069695	4,817451
0,201173	4,818755
-0,074305	4,819081
-0,299697	4,821038
-0,277784	4,821038
-0,340393	4,822995
-0,083697	4,823647
0,129173	4,826908
-0,187001	4,828864
-0,133784	4,829516
-0,064914	4,831473
0,129173	4,832451
-0,089958	4,833755
0,022738	4,835712
-0,099349	4,836364
-0,014827	4,837342
-0,418654	4,838647
-0,021088	4,840603
-0,152566	4,841582
0,332652	4,843538
-0,193262	4,845495
-0,252741	4,847451
-0,183871	4,848755
-0,277784	4,850386
0,154217	4,852016
-0,165088	4,853973
0,082217	4,854951
-0,140045	4,855603
-0,161958	4,858212
0,244999	4,859516
-0,368567	4,859842
0,016477	4,861799
-0,005436	4,863103
-0,468741	4,864408
0,169869	4,866364
0,226217	4,866690
-0,340393	4,869625
-0,377958	4,870277
0,025869	4,872234
-0,368567	4,873864
-0,180740	4,874842
0,223086	4,876473
-0,046131	4,877451
-0,177610	4,879082
0,063434	4,880060
-0,064914	4,881364
0,338913	4,883973
-0,237088	4,885277
-0,077436	4,886908
-0,130653	4,888864
-0,108740	4,888864
-0,453089	4,891473
0,032130	4,893103
-0,478132	4,894082
0,038390	4,894734
-0,305958	4,896364
-0,055523	4,897343
-0,171349	4,898321
-0,199523	4,899951
-0,321610	4,901908
-0,096219	4,903864
-0,371697	4,905169
-0,161958	4,906799
0,254391	4,909734
-0,149436	4,909734
-0,168219	4,911364
-0,415524	4,912016
-0,331002	4,913321
-0,215175	4,914299
-0,271523	4,915930
-0,152566	4,918212
0,107260	4,920495
-0,237088	4,921799
-0,224567	4,923103
-0,703524	4,923756
-0,280915	4,925060
0,122912	4,926364
0,229347	4,928321
0,110391	4,930930
-0,111871	4,932560
-0,086827	4,933212
-0,374828	4,933538
-0,781785	4,935169
-0,190132	4,937451
-0,086827	4,940060
-0,099349	4,941690
-0,014827	4,942669
0,044651	4,941690
-0,343523	4,944299
0,141695	4,947886
-0,174480	4,947886
-0,540741	4,948864
-0,030479	4,950169
-0,237088	4,952125
-0,521958	4,954082
-0,271523	4,955712
0,069695	4,956038
-0,002305	4,957017
-0,124393	4,959625
-0,011697	4,961256
0,094738	4,961908
0,401522	4,962560
0,135434	4,965169
-0,058653	4,967451
-0,064914	4,968104
-0,215175	4,968756
-0,005436	4,970386
-0,136914	4,973973
-0,255871	4,973973
0,050912	4,974625
-0,240219	4,976582
0,226217	4,979517
-0,349784	4,979843
-0,265262	4,979517
-0,014827	4,983104
0,010216	4,985386
0,054043	4,984734
-0,280915	4,987017
-0,096219	4,989299
-0,140045	4,989625
-0,280915	4,990930
-0,202654	4,993538
0,100999	4,995169
0,254391	4,993864
-0,356045	4,997777
-0,043001	5,000060
-0,096219	5,000386
-0,249610	5,001691
0,122912	5,003321
0,185521	5,003321
0,126043	5,006256
-0,287175	5,008538
0,135434	5,007886
-0,290306	5,010821
-0,030479	5,012451
-0,033610	5,012451
0,188652	5,015060
-0,265262	5,016038
-0,299697	5,017017
-0,115001	5,019951
-0,205784	5,020278
-0,202654	5,021582
0,313869	5,024191
-0,089958	5,024191
-0,193262	5,027451
-0,115001	5,028756
-0,359176	5,028104
-0,346654	5,031365
-0,381089	5,032343
-0,424915	5,033321
-0,512567	5,035604
0,041521	5,035930
-0,449958	5,039191
0,010216	5,040169
0,172999	5,039843
0,254391	5,043104
-0,315349	5,042778
-0,064914	5,046038
0,060303	5,047995
-0,115001	5,048647
0,104130	5,050930
0,129173	5,050930
-0,033610	5,053212
-0,124393	5,053865
-0,302828	5,055821
-0,152566	5,057452
-0,077436	5,058756
-0,190132	5,060712
-0,265262	5,061038
0,204304	5,064299
-0,249610	5,063647
-0,165088	5,066582
0,069695	5,067234
0,019608	5,069843
-0,108740	5,069843
-0,177610	5,073430
0,072825	5,073104
-0,165088	5,074734
0,041521	5,075712
0,019608	5,078321
-0,077436	5,078647
-0,061784	5,080930
0,000825	5,081908
-0,224567	5,083539
-0,240219	5,085169
-0,140045	5,085821
-0,352915	5,088104
0,185521	5,089408
-0,215175	5,091365
-0,086827	5,092669
-0,230828	5,092995
-0,462480	5,096256
-0,352915	5,096256
-0,265262	5,099191
0,110391	5,099191
0,201173	5,101799
0,022738	5,103104
0,348304	5,103104
-0,212045	5,106365
0,273173	5,105712
-0,199523	5,109626
0,135434	5,108647
0,154217	5,111908
0,194912	5,113212
-0,180740	5,113212
-0,290306	5,116147
-0,108740	5,117126
0,185521	5,118104
-0,421784	5,120713
-0,205784	5,120713
-0,302828	5,123321
-0,155697	5,124952
-0,240219	5,125278
-0,199523	5,128865
-0,011697	5,128865
-0,324741	5,129517
-0,052392	5,133104
-0,280915	5,133104
0,025869	5,133756
-0,108740	5,136691
0,013347	5,137343
-0,055523	5,137995
-0,089958	5,140930
-0,017958	5,143213
0,072825	5,142560
-0,005436	5,144517
-0,212045	5,147452
0,163608	5,147778
-0,017958	5,149082
-0,265262	5,151365
-0,118132	5,153647
-0,556393	5,153321
0,019608	5,155604
-0,478132	5,157560
-0,152566	5,158213
-0,290306	5,158865
-0,249610	5,161147
-0,008566	5,163430
-0,027349	5,163756
0,047782	5,164734
0,047782	5,167017
-0,302828	5,169300
-0,280915	5,169626
-0,565785	5,170278
0,110391	5,172887
0,279434	5,174517
0,285695	5,174843
-0,240219	5,176800
-0,268393	5,179408
-0,290306	5,180387
-0,199523	5,181039
-0,158827	5,182669
-0,140045	5,184952
-0,077436	5,186256
-0,293436	5,187887
-0,246480	5,187560
-0,124393	5,190821
-0,212045	5,193104
-0,124393	5,193104
-0,052392	5,193430
-0,108740	5,195387
-0,315349	5,199300
0,091608	5,200278
-0,359176	5,200278
-0,174480	5,200930
-0,190132	5,202887
-0,102479	5,205821
0,282565	5,206474
-0,240219	5,208104
-0,431176	5,209082
-0,208914	5,210387
0,235608	5,211365
-0,202654	5,213974
-0,046131	5,215930
-0,305958	5,217561
-0,694133	5,217887
-0,152566	5,220169
-0,424915	5,220495
-0,284045	5,221474
0,054043	5,223104
-0,230828	5,224408
-0,143175	5,227995
-0,190132	5,228974
-0,362306	5,230278
0,260652	5,231908
-0,152566	5,232887
-0,149436	5,233539
-0,349784	5,234843
0,072825	5,236148
-0,108740	5,238104
-0,130653	5,240713
-0,224567	5,242343
0,019608	5,243974
-0,299697	5,245278
-0,155697	5,246256
0,223086	5,246908
0,054043	5,248539
-0,349784	5,249517
-0,399871	5,251148
-0,412393	5,253756
-0,271523	5,254082
-0,052392	5,255713
-0,161958	5,258321
-0,315349	5,259300
-0,299697	5,260604
-0,315349	5,262561
-0,318480	5,264191
-0,315349	5,266148
-0,490654	5,266474
-0,086827	5,268104
-0,324741	5,269408
-0,212045	5,270061
0,207434	5,272017
0,219956	5,272995
-0,161958	5,275278
0,003956	5,276908
-0,174480	5,277235
-0,403002	5,279191
-0,287175	5,280495
0,063434	5,281148
-0,274654	5,282778
-0,371697	5,285061
-0,437437	5,285713
0,069695	5,287669
-0,412393	5,289626
-0,096219	5,290930
-0,083697	5,292887
0,075956	5,294843
-0,687872	5,303322
-0,431176	5,298430
-0,412393	5,300061
-0,490654	5,301039
-0,644046	5,301691
0,000825	5,303322
-0,362306	5,304300
-0,590828	5,306582
-0,449958	5,306582
-0,381089	5,307887
-0,368567	5,309191
-0,509437	5,311148
-0,224567	5,312452
-0,453089	5,314735
-0,584567	5,316691
-0,590828	5,318322
-0,030479	5,319626
-0,233958	5,320930
-0,305958	5,323539
-0,331002	5,324191
-0,390480	5,324517
-0,531350	5,326148
-0,487524	5,326800
-0,190132	5,328756
-0,334132	5,331365
-0,634654	5,332343
-0,647176	5,334300
-0,568915	5,334952
-0,875698	5,336582
-0,518828	5,337887
-0,919524	5,338539
-0,337262	5,341148
-0,869437	5,343104
-0,331002	5,344409
-0,349784	5,345713
-0,475002	5,345387
-0,784916	5,347669
-0,249610	5,350604
-0,390480	5,352235
-0,352915	5,351909
-0,500045	5,353539
-0,500045	5,354843
-0,500045	5,357452
-0,756742	5,358756
-0,547002	5,361039
-0,387350	5,361365
-0,575176	5,361691
-0,343523	5,363974
-0,825611	5,366909
-0,581437	5,367561
-0,841263	5,368865
-0,759872	5,368213
-0,337262	5,371800
-0,866307	5,374083
-0,725437	5,374409
-0,900742	5,375713
-0,453089	5,377670
-1,013438	5,379626
-0,719176	5,381256
-0,860046	5,381909
-0,644046	5,382235
-0,853785	5,384191
-0,831872	5,387452
-0,694133	5,387778
-0,665959	5,388104
-0,844394	5,390713
-0,910133	5,393322
-1,000916	5,392670
-0,631524	5,394952
-0,932046	5,395604
-0,850655	5,397887
-1,000916	5,398213
-0,731698	5,401148
-0,634654	5,403104
-0,531350	5,402452
-0,759872	5,404735
-0,659698	5,407343
-0,609611	5,407670
-0,759872	5,409626
-0,953959	5,412235
-1,220047	5,412235
-0,725437	5,412235
-1,119873	5,415822
-0,979003	5,415822
-0,590828	5,417452
-0,788046	5,420713
-0,669089	5,420387
-0,781785	5,422017
-0,437437	5,425278
-0,409263	5,425278
-0,550132	5,426909
-0,562654	5,429517
-0,568915	5,429517
-0,434306	5,432126
-0,957090	5,433104
-0,609611	5,433757
-0,290306	5,436691
-0,828742	5,436691
-0,712915	5,438648
-0,230828	5,441257
-1,088568	5,441257
-1,035351	5,443539
-0,118132	5,445170
-0,822481	5,444844
-0,487524	5,448104
-0,600220	5,449083
-0,863177	5,450061
-0,509437	5,452996
-0,675350	5,452670
-0,600220	5,456257
-0,475002	5,456583
-0,706655	5,456583
-0,744220	5,460170
-0,634654	5,459844
-0,781785	5,463104
-0,656567	5,463757
-0,922655	5,465061
-1,035351	5,467344
-0,500045	5,467344
-0,559524	5,470604
-0,459350	5,470278
-0,665959	5,473539
-0,719176	5,473539
-0,459350	5,475822
-0,302828	5,476800
-0,453089	5,478431
-1,007177	5,480387
-0,640915	5,481365
-0,894481	5,483322
-0,741089	5,483974
-0,487524	5,485931
-0,575176	5,486257
-0,506306	5,489518
-0,440567	5,489518
-0,863177	5,493105
-0,728568	5,493105
-0,631524	5,495713
-0,512567	5,495061
-0,315349	5,497670
-0,647176	5,498974
-0,850655	5,499952
-0,606480	5,501583
-0,531350	5,503213
-0,271523	5,506148
-0,487524	5,504844
-1,126134	5,509409
-0,772394	5,508757
-0,750481	5,511692
-0,468741	5,511692
-0,421784	5,513322
-0,406132	5,515605
-0,187001	5,516583
-0,562654	5,518865
-0,982133	5,518865
-0,640915	5,521148
-0,418654	5,522779
-0,606480	5,523105
-0,284045	5,526039
-0,907003	5,525713
-1,013438	5,528648
-0,960220	5,529626
-0,875698	5,529952
-0,271523	5,533865
-0,396741	5,533865
-0,562654	5,536148
-0,694133	5,538105
-0,161958	5,537452
-0,384219	5,540387
-0,957090	5,541365
-0,669089	5,542670
-0,334132	5,544626
-0,215175	5,545605
-0,590828	5,547235
-0,377958	5,550170
-0,597089	5,548866
-0,772394	5,551474
-0,559524	5,553757
-0,412393	5,553431
-0,709785	5,556366
-0,587698	5,557670
-0,856916	5,558322
-0,953959	5,559952
-0,778655	5,562887
-0,769263	5,563539
-1,025959	5,564844
-0,622133	5,567452
-0,496915	5,567779
-0,437437	5,568757
-0,568915	5,570387
-0,600220	5,572670
-0,490654	5,572344
-0,487524	5,574953
-0,453089	5,577561
-0,687872	5,578213
-1,022829	5,579192
-0,547002	5,579844
-0,700394	5,582453
-0,822481	5,583757
-0,725437	5,584735
-0,512567	5,587018
-0,725437	5,588648
-0,835003	5,590605
-0,756742	5,589953
-0,963351	5,591257
-0,656567	5,594192
-0,944568	5,595822
-0,669089	5,597453
-0,309089	5,597453
-0,741089	5,600713
-0,597089	5,602018
-0,265262	5,604300
-0,869437	5,603648
-1,072916	5,605279
-0,831872	5,606909
-0,744220	5,609192
-0,988394	5,610496
-0,230828	5,611148
-0,687872	5,612126
-0,828742	5,614735
-0,537611	5,616040
-0,431176	5,618648
-0,863177	5,618322
-0,938307	5,618648
-0,822481	5,620931
-0,525089	5,623213
-0,512567	5,625170
-0,687872	5,626800
-0,622133	5,626148
-0,972742	5,628105
-0,409263	5,630061
-0,349784	5,632670
-0,315349	5,634300
-0,988394	5,635605
-0,030479	5,635605
-0,562654	5,637561
-1,082307	5,638866
-0,687872	5,641800
-0,609611	5,643105
-0,850655	5,644409
-0,903872	5,644735
-0,481263	5,647018
-0,809959	5,647018
-0,528219	5,648974
-0,625263	5,650931
-0,628393	5,652887
-1,210655	5,653866
-0,553263	5,655822
-0,991525	5,657127
-0,725437	5,657779
-0,753611	5,659409
-0,559524	5,660714
-0,631524	5,660714
-0,565785	5,662670
-0,440567	5,664301
-0,728568	5,665931
-0,506306	5,668866
-0,550132	5,669844
-0,377958	5,671474
-0,493785	5,673105
-0,831872	5,675387
-0,587698	5,676692
-0,791176	5,678322
-0,525089	5,679953
-0,881959	5,680605
-0,590828	5,681909
-0,628393	5,684192
-0,471871	5,685170
-0,631524	5,687127
-0,637785	5,688757
-0,568915	5,690061
-0,903872	5,691040
-0,988394	5,693322
-0,950829	5,693974
-0,772394	5,695931
-0,525089	5,697235
-0,584567	5,698540
-0,540741	5,699518
-0,434306	5,701474
-0,728568	5,701474
-0,665959	5,703431
-0,763002	5,704735
-0,675350	5,705714
-0,490654	5,706692
-0,490654	5,707670
-0,640915	5,710279
-0,324741	5,712235
-0,202654	5,714518
-0,712915	5,715822
-0,878829	5,716801
-1,019699	5,719083
-0,415524	5,720714
-0,368567	5,720714
-0,578306	5,723322
-1,038481	5,723648
-0,468741	5,724627
-0,816220	5,726909
-0,359176	5,728214
-0,212045	5,730822
-0,315349	5,732453
-0,575176	5,733105
-0,403002	5,733757
-0,559524	5,734735
-0,559524	5,737018
-0,678481	5,739627
-0,791176	5,741257
-0,640915	5,742888
-0,568915	5,742888
-0,540741	5,743866
-0,124393	5,744844
-0,772394	5,746475
-0,509437	5,749409
-0,763002	5,751366
-0,988394	5,751692
-0,534480	5,753322
-0,158827	5,754301
-0,456219	5,754953
-0,446828	5,758214
-0,597089	5,760496
-0,681611	5,761149
-0,800568	5,761475
-0,615872	5,762453
-0,556393	5,766040
-0,537611	5,767996
-0,161958	5,767344
-0,813089	5,767018
-0,600220	5,771257
-0,866307	5,772888
-0,941438	5,774192
-0,572046	5,774844
-0,587698	5,776475
-0,619002	5,778757
-0,384219	5,780388
-0,302828	5,781040
-0,637785	5,782996
-0,781785	5,785279
-0,681611	5,785605
-0,403002	5,786257
-0,540741	5,788540
-0,443697	5,790822
-0,393610	5,791149
-0,587698	5,792453
-0,900742	5,794409
-0,409263	5,795062
0,047782	5,797018
-0,512567	5,799301
-0,468741	5,799301
-0,459350	5,801257
-0,465611	5,804192
-0,766133	5,804518
-0,587698	5,804844
-0,706655	5,808757
-0,465611	5,809083
-0,600220	5,810388
-0,462480	5,812996
-0,443697	5,812996
-0,337262	5,814301
-0,838133	5,817562
-0,963351	5,817236
-0,590828	5,819844
-0,819350	5,821149
-0,784916	5,820170
-0,565785	5,824410
-0,659698	5,824410
-0,424915	5,825714
-0,628393	5,828975
-0,475002	5,828323
-0,562654	5,832236
-0,606480	5,831257
-0,828742	5,833540
-0,534480	5,836801
-0,800568	5,835823
-0,678481	5,838431
-0,712915	5,839736
-0,759872	5,839410
-0,415524	5,843649
-0,437437	5,843323
-0,268393	5,845279
-0,669089	5,846583
-0,809959	5,848214
-0,547002	5,850497
-1,169960	5,851149
-0,844394	5,853431
-0,352915	5,854083
-0,543872	5,855714
-0,982133	5,856692
-0,362306	5,858975
-0,537611	5,859301
-0,822481	5,862888
-0,230828	5,862562
-0,778655	5,865170
-0,421784	5,864844
-0,512567	5,867127
-0,697263	5,868757
-0,719176	5,870714
-0,678481	5,871366
-0,835003	5,873649
-0,421784	5,874627
-0,202654	5,876584
-0,399871	5,875931
-0,553263	5,879518
-0,587698	5,879192
-0,374828	5,882779
-0,540741	5,882453
-0,640915	5,885714
-1,010307	5,885388
-0,475002	5,887997
-0,227697	5,888975
-0,512567	5,888649
-0,374828	5,892888
-0,562654	5,892236
-0,700394	5,895823
-0,509437	5,896149
-0,327871	5,897779
-0,371697	5,897127
-0,406132	5,900062
-0,537611	5,902671
-0,590828	5,902671
-0,806829	5,906257
-0,481263	5,906257
-0,487524	5,907888
-0,024218	5,909192
-0,540741	5,909844
-0,753611	5,913431
-0,819350	5,913758
-0,468741	5,915388
-0,575176	5,917344
-0,753611	5,918323
-0,512567	5,921258
-0,856916	5,920931
-0,809959	5,921258
-0,390480	5,924518
-0,406132	5,924844
-0,212045	5,928431
-0,105610	5,926801
-0,975872	5,928758
-0,656567	5,932671
-0,349784	5,931692
-0,252741	5,935279
-0,403002	5,934953
-0,121262	5,936910
-0,268393	5,939845
-0,165088	5,939845
-0,349784	5,941801
-0,277784	5,943431
-0,346654	5,943758
-0,631524	5,946366
-0,121262	5,947018
-0,399871	5,948323
-0,584567	5,952236
-0,102479	5,952236
-0,002305	5,952236
-0,578306	5,955497
-0,453089	5,956475
-0,005436	5,956801
-0,374828	5,960062
-0,387350	5,961366
-0,030479	5,962018
-0,246480	5,962671
-0,675350	5,965932
-0,280915	5,966584
-0,415524	5,967236
0,232478	5,970497
-0,471871	5,971801
-0,268393	5,971801
-0,108740	5,973758
-0,302828	5,976692
-0,409263	5,976692
-0,280915	5,978323
-0,262132	5,979627
-0,290306	5,981584
-0,243349	5,982562
-0,252741	5,983540
-0,127523	5,985497
0,317000	5,988758
-0,208914	5,987779
-0,537611	5,989084
-0,299697	5,991692
-0,287175	5,993975
0,085347	5,994627
0,032130	5,995279
-0,014827	5,997562
-0,371697	5,999192
-0,277784	5,999845
-0,136914	6,000823
-0,337262	6,004084
-0,014827	6,005388
-0,033610	6,006366
-0,118132	6,007019
0,025869	6,009953
0,107260	6,010932
-0,180740	6,012236
