-0,277784	1,150922
-0,471871	1,152879
-0,838133	1,155161
-0,525089	1,155488
-0,662828	1,157118
-0,678481	0,987878
-0,478132	0,988857
-0,759872	0,986574
-0,925785	0,988531
-0,190132	0,986574
-0,888220	0,989183
-0,922655	0,986248
-0,910133	0,988857
-0,556393	0,986900
-0,756742	0,989183
-0,612741	0,986248
-0,609611	0,989183
-0,603350	0,986900
-1,047873	0,988857
-0,650307	0,987226
-0,487524	0,988205
-0,584567	0,986900
-0,881959	0,988857
-0,453089	0,986248
-0,800568	0,988531
-0,565785	0,987226
-0,872568	0,988531
-0,653437	0,990487
-0,428045	0,989835
-0,187001	0,993096
-0,572046	0,993748
-0,359176	0,996031
-0,340393	0,995705
-0,672220	0,998313
-0,684741	0,999292
-0,919524	1,001574
-0,356045	1,001900
-0,531350	1,004183
-0,180740	1,005161
-0,478132	1,006139
-0,421784	1,009726
-0,440567	1,009400
-0,706655	1,012661
-0,312219	1,013966
-0,819350	1,013966
-0,475002	1,016900
-0,415524	1,015922
-0,622133	1,019183
-0,331002	1,020813
-0,212045	1,021466
-0,340393	1,023748
-0,835003	1,024400
-0,578306	1,025705
-0,612741	1,028313
-0,309089	1,028966
-0,656567	1,029618
-0,637785	1,032879
-0,099349	1,032879
-1,041612	1,034835
-0,149436	1,037770
-0,656567	1,038422
-0,431176	1,038422
-0,515698	1,041031
-0,631524	1,043313
-0,640915	1,043639
-0,656567	1,045270
-0,819350	1,046900
-0,759872	1,049183
-0,509437	1,049183
-0,381089	1,050487
-0,237088	1,053096
-0,568915	1,055053
-0,377958	1,055705
-0,271523	1,056683
-0,352915	1,058313
-0,575176	1,060270
-0,221436	1,061574
-0,230828	1,061900
-0,709785	1,063857
-0,584567	1,066140
-0,860046	1,068748
-0,528219	1,070705
-0,919524	1,070053
-0,453089	1,071357
-0,415524	1,072661
-0,077436	1,075270
-0,459350	1,077226
-0,634654	1,078205
-0,500045	1,078531
-0,371697	1,079509
-0,866307	1,081466
-0,377958	1,084727
-0,412393	1,087009
-0,014827	1,087335
-0,709785	1,087661
-0,193262	1,088966
-0,853785	1,089618
-0,496915	1,091900
-0,684741	1,093857
-0,503176	1,095161
-0,381089	1,097770
-0,005436	1,099727
0,260652	1,100379
-0,290306	1,101683
-0,725437	1,103314
-0,362306	1,104292
-0,171349	1,104944
-0,434306	1,106248
-0,249610	1,108205
-0,183871	1,110161
-0,340393	1,111140
-0,334132	1,113748
-0,381089	1,115705
-0,011697	1,117009
-0,255871	1,118314
-0,287175	1,120270
-0,490654	1,121248
-0,340393	1,122879
-0,440567	1,124835
-0,268393	1,125814
-0,243349	1,127118
-0,224567	1,128422
-0,443697	1,130379
-0,459350	1,132009
-0,540741	1,132661
0,079086	1,134618
-0,218306	1,135922
-0,490654	1,138205
-0,534480	1,138857
-0,640915	1,139835
-0,456219	1,141466
-0,337262	1,141140
-0,046131	1,143748
0,050912	1,144727
-0,356045	1,146031
-0,174480	1,147335
-0,187001	1,148314
-0,415524	1,151248
-0,133784	1,153205
-0,140045	1,154835
-0,406132	1,157444
-0,271523	1,157770
-0,249610	1,159401
-0,449958	1,159401
-0,221436	1,161357
0,016477	1,162988
-0,496915	1,163966
-0,559524	1,165922
-0,337262	1,167879
-0,324741	1,169835
-0,180740	1,171466
-0,205784	1,171792
-0,950829	1,172770
-0,578306	1,174075
-0,299697	1,176031
-0,459350	1,178314
-0,152566	1,180922
-0,340393	1,181248
-0,252741	1,181575
-0,609611	1,183531
-0,227697	1,185161
-0,340393	1,188096
-0,055523	1,189075
-0,199523	1,189727
-0,118132	1,191031
-0,240219	1,193314
-0,058653	1,195270
0,019608	1,196901
0,082217	1,196575
-0,277784	1,197879
-0,631524	1,199183
-0,284045	1,201140
-0,221436	1,203748
-0,240219	1,205705
0,135434	1,205053
0,060303	1,207009
-0,305958	1,208640
-0,403002	1,210922
-0,590828	1,212227
-0,331002	1,212879
-0,587698	1,214835
0,038390	1,216792
-0,002305	1,219075
-0,374828	1,219401
-0,024218	1,219727
-0,061784	1,221683
-0,221436	1,224944
-0,177610	1,224944
-0,277784	1,226249
-0,158827	1,227879
-0,290306	1,229835
-0,831872	1,230814
-0,284045	1,231792
-0,734828	1,233749
-0,368567	1,235705
-0,158827	1,236357
-0,259001	1,238966
-0,287175	1,240596
-0,619002	1,240270
-0,512567	1,243205
-1,019699	1,245814
-0,609611	1,244509
-0,208914	1,247770
-0,540741	1,249401
-0,534480	1,248749
-0,484393	1,250705
-0,800568	1,253966
-0,165088	1,253966
-0,265262	1,255596
-0,609611	1,258205
-0,462480	1,257879
-0,462480	1,259836
-0,550132	1,263423
-0,459350	1,262444
-0,302828	1,266031
-0,559524	1,266357
-0,086827	1,266683
-0,381089	1,269618
-0,262132	1,270923
-0,356045	1,271249
-0,462480	1,274509
-0,299697	1,274183
-0,424915	1,277444
-0,039871	1,279075
-0,271523	1,280053
0,066564	1,282336
-0,140045	1,282336
-0,609611	1,284292
-0,321610	1,285596
-0,340393	1,285923
-0,778655	1,289183
-0,343523	1,289836
0,085347	1,290814
-0,180740	1,293096
-0,315349	1,293096
-0,233958	1,296357
-0,440567	1,296031
0,060303	1,299944
-0,737959	1,300270
-0,227697	1,301901
-0,446828	1,304183
-0,349784	1,302879
-0,259001	1,307770
-0,218306	1,307118
-0,531350	1,310053
-0,550132	1,309401
-0,080566	1,312010
-0,772394	1,314292
-0,362306	1,314618
-0,340393	1,317227
-0,565785	1,316575
-0,456219	1,320488
-0,462480	1,320162
-0,374828	1,324075
-0,597089	1,324075
-0,634654	1,323423
-0,478132	1,325705
-0,068045	1,329292
-0,212045	1,328640
-0,512567	1,331575
-0,468741	1,332227
-0,753611	1,334836
-0,697263	1,335488
-0,572046	1,336140
-0,340393	1,337444
-0,440567	1,340705
-0,108740	1,340379
-0,481263	1,341031
-0,327871	1,342662
-0,575176	1,346901
-0,346654	1,346249
-0,803698	1,349836
-0,446828	1,348857
-0,271523	1,352118
0,107260	1,353097
-0,368567	1,355705
-0,712915	1,355053
-0,691002	1,358314
-0,509437	1,357662
-0,731698	1,361575
-0,387350	1,361249
-0,606480	1,363857
-0,966481	1,364836
-0,393610	1,366140
-0,650307	1,367771
-0,531350	1,368097
-0,352915	1,371357
-0,168219	1,371357
-0,315349	1,374618
-0,597089	1,374292
-0,481263	1,377227
-0,177610	1,378205
-0,262132	1,379836
-0,008566	1,382118
-0,180740	1,381792
0,122912	1,384401
-0,083697	1,384401
0,226217	1,386358
0,414043	1,387988
0,517348	1,390271
0,651957	1,389618
0,792827	1,392227
0,811609	1,395814
0,545522	1,394836
0,861696	1,398097
0,799088	1,398097
0,849175	1,398423
1,008827	1,402662
1,146566	1,402010
0,886740	1,405271
1,171610	1,405597
0,839783	1,406901
1,190393	1,410162
0,946218	1,409184
1,040131	1,412118
0,999436	1,413749
1,187262	1,414727
1,193523	1,417336
0,611261	1,417010
0,642565	1,420271
0,905523	1,421249
1,146566	1,421249
0,614392	1,423858
0,605000	1,424836
0,977523	1,426140
0,542391	1,428423
0,839783	1,429075
0,924305	1,431358
0,611261	1,431358
-0,027349	1,432988
0,082217	1,434945
0,241869	1,437879
-0,274654	1,437553
-0,421784	1,440814
-0,230828	1,441792
-0,766133	1,442119
-0,556393	1,445053
-0,440567	1,445705
-0,512567	1,447010
-0,587698	1,449292
-0,985264	1,449945
-0,737959	1,450923
-0,659698	1,453532
-0,997785	1,455162
-0,678481	1,455162
-0,456219	1,457771
-0,462480	1,459075
-0,712915	1,460053
-0,769263	1,462010
-0,669089	1,463966
-0,784916	1,464619
-0,703524	1,466575
-0,481263	1,470162
-0,712915	1,470162
-0,900742	1,469510
-0,299697	1,473097
-0,381089	1,474727
-0,590828	1,475379
-0,835003	1,475379
-0,543872	1,479292
-0,647176	1,480271
-0,828742	1,480271
-0,562654	1,482879
-0,428045	1,484836
-0,684741	1,485162
-0,719176	1,486792
-0,725437	1,489727
-0,572046	1,490706
-0,615872	1,490706
-0,478132	1,492662
-0,775524	1,494945
-0,659698	1,496249
-0,437437	1,496575
-0,356045	1,498858
-0,709785	1,500814
-1,088568	1,502119
-0,806829	1,502119
-0,424915	1,504727
-0,377958	1,507336
-0,778655	1,507336
-0,518828	1,507988
-0,528219	1,510923
-0,778655	1,512553
-0,988394	1,512553
-0,856916	1,514836
-1,072916	1,517445
-0,512567	1,518097
-0,593959	1,518423
-0,803698	1,520380
-0,647176	1,523640
-0,484393	1,524293
-0,784916	1,523640
-0,565785	1,526575
-0,381089	1,529510
-0,418654	1,529510
-0,512567	1,530488
-0,475002	1,533097
-0,669089	1,534075
-0,665959	1,534727
-0,772394	1,536358
-0,406132	1,538640
-0,606480	1,540923
-0,994655	1,541249
-0,784916	1,542227
-0,640915	1,543858
-0,944568	1,546793
-0,640915	1,547771
-0,716046	1,547771
-0,619002	1,549075
-0,356045	1,552010
-0,866307	1,554619
-0,650307	1,555271
-0,587698	1,554945
-0,863177	1,556575
-0,540741	1,559510
-0,584567	1,561793
-0,640915	1,562119
-0,844394	1,562119
-0,806829	1,564075
-0,741089	1,567336
-0,550132	1,568967
-0,985264	1,570597
-0,722307	1,570597
-0,928916	1,571575
-0,800568	1,573858
-0,712915	1,575162
-0,468741	1,578097
-0,597089	1,577771
-0,653437	1,578749
-0,537611	1,580706
-0,428045	1,583314
-0,212045	1,584945
-0,828742	1,585271
-0,656567	1,585597
-0,202654	1,588532
-0,021088	1,591467
-0,462480	1,592119
-0,105610	1,593097
-0,540741	1,593423
0,038390	1,594727
0,154217	1,597336
-0,521958	1,599945
-0,089958	1,600271
-0,005436	1,600923
0,169869	1,602228
-0,077436	1,603532
-0,089958	1,607445
-0,027349	1,608749
0,276304	1,608749
-0,014827	1,608749
0,010216	1,611358
-0,033610	1,613314
-0,190132	1,616249
0,113521	1,616575
0,539261	1,616901
-0,021088	1,618532
-0,356045	1,621141
-0,215175	1,623749
-0,149436	1,624728
-0,215175	1,625054
0,013347	1,626684
-0,208914	1,627662
-0,039871	1,628641
-0,565785	1,631575
-0,155697	1,633532
-0,525089	1,634836
-0,556393	1,635815
-0,171349	1,636467
-0,180740	1,637771
-0,615872	1,640706
-0,061784	1,641684
-0,440567	1,643641
-0,371697	1,644945
-0,484393	1,645923
-1,360917	1,646575
-0,947698	1,647880
-0,734828	1,650488
-0,706655	1,652119
-0,788046	1,653749
-0,565785	1,655054
-0,534480	1,656358
-0,844394	1,657336
-0,612741	1,658641
-0,957090	1,659945
-1,038481	1,662554
-0,941438	1,664510
-0,866307	1,666141
-0,835003	1,666141
-0,838133	1,666793
-0,565785	1,668749
-0,794307	1,670380
-0,922655	1,672336
-0,669089	1,674293
-1,051003	1,676575
-0,841263	1,676575
-0,734828	1,677880
-0,540741	1,679184
-0,763002	1,680489
-0,503176	1,681793
-0,152566	1,684075
-0,083697	1,686032
-0,443697	1,687336
-0,581437	1,688967
-0,255871	1,690597
-0,509437	1,692228
-0,503176	1,693206
-0,725437	1,694510
-0,205784	1,695489
-0,321610	1,696467
0,082217	1,698749
0,182391	1,698749
-0,547002	1,700706
0,032130	1,702662
-0,590828	1,704293
-0,124393	1,706249
-0,305958	1,707880
-0,218306	1,710815
-0,102479	1,711793
-0,249610	1,711793
-0,271523	1,713097
-0,124393	1,714076
-0,287175	1,715706
-0,180740	1,717010
-0,161958	1,719293
0,050912	1,720597
-0,371697	1,721902
-0,612741	1,724184
-0,421784	1,726141
-0,299697	1,727771
0,085347	1,729076
-0,287175	1,729728
-0,788046	1,731032
-0,371697	1,731032
-0,512567	1,733315
-0,866307	1,734293
-0,634654	1,737228
-0,728568	1,738206
-0,756742	1,740489
-0,806829	1,741793
-0,753611	1,743423
-0,806829	1,745380
-0,619002	1,746358
-0,669089	1,747663
-0,875698	1,749619
-1,364047	1,749293
-0,979003	1,751576
-0,778655	1,752880
-1,079177	1,753532
-1,204395	1,754836
-0,399871	1,757445
-0,509437	1,758750
-0,280915	1,760706
-1,342134	1,762663
-0,099349	1,764293
-1,123003	1,765597
-0,809959	1,766902
-0,913264	1,768206
-0,471871	1,768858
-0,979003	1,770489
-0,665959	1,771141
-0,737959	1,773097
-1,025959	1,774402
-0,728568	1,775054
-0,697263	1,777337
-0,249610	1,778315
-0,475002	1,780923
-0,224567	1,781576
-0,083697	1,784184
-0,331002	1,786141
0,160478	1,788097
-0,415524	1,789402
0,210565	1,789402
0,561174	1,791358
0,129173	1,792010
0,107260	1,793315
0,154217	1,794619
0,320130	1,796576
0,050912	1,797228
0,379608	1,799510
0,529870	1,801793
0,088477	1,803097
0,727087	1,805380
0,351434	1,807011
0,313869	1,808315
0,360826	1,810271
0,251260	1,810924
-0,055523	1,811576
0,016477	1,812880
0,476652	1,814184
0,060303	1,815489
0,151086	1,816793
0,601870	1,818750
0,461000	1,820380
0,385869	1,821684
0,144825	1,823641
0,439087	1,825271
0,542391	1,827880
-0,096219	1,829184
0,201173	1,829837
0,047782	1,831141
0,235608	1,832119
0,100999	1,834076
0,486043	1,834076
0,113521	1,835380
-0,105610	1,837011
-0,089958	1,838641
-0,224567	1,839945
-0,475002	1,842228
-0,647176	1,844184
-0,725437	1,846141
-0,481263	1,847771
-0,985264	1,849076
-0,584567	1,850706
-1,191873	1,852337
-0,813089	1,852989
-1,094829	1,853641
-0,756742	1,854619
-0,941438	1,855924
-0,547002	1,859185
-1,176221	1,859511
-0,841263	1,862119
-0,619002	1,864728
-0,866307	1,865380
-0,850655	1,866358
-1,116742	1,867663
-0,853785	1,868315
-1,041612	1,869619
-0,778655	1,870271
-0,475002	1,873532
-0,741089	1,874511
-0,421784	1,876467
-1,054133	1,878424
-0,409263	1,880054
-0,709785	1,880054
-1,154308	1,881685
-0,806829	1,882989
-0,947698	1,884293
-1,204395	1,885272
-1,226308	1,887228
-0,953959	1,889511
-0,953959	1,890815
-0,518828	1,892772
-1,129264	1,894728
-0,553263	1,896685
-0,925785	1,897989
-0,334132	1,898641
-0,806829	1,899619
-0,844394	1,901250
-0,418654	1,901902
-1,041612	1,903206
-1,382830	1,904837
-0,800568	1,906793
-0,628393	1,907445
-1,123003	1,909076
-0,979003	1,912663
-0,756742	1,913641
-0,885090	1,914619
-0,741089	1,913315
-0,744220	1,916902
-0,866307	1,918206
-0,543872	1,919185
-0,916394	1,920815
-1,132394	1,922119
-0,750481	1,925706
-0,822481	1,927011
-0,910133	1,927989
-0,784916	1,929293
-1,342134	1,931250
-1,223177	1,932228
-1,066655	1,932880
-1,407873	1,933859
-0,640915	1,934511
-0,822481	1,935815
-0,547002	1,938424
-0,888220	1,940706
-0,809959	1,941685
-0,969612	1,944619
-0,478132	1,945598
-1,151177	1,946902
-0,421784	1,947228
-0,403002	1,949511
-0,979003	1,950163
-0,769263	1,951467
-0,487524	1,953750
-0,903872	1,955706
-1,054133	1,957011
-0,894481	1,958967
-0,888220	1,960924
-0,669089	1,961902
-0,781785	1,962880
-0,484393	1,964185
-0,741089	1,964185
-0,703524	1,966141
-0,478132	1,967446
-0,835003	1,969728
-1,216916	1,972011
-0,759872	1,973967
-0,972742	1,975924
-0,856916	1,976250
-1,041612	1,977880
-1,257612	1,978533
-0,897611	1,979185
-0,747350	1,982446
-0,606480	1,982446
-0,593959	1,985380
-0,722307	1,986685
-0,988394	1,986685
-0,831872	1,988641
-0,881959	1,989946
-0,356045	1,990924
-0,791176	1,991250
-0,722307	1,994185
-0,622133	1,997446
-0,640915	1,999402
-0,384219	2,000380
-0,534480	2,002011
-0,634654	2,001359
-0,950829	2,003641
-0,963351	2,003967
-0,678481	2,006576
-0,706655	2,007880
-0,230828	2,010815
-0,763002	2,011794
-0,565785	2,013750
-0,271523	2,014076
-0,500045	2,016359
-0,928916	2,016685
-0,872568	2,018315
-0,227697	2,018641
-0,528219	2,021250
-0,587698	2,023207
-0,825611	2,024837
-0,168219	2,027120
-0,628393	2,028424
-0,230828	2,028424
-0,305958	2,030380
-0,240219	2,031359
-0,381089	2,033967
-0,315349	2,033967
-0,816220	2,036902
-0,415524	2,038207
-0,772394	2,040163
-0,180740	2,040489
-0,537611	2,041794
-0,525089	2,043098
-0,665959	2,044728
-0,850655	2,047011
-0,963351	2,048641
-0,741089	2,049946
-0,615872	2,052228
-0,628393	2,051576
-0,284045	2,053533
-0,659698	2,054837
-0,384219	2,056468
-0,237088	2,058750
-0,431176	2,059402
-0,465611	2,062011
-0,675350	2,062011
-0,572046	2,063641
-0,540741	2,064620
-0,299697	2,067228
-0,327871	2,069837
-0,431176	2,070163
-0,199523	2,071468
-0,340393	2,071468
-0,484393	2,073098
-0,756742	2,076033
-0,296567	2,078315
-0,575176	2,079294
-0,221436	2,080272
-0,387350	2,081250
-0,669089	2,082228
-0,362306	2,084837
-0,180740	2,087120
-0,797437	2,088424
-0,521958	2,088750
-0,403002	2,089402
-0,412393	2,090381
-0,318480	2,093968
-0,262132	2,096250
-0,205784	2,096250
-0,299697	2,097881
0,060303	2,082881
-0,478132	2,099837
-0,415524	2,102120
-0,409263	2,104728
-0,205784	2,105707
-0,597089	2,106359
-0,265262	2,107337
-0,625263	2,107989
-0,672220	2,110924
-0,240219	2,112555
-0,290306	2,114837
-0,259001	2,116142
-0,525089	2,116468
-0,043001	2,117772
-0,130653	2,119076
-0,318480	2,120707
-0,525089	2,122337
0,104130	2,124620
0,016477	2,127229
-0,719176	2,128207
-0,312219	2,129185
-0,105610	2,129185
-0,415524	2,131468
-0,305958	2,133098
-0,687872	2,136359
-0,199523	2,136359
-0,271523	2,135707
-0,449958	2,137663
-0,111871	2,140924
-0,274654	2,142881
-0,428045	2,143533
-0,262132	2,144511
-0,737959	2,144837
-0,371697	2,147446
0,047782	2,150055
-0,318480	2,151359
-0,462480	2,152989
-0,224567	2,153642
-0,496915	2,153968
0,041521	2,156576
-0,111871	2,157881
-0,187001	2,160489
-0,268393	2,160489
-0,384219	2,162120
0,198043	2,163424
-0,318480	2,166359
-0,190132	2,168316
-0,597089	2,167989
-0,168219	2,168642
0,210565	2,172229
-0,043001	2,173859
-0,431176	2,175489
-0,171349	2,175489
-0,058653	2,176142
-0,268393	2,177446
-0,568915	2,178750
-0,252741	2,182989
-0,052392	2,184294
-0,390480	2,183316
-0,089958	2,185272
-0,324741	2,186903
-0,259001	2,188533
-0,437437	2,191468
-0,462480	2,192120
-0,165088	2,192446
-0,374828	2,194076
-0,212045	2,197663
-0,205784	2,198968
-0,377958	2,200272
-0,030479	2,199946
-0,196393	2,200924
0,072825	2,204185
-0,165088	2,205490
-0,296567	2,207772
-0,296567	2,208424
-0,396741	2,208750
-0,393610	2,208750
0,126043	2,211685
0,232478	2,214946
-0,190132	2,216577
-0,227697	2,216577
0,019608	2,217555
-0,299697	2,219185
-0,628393	2,220490
-0,121262	2,222120
-0,590828	2,224729
-0,136914	2,226359
-0,118132	2,227337
0,060303	2,227990
0,373348	2,228642
-0,077436	2,230598
-0,377958	2,233207
-0,321610	2,235490
-0,136914	2,236794
-0,287175	2,237446
0,094738	2,238424
-0,205784	2,239729
-0,237088	2,241033
-0,077436	2,243642
0,000825	2,245272
-0,318480	2,245924
-0,158827	2,246250
-0,177610	2,248207
-0,550132	2,250816
-0,215175	2,252120
-0,578306	2,254403
-0,183871	2,253750
-0,437437	2,255707
-0,662828	2,256033
0,104130	2,258642
-0,083697	2,260924
-0,321610	2,262881
-0,149436	2,263533
-0,440567	2,264511
-0,252741	2,265164
-0,265262	2,267120
0,163608	2,269729
-0,540741	2,271359
-0,440567	2,272664
-0,612741	2,273316
-0,299697	2,274294
-0,259001	2,275598
0,235608	2,278859
-0,600220	2,280490
-0,475002	2,280816
-0,039871	2,281142
-0,659698	2,282772
-0,487524	2,286033
-0,089958	2,287664
-0,093088	2,288316
-0,089958	2,289620
-0,246480	2,290924
-0,484393	2,292881
-0,362306	2,295490
-0,421784	2,297446
-0,171349	2,296794
-0,675350	2,298098
-0,299697	2,300055
-0,265262	2,302664
-0,390480	2,304294
0,028999	2,303316
-0,556393	2,304620
-0,233958	2,307881
-0,318480	2,309838
-0,697263	2,309838
-0,847524	2,311468
-0,712915	2,313425
-0,349784	2,315707
-0,312219	2,316033
-0,553263	2,317011
-0,271523	2,318642
-0,403002	2,321903
-0,165088	2,323207
-0,371697	2,322881
-0,440567	2,323533
-0,215175	2,326468
-0,475002	2,328098
-0,540741	2,328751
-0,731698	2,330707
-0,262132	2,332990
-0,415524	2,334620
-0,960220	2,335925
-0,694133	2,336251
-0,603350	2,337229
-0,547002	2,339512
-0,753611	2,341794
-0,653437	2,342446
-0,703524	2,343098
-0,043001	2,345055
-0,230828	2,348316
-0,359176	2,348316
-0,074305	2,348642
-0,052392	2,350599
-0,315349	2,354512
-0,099349	2,355164
-0,803698	2,354185
-0,246480	2,356468
-0,847524	2,358751
-0,706655	2,360381
-0,415524	2,360707
-0,628393	2,361685
-0,165088	2,365599
-0,384219	2,365925
-0,459350	2,366577
-0,722307	2,368207
-0,825611	2,371142
-0,669089	2,372120
-1,241960	2,373099
-0,778655	2,374403
-0,424915	2,377338
-0,656567	2,377990
-0,881959	2,378968
-0,665959	2,379620
-0,600220	2,382881
-0,891351	2,383207
-0,553263	2,384186
-0,600220	2,386794
-0,850655	2,389077
-1,267003	2,389403
-0,925785	2,390707
-0,509437	2,393642
-0,468741	2,394620
-0,587698	2,396577
-0,691002	2,396577
-0,534480	2,399512
-0,628393	2,400490
-0,374828	2,399512
-1,038481	2,403751
-0,800568	2,405055
-0,932046	2,405055
-0,737959	2,406359
-0,462480	2,409620
-1,010307	2,409946
-1,157438	2,412229
-0,547002	2,414186
-0,525089	2,413859
-0,603350	2,415164
-0,540741	2,418099
-0,612741	2,419077
-0,684741	2,419729
-0,891351	2,422664
-0,875698	2,422664
-0,459350	2,423316
-0,794307	2,426903
-0,913264	2,427881
-0,687872	2,428533
-0,860046	2,430816
-0,925785	2,431794
-0,650307	2,433751
-0,578306	2,436033
-0,459350	2,436686
-1,113612	2,437990
-0,734828	2,440273
-0,640915	2,440273
-0,656567	2,441903
-0,725437	2,443860
-0,910133	2,444512
-1,082307	2,447120
-0,878829	2,449077
-0,675350	2,448751
-0,825611	2,452338
-0,703524	2,452012
-0,540741	2,453968
-0,975872	2,456251
-0,716046	2,456577
-0,994655	2,460164
-0,503176	2,459186
-0,969612	2,461468
-0,553263	2,463425
-0,650307	2,463751
-0,640915	2,467012
-0,437437	2,467338
-0,265262	2,468642
-0,453089	2,471251
-0,950829	2,471577
-0,825611	2,474186
-0,928916	2,473860
-0,725437	2,476142
-0,534480	2,477773
-1,151177	2,478751
-0,509437	2,481034
-0,847524	2,481034
-0,252741	2,484620
-0,935177	2,483642
-0,881959	2,486903
-1,132394	2,487555
-0,975872	2,489186
-0,725437	2,492121
-0,788046	2,490490
-0,659698	2,494077
-0,556393	2,494077
-0,606480	2,496686
-0,656567	2,498316
-0,919524	2,498968
-0,428045	2,501251
-0,490654	2,501251
-0,619002	2,505164
-0,665959	2,504838
-0,609611	2,506468
-0,409263	2,508751
-0,587698	2,509403
-0,747350	2,512338
-0,456219	2,512664
-0,775524	2,515273
-0,681611	2,515599
-0,290306	2,516903
-0,709785	2,519186
-0,756742	2,519186
-0,647176	2,522447
-0,534480	2,523425
-0,597089	2,523425
-0,687872	2,526360
-0,684741	2,527012
-0,747350	2,528968
-0,509437	2,530273
-1,051003	2,532229
-0,935177	2,533208
-0,781785	2,533208
-0,835003	2,537773
-0,741089	2,537121
-0,418654	2,540055
-0,622133	2,541360
-0,816220	2,541686
-1,060394	2,544295
-0,791176	2,543316
-1,019699	2,546577
-0,907003	2,548534
-0,531350	2,549512
-0,897611	2,552121
-0,825611	2,551468
-0,691002	2,554403
-0,907003	2,555055
-0,966481	2,556034
-1,063525	2,558968
-0,553263	2,559621
-0,938307	2,561577
-0,841263	2,560925
-0,262132	2,564186
-0,672220	2,564838
-0,634654	2,567447
-0,953959	2,567773
-1,182482	2,570708
-0,963351	2,571034
-0,737959	2,572990
-1,163699	2,574295
-0,371697	2,575273
-0,315349	2,578534
-0,800568	2,578208
-0,910133	2,580490
-0,650307	2,580816
-0,606480	2,583751
-0,972742	2,583425
-0,737959	2,587338
-1,047873	2,586360
-0,653437	2,589947
-0,991525	2,590925
-0,756742	2,592229
-0,737959	2,593860
-0,725437	2,593860
-0,957090	2,597447
-0,615872	2,596469
-0,903872	2,600056
-0,609611	2,599729
-0,997785	2,602664
-0,913264	2,602990
-0,982133	2,605273
-1,063525	2,605273
-0,741089	2,608860
-0,612741	2,608208
-0,788046	2,612121
-0,941438	2,612121
-0,691002	2,614077
-0,813089	2,614729
-0,622133	2,617338
-0,521958	2,618316
-0,349784	2,620599
-0,781785	2,621251
-0,302828	2,623534
-0,406132	2,623860
-0,506306	2,626469
-0,590828	2,626795
-0,925785	2,627773
-0,597089	2,630708
-0,860046	2,630708
-0,900742	2,633969
-0,568915	2,633643
-0,828742	2,637229
-0,443697	2,636577
-0,287175	2,638534
-0,669089	2,640490
-0,722307	2,642121
-0,528219	2,643099
-0,838133	2,644730
-0,850655	2,645382
-0,763002	2,647990
-1,201264	2,648316
-0,847524	2,651577
-0,903872	2,651251
-0,609611	2,653860
-0,428045	2,654186
-0,547002	2,657773
-0,891351	2,656795
-0,675350	2,660056
-1,335873	2,660708
-0,750481	2,662664
-0,885090	2,664295
-0,665959	2,664947
-0,628393	2,667556
-0,565785	2,667230
-0,838133	2,671143
-0,856916	2,669512
-0,913264	2,673099
-0,960220	2,674077
-0,750481	2,676360
-0,712915	2,677012
-1,138655	2,677664
-0,691002	2,679947
-0,753611	2,680925
-0,396741	2,683534
-0,553263	2,683534
-0,371697	2,686469
-0,722307	2,687121
-0,856916	2,689077
-0,681611	2,691360
-0,559524	2,691034
-0,803698	2,693969
-0,478132	2,694295
-0,856916	2,695925
-0,556393	2,698208
-0,844394	2,697556
-0,825611	2,701795
-0,484393	2,701143
-0,885090	2,704404
-0,265262	2,704730
-0,747350	2,706034
-0,778655	2,708317
-0,813089	2,707990
-0,703524	2,711251
-0,863177	2,712556
-0,590828	2,713208
-0,694133	2,715164
-0,581437	2,715491
-0,697263	2,718425
-0,359176	2,719404
-0,919524	2,721034
-0,728568	2,722991
-0,835003	2,720708
-0,221436	2,725925
-0,728568	2,727882
-0,521958	2,726577
-0,481263	2,730491
-0,991525	2,731469
-0,578306	2,732773
-0,484393	2,734404
-0,625263	2,734404
-1,135525	2,737338
-0,509437	2,737991
-0,572046	2,738643
-0,979003	2,742230
-0,399871	2,740273
-0,331002	2,741904
-0,440567	2,746469
-0,543872	2,746469
-1,116742	2,747773
-0,737959	2,751360
-0,944568	2,751360
-0,556393	2,753969
-0,268393	2,753643
-0,640915	2,755273
-0,640915	2,757230
-0,396741	2,758208
-0,487524	2,760817
-0,550132	2,762121
-0,737959	2,762773
-0,606480	2,766360
-0,315349	2,764730
0,060303	2,767012
-0,656567	2,769295
-0,146306	2,770925
-0,572046	2,772230
-0,293436	2,774512
-0,484393	2,774838
-0,124393	2,775817
0,047782	2,779404
0,633174	2,779730
0,144825	2,780708
1,062045	2,782991
1,206045	2,782991
1,234219	2,785925
2,273525	2,787882
2,996657	2,787230
3,957702	2,790165
4,640138	2,792121
4,834226	2,791469
5,513531	2,794078
6,483968	2,797338
7,247796	2,796686
8,362232	2,799295
8,628320	2,801578
9,608148	2,802230
9,714583	2,801904
10,841542	2,805491
10,769541	2,805491
11,170238	2,806469
11,101368	2,809730
11,549021	2,810382
12,137544	2,811360
12,416153	2,812991
12,744850	2,815599
12,982763	2,815599
13,508677	2,817556
13,477373	2,818534
13,464851	2,820491
13,583808	2,821795
13,433547	2,824404
13,349025	2,825708
13,439807	2,825708
13,236329	2,827991
13,439807	2,830599
13,411633	2,830926
13,073546	2,830273
12,441197	2,834839
12,469371	2,836795
11,959109	2,836795
11,862065	2,837121
11,195281	2,840382
11,539630	2,842665
11,696152	2,842665
10,653715	2,843317
11,167107	2,846252
10,334410	2,847882
10,243627	2,847882
9,539278	2,848860
8,496841	2,851795
8,587624	2,853426
7,532666	2,853099
6,699968	2,854404
5,538575	2,858969
4,082920	2,858969
2,902744	2,859947
1,453350	2,860273
0,893001	2,863860
0,251260	2,864839
-0,068045	2,865491
0,288826	2,867121
-0,321610	2,868426
-0,199523	2,870382
-0,202654	2,872339
0,160478	2,874621
-0,296567	2,874295
-0,428045	2,875600
-0,393610	2,877556
-0,086827	2,880817
-0,302828	2,880817
0,047782	2,881469
-0,321610	2,882773
-0,249610	2,884730
-0,237088	2,887339
-0,049262	2,887665
0,254391	2,889947
-0,800568	2,890273
-0,218306	2,891578
-0,190132	2,894513
-0,099349	2,896143
-0,268393	2,896469
-0,277784	2,898752
-0,043001	2,899078
-0,024218	2,901360
-0,190132	2,902991
-0,149436	2,904295
-0,240219	2,905273
-0,428045	2,905926
-0,484393	2,909187
-0,071175	2,910491
-0,183871	2,913100
-0,205784	2,913100
-0,187001	2,913752
0,210565	2,915056
-0,340393	2,917013
-0,475002	2,919295
-0,237088	2,920600
-0,384219	2,922230
-0,133784	2,922556
-0,202654	2,924513
-0,005436	2,925491
-0,080566	2,927121
-0,149436	2,929078
-0,218306	2,931360
-0,381089	2,932339
-0,002305	2,933969
-0,440567	2,934295
-0,215175	2,935600
-0,071175	2,936904
0,050912	2,939513
0,198043	2,942121
-0,230828	2,943100
-0,496915	2,944078
-0,077436	2,944730
-0,381089	2,946361
-0,518828	2,946687
-0,202654	2,948969
-0,531350	2,949947
0,035260	2,953208
0,201173	2,953534
-0,553263	2,956795
0,122912	2,956795
-0,490654	2,958426
-0,215175	2,960056
-0,415524	2,960708
0,241869	2,962339
-0,681611	2,964295
-0,440567	2,965600
-0,540741	2,967230
-0,284045	2,969839
-0,415524	2,970491
-0,331002	2,971795
-0,406132	2,972121
-0,650307	2,972774
-0,672220	2,973426
-0,299697	2,976361
-0,584567	2,978317
-0,659698	2,979621
-0,089958	2,982556
-0,556393	2,983861
-0,014827	2,986143
-0,324741	2,986795
-1,051003	2,988100
-0,575176	2,989078
-0,205784	2,989078
-0,409263	2,991361
-0,453089	2,993317
-0,077436	2,993969
-0,083697	2,993969
0,248130	2,996904
0,172999	2,997556
0,100999	2,998861
0,345174	3,001143
-0,024218	3,003100
0,329521	3,004078
0,154217	3,004730
0,332652	3,007991
0,244999	3,009622
0,122912	3,012230
0,285695	3,013208
0,573696	3,015491
0,270043	3,016143
0,680131	3,017448
0,714566	3,018100
0,680131	3,020056
0,536130	3,021687
0,548652	3,021361
0,025869	3,022991
0,667609	3,024295
0,279434	3,026252
0,075956	3,027882
0,232478	3,029839
0,598739	3,030491
0,598739	3,031143
0,198043	3,031469
0,238739	3,035709
-0,155697	3,037665
0,401522	3,037665
-0,074305	3,040274
-0,077436	3,042882
-0,030479	3,043861
-0,111871	3,046143
0,251260	3,047122
-0,093088	3,048752
-0,102479	3,050056
0,141695	3,050709
-0,387350	3,051361
-0,274654	3,053317
0,079086	3,054622
-0,111871	3,053969
-0,280915	3,057230
-0,490654	3,059187
-0,359176	3,059839
-0,337262	3,062122
-0,537611	3,062448
-0,794307	3,064730
-1,057264	3,066361
-0,763002	3,067991
-0,672220	3,068969
-0,741089	3,071252
-0,712915	3,072556
-0,681611	3,073861
-1,141786	3,075491
-0,819350	3,077448
-0,903872	3,077774
-0,916394	3,080056
-1,022829	3,081035
-0,866307	3,082991
-1,235699	3,083969
-1,051003	3,085274
-0,640915	3,087230
-0,716046	3,087883
-0,647176	3,088535
-0,615872	3,091143
-0,478132	3,091796
-1,144916	3,093752
-0,759872	3,095709
-1,288916	3,096687
-1,163699	3,098317
-0,825611	3,100926
-0,503176	3,101252
-0,603350	3,102883
-0,778655	3,104839
-0,578306	3,107448
-0,615872	3,108752
-1,113612	3,110056
-0,941438	3,112013
-0,662828	3,112013
-0,331002	3,113317
-0,687872	3,115274
-0,766133	3,115274
-0,781785	3,116578
-0,315349	3,119513
-0,581437	3,119839
-0,619002	3,120165
-0,590828	3,122774
-0,763002	3,123752
-0,813089	3,127339
-0,681611	3,128317
-0,797437	3,130600
-0,831872	3,131904
-0,775524	3,133535
-1,013438	3,134839
-1,392221	3,135165
-1,310830	3,137448
-0,975872	3,138426
-0,318480	3,140057
-0,957090	3,141035
-0,922655	3,141687
-1,032220	3,143317
-0,935177	3,144948
-1,060394	3,145926
-1,226308	3,149187
-0,863177	3,150491
-0,681611	3,151796
-0,581437	3,154078
-1,151177	3,156035
-1,132394	3,156035
-0,550132	3,157991
-0,788046	3,158970
-0,418654	3,159296
-0,806829	3,161252
-1,054133	3,162883
-0,590828	3,164187
-0,869437	3,166144
-0,703524	3,168426
-1,063525	3,170057
-0,597089	3,171361
-1,047873	3,172665
-0,637785	3,173970
-0,403002	3,174948
-1,101090	3,175926
-0,753611	3,177231
-0,863177	3,179187
-0,972742	3,181470
-1,022829	3,182774
-0,640915	3,185057
-0,453089	3,186035
-0,891351	3,186035
-0,521958	3,187013
-0,744220	3,189296
-0,640915	3,191252
-0,227697	3,193209
-0,575176	3,194839
-0,387350	3,194839
-0,312219	3,196470
0,313869	3,198100
0,689522	3,200057
0,943088	3,202665
0,742740	3,203644
0,326391	3,203644
1,040131	3,204622
0,839783	3,207231
0,636305	3,209513
1,087088	3,211470
1,262393	3,212122
0,658218	3,213752
0,911783	3,213426
1,512828	3,216035
1,127784	3,217991
1,531611	3,219948
1,534741	3,220274
1,359436	3,221252
1,688133	3,222883
1,052653	3,225491
1,027610	3,226470
1,162219	3,228426
1,434567	3,228752
1,685002	3,231361
1,475263	3,233644
1,299958	3,233318
1,318741	3,233970
1,556654	3,236578
1,093349	3,237883
1,221697	3,240165
1,262393	3,239839
1,112132	3,242448
1,055784	3,245383
0,965001	3,245057
1,478393	3,246035
1,033871	3,247013
0,736479	3,250926
1,124653	3,251578
0,889870	3,251578
0,561174	3,252883
0,626913	3,255165
0,608131	3,257774
0,698913	3,258100
0,799088	3,259079
0,664479	3,262013
0,003956	3,263644
0,019608	3,263318
-0,587698	3,265274
-0,475002	3,267883
-0,932046	3,269513
-0,813089	3,268209
-1,063525	3,270818
-0,753611	3,274079
-0,640915	3,274405
-0,615872	3,275709
-0,835003	3,278318
-0,737959	3,278970
-1,016568	3,279622
-0,550132	3,282231
-0,731698	3,283535
-0,687872	3,284187
-0,647176	3,286470
-1,038481	3,288426
-0,891351	3,289405
-1,104220	3,289731
-0,631524	3,292013
-0,894481	3,294296
-1,645787	3,292992
-0,960220	3,295926
-1,220047	3,299187
-0,568915	3,299513
-0,828742	3,300166
-0,525089	3,302774
-0,722307	3,304079
-1,051003	3,304405
-0,778655	3,307013
-1,016568	3,308970
-1,235699	3,309622
-0,772394	3,310600
-0,875698	3,312557
-1,110481	3,313861
-1,241960	3,314839
-0,615872	3,318100
-0,850655	3,318426
-0,881959	3,316796
-0,637785	3,322666
-1,022829	3,321035
-1,454830	3,323970
-0,979003	3,326253
-0,869437	3,325600
-1,173090	3,330492
-0,944568	3,330492
-1,379699	3,331144
-0,675350	3,334079
-1,060394	3,334079
-1,029090	3,334731
-0,575176	3,337666
-0,900742	3,338318
-1,104220	3,340600
-0,831872	3,342231
-1,235699	3,340274
-0,622133	3,343861
-0,885090	3,345492
-0,412393	3,346796
-0,665959	3,350383
-0,985264	3,349731
-1,066655	3,352666
-0,913264	3,353318
-1,423525	3,353318
-1,035351	3,356905
-0,950829	3,357557
-0,853785	3,360166
-0,797437	3,361470
-0,900742	3,361144
-1,038481	3,364405
-1,101090	3,365057
-0,462480	3,367340
-0,875698	3,368644
-1,489265	3,368318
-1,135525	3,372231
-1,401612	3,372557
-0,590828	3,375492
-1,138655	3,375818
-0,828742	3,377774
-1,173090	3,378100
-0,957090	3,379731
-0,377958	3,382014
-1,022829	3,383318
-0,631524	3,384622
-1,182482	3,385927
-1,082307	3,387883
-1,148047	3,388535
-1,210655	3,389514
-0,860046	3,392774
-0,797437	3,392448
-0,759872	3,395709
-0,763002	3,395709
-0,847524	3,397666
-1,079177	3,398318
-0,712915	3,400927
-0,756742	3,401253
-0,475002	3,404514
-0,991525	3,404187
-0,597089	3,406796
-0,584567	3,407448
-0,863177	3,409405
-0,897611	3,411035
-1,141786	3,412340
-0,878829	3,414296
-0,763002	3,414622
-1,107351	3,417557
-1,041612	3,416579
-0,916394	3,421796
-1,097960	3,419840
-0,875698	3,423427
-1,270134	3,423427
-0,925785	3,427340
-0,891351	3,427014
-0,681611	3,429622
-0,731698	3,429622
-0,659698	3,430927
-0,875698	3,432557
-0,825611	3,434840
-0,941438	3,435166
-0,919524	3,437775
-0,966481	3,437775
-0,446828	3,440709
-0,606480	3,440709
-0,769263	3,443970
-1,429786	3,443970
-1,097960	3,446579
-0,835003	3,446253
-0,665959	3,448861
-0,700394	3,449840
-0,903872	3,452448
-0,856916	3,451796
-1,029090	3,455383
-0,687872	3,455709
-0,700394	3,457666
-0,816220	3,458970
-0,340393	3,460927
-0,825611	3,461905
-0,603350	3,463535
-0,953959	3,465818
-1,226308	3,466470
-0,719176	3,468101
-1,032220	3,468427
-1,113612	3,471362
-1,191873	3,472014
-0,953959	3,474622
-1,097960	3,474296
-1,310830	3,477231
-0,568915	3,477883
-0,953959	3,480166
-0,866307	3,481796
-0,903872	3,481796
-0,500045	3,484405
-0,944568	3,484731
-0,647176	3,488318
-1,085438	3,487992
-0,484393	3,490601
-0,518828	3,491579
-0,180740	3,492231
-0,521958	3,495166
-0,709785	3,495492
-0,349784	3,498101
-0,484393	3,498101
-0,449958	3,500057
-0,831872	3,501688
-0,697263	3,502666
-0,612741	3,505601
-0,953959	3,505275
-0,534480	3,508209
-0,478132	3,507883
-0,963351	3,510818
-1,047873	3,511470
-0,881959	3,513101
-0,753611	3,515709
0,091608	3,515057
-0,681611	3,518318
-0,781785	3,518970
-0,747350	3,520275
-0,825611	3,522231
-0,612741	3,522231
-0,897611	3,525166
-0,550132	3,526144
-0,734828	3,527775
-0,377958	3,530709
-0,775524	3,529731
-0,669089	3,532340
-0,265262	3,534296
-0,334132	3,534949
-0,800568	3,536579
-0,800568	3,538536
-0,393610	3,539514
-0,437437	3,542449
-0,625263	3,542775
-0,869437	3,543101
-0,559524	3,546036
-0,913264	3,545709
-0,290306	3,547340
-0,656567	3,550275
-0,493785	3,551253
-0,562654	3,551905
-0,788046	3,554840
-0,741089	3,555818
-0,384219	3,556470
-1,025959	3,559405
-0,593959	3,560383
-0,647176	3,560383
-0,277784	3,563318
-0,431176	3,564623
-0,703524	3,564623
-0,318480	3,567883
-0,775524	3,568862
-0,415524	3,569840
-0,547002	3,571144
-0,543872	3,574079
-0,806829	3,574405
-0,506306	3,576362
-0,102479	3,578970
-0,844394	3,578970
-0,766133	3,579623
-0,831872	3,582883
-0,521958	3,584188
-0,856916	3,584188
-0,465611	3,586797
-0,825611	3,588427
-0,747350	3,589405
-0,487524	3,590383
-0,512567	3,592340
-0,647176	3,594297
-0,365436	3,595601
-0,393610	3,595927
-0,302828	3,598210
-1,113612	3,601144
-0,202654	3,600492
-0,312219	3,601797
-0,371697	3,604731
-0,665959	3,607014
-0,443697	3,606362
-0,853785	3,608318
-0,615872	3,610275
0,235608	3,612231
-0,637785	3,612231
-0,096219	3,613862
-0,183871	3,616797
-0,399871	3,618753
-0,440567	3,618753
-0,835003	3,618753
-0,490654	3,622014
-0,997785	3,623644
-0,709785	3,625275
-0,625263	3,625275
-0,559524	3,626905
-0,631524	3,629514
-0,356045	3,631797
-0,572046	3,632449
-0,897611	3,633101
-0,403002	3,634405
-0,684741	3,635710
-0,431176	3,638318
-1,104220	3,639297
-0,099349	3,640275
0,176130	3,641253
-0,600220	3,642884
-0,475002	3,645818
-0,791176	3,646471
-0,647176	3,647123
-1,010307	3,649731
-0,916394	3,651362
-0,709785	3,653318
-0,841263	3,654623
-0,352915	3,654949
-0,703524	3,656579
-0,459350	3,658210
-0,515698	3,660818
-0,597089	3,661471
-0,399871	3,662775
-0,215175	3,663101
-0,377958	3,665384
-0,255871	3,667666
-1,072916	3,669297
-0,525089	3,670275
-0,293436	3,670927
-0,296567	3,671579
-0,562654	3,673536
-0,875698	3,677449
-0,819350	3,678427
-0,440567	3,679079
-0,856916	3,680058
-0,753611	3,682014
-0,863177	3,682014
-0,409263	3,685601
-0,384219	3,686905
-1,132394	3,686905
-0,806829	3,689514
-0,365436	3,689840
-0,809959	3,691797
-0,803698	3,691471
-0,963351	3,694405
-0,753611	3,697666
-0,881959	3,698971
-0,650307	3,698971
-0,556393	3,699949
-0,784916	3,701253
-0,775524	3,703536
-0,697263	3,704188
-1,047873	3,705492
-0,709785	3,708427
-0,525089	3,709405
-0,631524	3,710384
-0,625263	3,711362
-0,628393	3,712992
-0,468741	3,714297
-0,515698	3,717558
-0,634654	3,719188
-0,985264	3,719840
-0,581437	3,721145
-1,010307	3,722775
-0,825611	3,722449
-1,060394	3,724732
-0,966481	3,727014
-0,875698	3,728971
-0,687872	3,729623
-0,719176	3,731579
-1,029090	3,732884
-0,922655	3,733862
-0,891351	3,735166
-0,741089	3,736145
-0,913264	3,738427
-1,041612	3,738753
-1,035351	3,740384
-0,841263	3,742666
-0,878829	3,745601
-0,600220	3,747232
-1,182482	3,747884
-0,587698	3,749514
-1,407873	3,751145
-0,907003	3,751145
-0,925785	3,752775
-0,825611	3,755058
-0,791176	3,755384
-0,700394	3,757666
-0,562654	3,758319
-1,032220	3,760275
-0,797437	3,761579
-0,935177	3,762884
-1,022829	3,764188
-1,016568	3,766145
-0,916394	3,768101
-0,675350	3,768753
-1,076047	3,771362
-1,285786	3,771688
-1,085438	3,773645
-1,198134	3,774949
-1,335873	3,776579
-0,881959	3,777558
-1,135525	3,779188
-0,716046	3,780493
-0,403002	3,781797
-0,957090	3,783753
-0,547002	3,784406
-1,091699	3,786036
-1,007177	3,788319
-0,559524	3,789623
-1,179351	3,790275
-0,750481	3,791906
-0,687872	3,794188
-1,126134	3,794840
-1,154308	3,796145
-0,900742	3,798753
-0,390480	3,800058
-0,853785	3,800710
-0,979003	3,803319
-0,891351	3,805275
-1,307699	3,805601
-1,320221	3,807884
-1,473612	3,809514
-1,135525	3,810493
-0,706655	3,812775
-0,835003	3,814406
-1,004046	3,815710
-1,069786	3,817014
-1,069786	3,818319
-1,047873	3,819297
-0,938307	3,821253
-1,113612	3,823536
-0,534480	3,824840
-1,085438	3,826145
-0,324741	3,827123
-0,885090	3,828101
-0,471871	3,829732
-0,750481	3,830710
-0,888220	3,832014
-0,484393	3,833319
-1,310830	3,834623
-0,697263	3,835601
-1,094829	3,837884
-0,847524	3,839188
-0,800568	3,840819
-0,465611	3,843754
-0,597089	3,845384
-0,900742	3,847341
-1,032220	3,847993
-1,132394	3,848645
-1,157438	3,849623
-0,878829	3,851254
-1,317090	3,852558
-0,806829	3,853210
-0,972742	3,855493
-0,897611	3,856145
-0,816220	3,858754
-1,126134	3,860384
-1,267003	3,862667
-0,969612	3,864297
-1,182482	3,865601
-0,747350	3,866580
-0,838133	3,868536
-1,354656	3,868862
-0,935177	3,869841
-0,534480	3,871145
-0,656567	3,873101
-0,731698	3,873754
-0,975872	3,875710
-0,825611	3,877341
-1,010307	3,879297
-0,781785	3,880928
-0,716046	3,883536
-1,082307	3,884188
-0,562654	3,885819
-0,972742	3,887449
-0,622133	3,888101
-0,744220	3,889732
-0,847524	3,890058
-1,404743	3,892341
-1,182482	3,894297
-0,803698	3,895928
-0,957090	3,898536
-0,844394	3,899188
-1,013438	3,900167
-0,709785	3,900819
-0,622133	3,902123
-1,135525	3,903101
-1,182482	3,905058
-1,110481	3,907667
-0,919524	3,909623
-0,703524	3,910601
-1,066655	3,910601
-1,135525	3,911906
-1,407873	3,913536
-0,900742	3,916145
-0,841263	3,918428
-1,025959	3,919406
-1,029090	3,920384
-0,922655	3,920710
-0,907003	3,922667
-0,775524	3,924623
-0,953959	3,926906
-0,866307	3,928210
-1,229438	3,929515
-0,822481	3,930493
-1,379699	3,931797
-1,442308	3,933428
-1,007177	3,935710
-1,151177	3,936689
-0,938307	3,936036
-0,935177	3,938319
-0,509437	3,940928
-1,138655	3,943210
-1,520569	3,944189
-1,097960	3,944515
-0,960220	3,945819
-0,803698	3,948754
-0,700394	3,951036
-1,041612	3,951689
-0,728568	3,951362
-1,173090	3,953971
-1,091699	3,955928
-0,891351	3,957884
-1,126134	3,957558
-1,041612	3,959189
-1,010307	3,961471
-0,913264	3,963102
-1,126134	3,963754
-0,716046	3,964406
-0,966481	3,967341
-1,032220	3,969297
-0,763002	3,970602
-0,797437	3,971580
-0,612741	3,972232
-0,891351	3,975167
-1,038481	3,976797
-1,191873	3,978428
-0,878829	3,978428
-0,747350	3,980384
-0,988394	3,983319
-0,775524	3,982993
-1,226308	3,983971
-0,935177	3,987232
-0,856916	3,988210
-1,116742	3,988863
-0,368567	3,990167
-1,138655	3,992449
-0,806829	3,993754
-1,351525	3,994080
-1,292047	3,996036
-1,148047	3,998971
-1,038481	3,999297
-0,913264	3,999297
-1,157438	4,002884
-1,442308	4,004841
-0,612741	4,005167
-0,916394	4,006145
-0,841263	4,008754
-1,157438	4,009080
-0,578306	4,010058
-0,725437	4,012341
-0,603350	4,014297
-0,935177	4,014623
-0,766133	4,017232
-0,803698	4,018536
-0,459350	4,019189
-0,731698	4,021145
-0,788046	4,023102
-0,590828	4,023754
-0,841263	4,025384
-0,500045	4,028319
-0,772394	4,027993
-1,076047	4,028971
-0,809959	4,032558
-0,559524	4,032232
-0,894481	4,033863
-1,179351	4,037450
-0,706655	4,036145
-0,628393	4,039080
-0,891351	4,040710
-0,953959	4,041363
-0,465611	4,043971
-0,496915	4,044950
-0,537611	4,045276
-0,637785	4,047884
-0,575176	4,048863
-0,863177	4,050493
-0,318480	4,053102
-0,609611	4,052776
-0,781785	4,055710
-0,769263	4,056689
-0,359176	4,058319
-0,640915	4,059624
-0,763002	4,060602
-0,913264	4,062884
-0,619002	4,063537
-1,254482	4,064515
-0,828742	4,067450
-0,712915	4,067450
-0,531350	4,071363
-0,825611	4,071363
-0,597089	4,072667
-0,612741	4,074624
-1,223177	4,074624
-1,360917	4,078211
-1,041612	4,077884
-1,179351	4,080819
-0,631524	4,081797
-1,148047	4,082124
-0,825611	4,084406
-0,487524	4,085711
-0,403002	4,087667
-1,307699	4,088645
-1,013438	4,091580
-0,712915	4,090276
-0,975872	4,094189
-1,401612	4,093537
-1,173090	4,095819
-1,204395	4,097450
-1,019699	4,099080
-0,972742	4,100711
-0,891351	4,101363
-0,719176	4,104624
-0,274654	4,104950
-1,182482	4,106906
-0,728568	4,106906
-0,487524	4,109841
-0,700394	4,110819
-0,603350	4,112450
-0,897611	4,112450
-1,126134	4,115058
-0,850655	4,116037
-0,847524	4,119298
-1,270134	4,118645
-0,697263	4,121580
-1,110481	4,121254
-0,950829	4,124515
-0,985264	4,125167
-1,097960	4,127776
-0,647176	4,128428
-0,697263	4,130385
-0,850655	4,130385
-0,881959	4,133319
-1,207525	4,133971
-1,342134	4,135928
-0,928916	4,136906
-0,590828	4,137885
-1,032220	4,140493
-0,950829	4,140167
-1,132394	4,143754
-0,947698	4,143428
-1,191873	4,146689
-0,966481	4,146689
-1,254482	4,149624
-1,141786	4,149624
-0,888220	4,151254
-0,975872	4,153537
-0,778655	4,153211
-0,991525	4,157124
-0,684741	4,156798
-0,875698	4,160058
-0,897611	4,160058
-0,625263	4,161363
-0,850655	4,163645
-1,226308	4,163645
-0,872568	4,167232
-1,063525	4,167232
-0,831872	4,169515
-1,057264	4,170493
-0,590828	4,171472
-0,697263	4,173754
-0,844394	4,174080
-0,506306	4,177015
-0,788046	4,178645
-1,047873	4,180276
-0,825611	4,181254
-0,628393	4,181906
-0,706655	4,184841
-0,784916	4,185167
-1,107351	4,186472
-0,925785	4,189406
-0,994655	4,188102
-1,348395	4,192015
-1,060394	4,192667
-0,872568	4,193319
-1,104220	4,196906
-1,029090	4,196254
-1,426656	4,198211
-0,969612	4,201146
-1,420395	4,201798
-1,101090	4,203102
-1,035351	4,205059
-0,885090	4,204406
-0,950829	4,207667
-0,982133	4,208972
-0,925785	4,209624
-1,207525	4,212559
-1,082307	4,213211
-1,633265	4,214515
-1,332743	4,216798
-0,928916	4,216798
-1,201264	4,218754
-1,288916	4,221363
-1,332743	4,222667
-0,650307	4,221689
-0,706655	4,225602
-1,141786	4,225602
-0,891351	4,226580
-0,960220	4,230167
-0,913264	4,231472
-0,791176	4,231472
-0,922655	4,233754
-0,578306	4,234406
-0,656567	4,235385
-0,781785	4,237667
-1,279525	4,240928
-1,148047	4,240276
-1,241960	4,241580
-1,313960	4,244841
-0,925785	4,245820
-0,831872	4,245820
-0,719176	4,249406
-0,982133	4,249733
-0,947698	4,250059
-0,935177	4,252667
-0,475002	4,253972
-0,665959	4,256254
-1,201264	4,255602
-1,038481	4,258537
-1,016568	4,260493
-1,141786	4,261146
-1,304569	4,262450
-0,800568	4,264407
-1,041612	4,267015
-1,257612	4,267341
-1,013438	4,268320
-0,819350	4,270928
-0,565785	4,272233
-0,672220	4,273537
-1,229438	4,273863
-1,508047	4,276146
-1,198134	4,278102
-1,088568	4,278754
-1,032220	4,280059
-0,481263	4,281689
-1,182482	4,284624
-0,731698	4,285276
-0,935177	4,286254
-1,392221	4,287233
-1,229438	4,288537
-1,276395	4,292124
-1,360917	4,292450
-1,220047	4,292450
-1,245090	4,293754
-1,129264	4,297015
-0,881959	4,298972
-0,709785	4,299624
-1,085438	4,300928
-0,991525	4,301254
-1,279525	4,303863
-1,426656	4,306146
-1,094829	4,307776
-0,700394	4,308102
-1,226308	4,309081
-0,750481	4,310711
-1,226308	4,312994
-1,104220	4,315276
-0,788046	4,315928
-0,662828	4,316581
-0,881959	4,317559
-1,097960	4,319841
-1,498656	4,322124
-1,076047	4,323428
-1,051003	4,323754
-1,163699	4,324733
-1,151177	4,327015
-0,775524	4,329298
-0,872568	4,330928
-1,166829	4,332559
-0,503176	4,332885
-1,188742	4,333863
-1,555004	4,335168
-1,044742	4,337450
-1,010307	4,339407
-1,298308	4,341689
-1,351525	4,342668
-0,957090	4,343646
-1,094829	4,344298
-1,248221	4,345928
-0,991525	4,346907
-1,245090	4,349189
-0,797437	4,350494
-1,119873	4,352450
-1,307699	4,353755
-1,395351	4,355711
-0,781785	4,358646
-1,166829	4,358320
-1,373438	4,358972
-0,903872	4,360276
-0,994655	4,362233
-0,662828	4,362885
-0,734828	4,364841
-0,903872	4,366146
-0,975872	4,369081
-1,163699	4,370385
-1,279525	4,371363
-0,838133	4,372342
-1,276395	4,372994
-1,129264	4,374298
-1,204395	4,375928
-0,950829	4,377559
-1,182482	4,379842
-1,079177	4,381798
-0,547002	4,382776
-0,891351	4,385711
-0,916394	4,386363
-1,342134	4,387994
-1,439178	4,389624
-0,741089	4,390929
-1,260743	4,392233
-1,025959	4,393537
-1,445439	4,394842
-1,163699	4,395494
-1,498656	4,397124
-1,364047	4,398429
-1,163699	4,399407
-0,966481	4,401363
-1,216916	4,402668
-0,712915	4,404624
-0,850655	4,406907
-1,057264	4,408537
-0,891351	4,410494
-0,709785	4,411146
-0,587698	4,413429
-1,010307	4,414733
-1,370308	4,416037
-1,054133	4,417016
-0,835003	4,417668
-0,969612	4,418646
-0,935177	4,420276
-0,709785	4,421255
-0,650307	4,423537
-0,590828	4,424842
-0,578306	4,426472
-0,665959	4,427776
-0,587698	4,429733
-0,637785	4,430059
-0,302828	4,432016
-0,869437	4,433646
-0,672220	4,434624
-1,245090	4,436581
-1,163699	4,437885
-0,935177	4,439516
-0,831872	4,441146
-0,794307	4,442776
-0,772394	4,444733
-0,982133	4,446363
-0,468741	4,447668
-0,647176	4,448646
-0,838133	4,449950
-0,903872	4,451581
-0,769263	4,453211
-0,794307	4,454842
-0,356045	4,456472
-0,932046	4,457450
-0,509437	4,458429
-0,653437	4,459407
-0,741089	4,461037
-0,825611	4,462668
-0,656567	4,464624
-0,975872	4,465603
-0,728568	4,467559
-0,637785	4,468863
-1,107351	4,470820
-0,684741	4,472450
-0,506306	4,473429
-0,421784	4,476037
-0,565785	4,477016
-0,703524	4,479298
-0,731698	4,479624
-1,241960	4,480603
-0,603350	4,481907
-0,556393	4,482559
-0,778655	4,483863
-0,841263	4,485820
-1,263873	4,487450
-1,417265	4,489733
-0,794307	4,492342
-0,772394	4,492994
-0,872568	4,492994
-1,019699	4,494624
-0,841263	4,496255
-1,051003	4,498211
-0,747350	4,500168
-1,091699	4,502777
-0,703524	4,502124
-0,797437	4,505059
-0,910133	4,506037
-1,082307	4,505711
-0,888220	4,507994
-1,054133	4,509624
-1,032220	4,512885
-1,051003	4,513537
-0,769263	4,514842
-1,536221	4,515168
-0,681611	4,516798
-0,803698	4,519407
-0,791176	4,521037
-0,775524	4,522994
-1,360917	4,522668
-1,154308	4,524298
-0,982133	4,525603
-0,831872	4,529190
-1,141786	4,529842
-0,916394	4,530494
-0,816220	4,531472
-0,797437	4,532777
-1,104220	4,536037
-0,819350	4,537668
-1,016568	4,537668
-0,903872	4,538972
-0,791176	4,539624
-1,129264	4,542885
-1,013438	4,544842
-0,903872	4,545168
-0,975872	4,546146
-0,750481	4,547451
-0,982133	4,549733
-0,938307	4,552668
-1,173090	4,552668
-1,025959	4,553320
-0,437437	4,555277
-1,307699	4,557885
-0,850655	4,559516
-1,019699	4,558864
-1,123003	4,560494
-1,057264	4,564081
-1,151177	4,565059
-0,913264	4,565385
-0,819350	4,567342
-0,891351	4,569624
-0,722307	4,570277
-1,025959	4,570929
-1,088568	4,572885
-0,985264	4,575494
-1,132394	4,575494
-1,041612	4,576146
-0,844394	4,580385
-0,963351	4,580385
-1,257612	4,580711
-1,060394	4,583320
-1,010307	4,584951
-1,229438	4,585277
-1,195003	4,586907
-0,872568	4,589842
-1,282656	4,589842
-1,260743	4,591472
-1,348395	4,594081
-1,176221	4,594081
-0,897611	4,595712
-0,631524	4,599298
-1,069786	4,598972
-0,575176	4,600603
-0,747350	4,603864
-0,712915	4,603538
-0,947698	4,604842
-1,079177	4,607777
-1,342134	4,607125
-0,781785	4,609733
-1,138655	4,611690
-0,568915	4,612016
-1,097960	4,614298
-1,088568	4,616581
-0,941438	4,615929
-1,198134	4,618864
-1,204395	4,619842
-1,069786	4,620820
-1,173090	4,623755
-0,891351	4,624407
-0,916394	4,625712
-1,323351	4,627668
-0,809959	4,627994
-1,088568	4,629951
-1,123003	4,632559
-1,179351	4,631581
-1,007177	4,635168
-1,010307	4,636799
-0,575176	4,637451
-1,348395	4,640059
-0,963351	4,640059
-0,979003	4,642342
-1,442308	4,644299
-0,903872	4,643972
-1,041612	4,647233
-1,144916	4,648212
-0,500045	4,649190
-1,126134	4,651472
-1,555004	4,650820
-1,041612	4,653429
-0,979003	4,654733
-0,941438	4,656690
-1,038481	4,658320
-0,972742	4,658972
-1,000916	4,661907
-0,900742	4,661907
-1,076047	4,664190
-1,116742	4,665820
-1,047873	4,666146
-0,872568	4,668755
-1,279525	4,669733
-1,260743	4,671038
-1,029090	4,672342
-1,392221	4,673646
-0,681611	4,676581
-1,592569	4,676581
-1,163699	4,679516
-1,285786	4,679190
-0,997785	4,681799
-0,885090	4,681799
-0,806829	4,684407
-1,091699	4,685060
-1,370308	4,687668
-0,866307	4,688646
-1,010307	4,689951
-1,154308	4,691581
-0,797437	4,691581
-1,292047	4,694842
-1,166829	4,695820
-1,154308	4,698755
-1,022829	4,698429
-1,025959	4,701038
-1,004046	4,701364
-1,257612	4,704299
-0,891351	4,703973
-1,123003	4,708212
-0,960220	4,708538
-1,016568	4,711799
-1,364047	4,713429
-0,979003	4,713755
-1,586308	4,715712
-0,960220	4,716038
-0,891351	4,717994
-0,847524	4,719625
-0,697263	4,720929
-1,035351	4,723864
-1,260743	4,723212
-1,373438	4,726147
-1,357786	4,725494
-0,932046	4,728755
-1,129264	4,729407
-0,941438	4,731364
-1,063525	4,732994
-0,913264	4,733973
-0,453089	4,735929
-1,129264	4,736907
-0,975872	4,738538
-1,373438	4,739190
-1,025959	4,742125
-1,220047	4,742125
-1,251351	4,745060
-1,345264	4,745712
-1,060394	4,747342
-1,022829	4,749951
-0,953959	4,749299
-1,339004	4,752886
-0,684741	4,753538
-0,953959	4,755168
-1,191873	4,755821
-0,925785	4,756799
-0,972742	4,760060
-1,129264	4,760060
-1,191873	4,762342
-0,763002	4,762994
-1,007177	4,764625
-0,975872	4,767886
-1,348395	4,767234
-1,285786	4,769842
-1,476743	4,771147
-1,432917	4,770821
-1,310830	4,774081
-1,370308	4,774734
-1,038481	4,776364
-0,756742	4,779299
-0,885090	4,778321
-0,941438	4,781255
-0,932046	4,782560
-1,097960	4,783538
-1,022829	4,786147
-1,013438	4,786799
-1,029090	4,788103
-1,285786	4,791038
-0,988394	4,791364
-1,157438	4,792668
-1,210655	4,794299
-1,047873	4,794951
-1,113612	4,798212
-0,913264	4,798538
-0,888220	4,798864
-0,850655	4,801799
-0,547002	4,803429
-0,803698	4,804081
-1,135525	4,806364
-0,847524	4,807016
-0,891351	4,808647
-1,223177	4,811255
-1,000916	4,810277
-1,191873	4,812234
-0,756742	4,815821
-1,176221	4,815168
-1,151177	4,817777
-0,997785	4,819408
-0,775524	4,820060
-1,076047	4,822668
-0,963351	4,824299
-0,975872	4,824951
-0,694133	4,826582
-0,947698	4,827886
-1,060394	4,828538
-0,947698	4,830821
-1,360917	4,832451
-0,872568	4,833103
-0,853785	4,834082
-0,844394	4,837016
-0,982133	4,837995
-1,323351	4,837995
-0,766133	4,841255
-1,110481	4,843538
-0,925785	4,843538
-1,113612	4,844190
-1,094829	4,847777
-0,963351	4,848755
-1,229438	4,848103
-1,004046	4,851364
-0,694133	4,854625
-0,831872	4,854299
-1,195003	4,854299
-0,665959	4,855929
-1,044742	4,858538
-0,910133	4,860495
-1,091699	4,861473
-0,941438	4,861799
-1,339004	4,864408
-0,932046	4,865712
-0,866307	4,867995
-0,831872	4,868321
-0,712915	4,870603
-0,615872	4,871582
-0,953959	4,873212
-0,982133	4,874842
-1,504917	4,877125
-1,483004	4,877451
-1,342134	4,878103
-1,223177	4,879734
-0,938307	4,882016
-0,559524	4,883321
-1,082307	4,884951
-1,173090	4,886908
-0,788046	4,887886
-0,706655	4,888538
-1,332743	4,888864
-1,301438	4,891799
-1,054133	4,893756
-0,763002	4,895712
-1,119873	4,896038
-0,916394	4,897016
-1,135525	4,898321
-1,119873	4,899951
-1,354656	4,902234
-1,047873	4,903538
-1,223177	4,906147
-0,565785	4,907777
-0,957090	4,908103
-1,232569	4,909082
-1,104220	4,910712
-1,104220	4,910386
-0,784916	4,912669
-1,592569	4,914951
-1,101090	4,916908
-0,910133	4,918864
-1,044742	4,919190
-1,401612	4,922125
-1,508047	4,923103
-1,442308	4,924408
-1,148047	4,926038
-1,116742	4,926364
-0,669089	4,928321
-0,716046	4,928973
-0,975872	4,931256
-1,432917	4,932234
-1,022829	4,933864
-1,282656	4,935169
-1,198134	4,936473
-1,082307	4,938430
-1,370308	4,940060
-1,223177	4,940712
-0,725437	4,942995
-1,054133	4,944951
-0,797437	4,945277
-1,000916	4,948212
-1,066655	4,949517
-1,470482	4,950495
-0,825611	4,952125
-1,163699	4,954734
-0,947698	4,956038
-0,725437	4,956690
-1,010307	4,958321
-0,634654	4,959951
-1,019699	4,961582
-1,148047	4,961908
-0,669089	4,964190
-0,932046	4,964843
-0,941438	4,965495
-1,072916	4,966473
-0,835003	4,968756
-1,198134	4,970386
-0,675350	4,972343
-1,273264	4,974299
-0,750481	4,975930
-1,439178	4,977886
-0,925785	4,979843
-0,997785	4,980821
-1,454830	4,982125
-0,769263	4,982451
-1,411004	4,984408
-1,442308	4,985060
-0,907003	4,986364
-0,941438	4,987995
-0,863177	4,989951
-0,612741	4,992234
-1,035351	4,993864
-1,273264	4,994843
-0,825611	4,997125
-1,313960	4,997451
-1,107351	4,997451
-1,201264	4,999082
-0,853785	5,001691
-0,925785	5,003321
-1,273264	5,006256
-0,443697	5,007234
-0,975872	5,008864
-1,016568	5,010495
-0,975872	5,009843
-0,816220	5,011473
-1,129264	5,012778
-1,295177	5,015060
-1,257612	5,016364
-1,091699	5,018647
-1,288916	5,020278
-0,669089	5,021582
-1,229438	5,021256
-1,116742	5,022886
-0,809959	5,025169
-1,035351	5,027125
-1,116742	5,029082
-0,822481	5,030712
-1,251351	5,031365
-1,245090	5,031691
-0,944568	5,032343
-1,241960	5,034951
-1,035351	5,037886
-0,800568	5,039191
-0,869437	5,040495
-0,675350	5,041799
-1,235699	5,041799
-1,057264	5,043430
-1,051003	5,045386
-1,129264	5,047995
-1,107351	5,049952
-1,241960	5,049952
-0,875698	5,050278
-0,950829	5,052234
-1,066655	5,054843
-0,822481	5,056473
-0,860046	5,057452
-0,900742	5,058430
-1,351525	5,060060
-1,555004	5,062669
-0,496915	5,063321
-0,979003	5,063321
-1,339004	5,066256
-0,881959	5,068212
-0,966481	5,068538
-1,141786	5,069191
-1,154308	5,072452
-1,035351	5,074408
-0,716046	5,074408
-1,339004	5,076039
-1,032220	5,079299
-1,038481	5,078321
-0,947698	5,079952
-1,179351	5,082560
-1,429786	5,084191
-0,597089	5,084517
-0,932046	5,088104
-1,210655	5,087778
-1,295177	5,089734
-1,132394	5,092017
-0,672220	5,093321
-0,468741	5,092995
-1,238829	5,095278
-0,841263	5,097234
-0,997785	5,098539
-0,928916	5,099843
-0,982133	5,102452
-1,063525	5,101799
-1,270134	5,103756
-0,691002	5,105712
-0,860046	5,106039
-0,847524	5,108321
-0,634654	5,110604
-0,806829	5,110604
-0,769263	5,113865
-0,850655	5,115169
-0,844394	5,115495
-0,622133	5,118430
-1,069786	5,119082
-0,913264	5,119408
-0,841263	5,121691
-1,301438	5,122017
-0,947698	5,125930
-1,232569	5,125278
-0,669089	5,128213
-0,518828	5,129191
-1,182482	5,129843
-0,562654	5,132778
-0,997785	5,133104
-0,806829	5,135713
-0,950829	5,135713
-1,260743	5,137995
-0,853785	5,139952
-0,747350	5,139952
-1,000916	5,142560
-0,797437	5,142560
-0,891351	5,146147
-0,725437	5,144517
-1,135525	5,148756
-1,047873	5,148756
-1,057264	5,151365
-0,982133	5,152343
-1,267003	5,153973
-0,847524	5,155278
-0,960220	5,155930
-0,994655	5,158213
-0,985264	5,159191
-0,969612	5,160821
-0,731698	5,162452
-0,866307	5,163756
-0,928916	5,165713
-0,716046	5,167017
-0,781785	5,168321
-0,791176	5,168321
-0,932046	5,171256
-0,872568	5,172560
-1,241960	5,174843
-1,041612	5,174843
-0,894481	5,178104
-0,932046	5,177452
-0,935177	5,182017
-0,803698	5,180713
-0,988394	5,183974
-1,288916	5,183647
-1,204395	5,186256
-1,047873	5,187234
-1,101090	5,189517
-1,401612	5,191147
-1,066655	5,191147
-1,057264	5,192126
-0,788046	5,193430
-1,119873	5,197343
-1,160568	5,196691
-0,822481	5,199952
-1,132394	5,200604
-0,922655	5,201256
-1,004046	5,205169
-0,941438	5,204191
-0,853785	5,207126
-0,900742	5,207452
-0,953959	5,209734
-1,047873	5,211365
-1,101090	5,211365
-0,860046	5,215604
-0,957090	5,214626
-0,553263	5,217561
-1,000916	5,219191
-1,094829	5,219843
-0,822481	5,222126
-1,113612	5,222126
-1,191873	5,224082
-0,581437	5,226365
-1,016568	5,226039
-1,013438	5,228974
-1,457960	5,230930
-1,508047	5,230604
-1,360917	5,232234
-1,110481	5,235495
-0,737959	5,235169
-1,188742	5,237452
-0,969612	5,238756
-0,806829	5,239082
-1,191873	5,241039
-0,938307	5,243648
-1,066655	5,243974
-0,844394	5,246256
-1,022829	5,248865
-1,148047	5,247561
-1,389091	5,250495
-0,731698	5,252452
-0,950829	5,253430
-1,038481	5,253756
-0,938307	5,256691
-1,013438	5,258321
-1,254482	5,259626
-0,640915	5,259626
-1,310830	5,262887
-1,241960	5,264191
-1,173090	5,264191
-1,079177	5,266474
-0,800568	5,268104
-1,148047	5,269735
-0,853785	5,270713
-0,907003	5,271691
-0,985264	5,274952
-1,201264	5,275930
-1,436047	5,276582
-0,750481	5,276582
-0,853785	5,279843
-1,185612	5,281148
-1,032220	5,282126
-0,866307	5,283104
-1,104220	5,285713
-0,913264	5,287343
-1,248221	5,289300
-1,101090	5,288974
-0,863177	5,290930
-1,085438	5,293865
-1,799178	5,295169
-0,988394	5,296474
-1,263873	5,296148
-1,088568	5,296800
-1,432917	5,300061
-1,276395	5,302017
-1,342134	5,304300
-1,235699	5,304300
-1,320221	5,305930
-0,960220	5,306582
-0,694133	5,308539
-0,825611	5,311148
-0,872568	5,312452
-1,047873	5,313104
-0,622133	5,313756
-0,609611	5,315387
-0,988394	5,318322
-0,919524	5,319626
-1,407873	5,318974
-1,088568	5,321582
-1,348395	5,323865
-1,432917	5,323865
-1,267003	5,326148
-1,091699	5,328756
-1,282656	5,330061
-0,963351	5,331691
-1,173090	5,333322
-1,144916	5,332996
-0,540741	5,333974
-1,013438	5,336582
-1,201264	5,339191
-1,185612	5,340496
-1,025959	5,341800
-0,515698	5,342452
-1,101090	5,343104
-1,000916	5,345387
-1,210655	5,348322
-1,245090	5,349952
-0,910133	5,350930
-1,076047	5,351256
-1,216916	5,352561
-1,342134	5,353539
-0,719176	5,354843
-0,941438	5,356800
-0,581437	5,358430
-0,913264	5,360713
-1,379699	5,362996
-1,191873	5,364300
-1,025959	5,365604
-0,913264	5,366256
-1,063525	5,367235
-1,263873	5,368213
-0,997785	5,370496
-0,590828	5,370822
-1,529960	5,372452
-1,232569	5,374735
-0,331002	5,376039
-1,223177	5,377017
-0,856916	5,379952
-0,490654	5,380604
-0,794307	5,382887
-0,891351	5,384191
-1,076047	5,386148
-0,471871	5,387778
-0,478132	5,389083
-0,938307	5,390387
-0,881959	5,391365
-1,072916	5,392996
-1,213786	5,393974
-1,198134	5,395604
-1,210655	5,395930
-1,113612	5,397235
-1,163699	5,399517
-1,204395	5,400170
-0,860046	5,402126
-0,991525	5,402778
-1,135525	5,408322
-0,985264	5,406691
-1,138655	5,407670
-1,016568	5,409626
-0,781785	5,410278
-0,991525	5,412561
-0,841263	5,415822
-0,697263	5,415170
-0,709785	5,417452
-0,418654	5,418757
-0,609611	5,421039
-0,910133	5,422017
-0,747350	5,423648
-1,213786	5,425278
-0,478132	5,427235
-0,374828	5,428539
-0,694133	5,429517
-0,966481	5,431474
-0,772394	5,432452
-0,662828	5,433431
-0,590828	5,435061
-1,004046	5,435713
-0,922655	5,436039
-0,897611	5,438322
-1,066655	5,440278
-0,722307	5,440931
-0,496915	5,443865
-0,750481	5,444191
-0,866307	5,446148
-0,803698	5,447452
-0,725437	5,449409
-0,907003	5,452017
-0,966481	5,453974
-0,753611	5,454300
-0,728568	5,455604
-0,985264	5,457235
-0,850655	5,458539
-1,094829	5,459191
-1,373438	5,459844
-0,628393	5,462126
-0,568915	5,463431
-0,449958	5,465713
-0,390480	5,467670
-0,903872	5,469952
-0,459350	5,469952
-0,885090	5,470931
-1,148047	5,472235
-0,953959	5,473865
-0,593959	5,476148
-0,356045	5,478431
-0,593959	5,479083
-0,669089	5,480713
-0,938307	5,481365
-1,010307	5,482670
-0,756742	5,484300
-0,806829	5,486583
-1,176221	5,488213
-1,220047	5,488865
-0,947698	5,489844
-0,828742	5,491800
-0,897611	5,494083
-0,825611	5,495713
-0,741089	5,497018
-0,928916	5,497018
-1,066655	5,498648
-0,969612	5,501583
-0,763002	5,502887
-0,813089	5,503539
-0,547002	5,504192
-0,672220	5,506148
-0,744220	5,508431
