4,148659	0,987878
5,789010	0,986900
4,095442	0,988857
2,965353	0,986574
3,162570	0,988857
3,444310	0,987226
2,714917	0,987226
3,021700	0,987878
4,107963	0,986900
4,117355	0,988857
4,280138	1,001900
3,876311	1,016248
3,353527	1,031900
3,550745	1,044292
3,957702	1,060596
4,026572	1,072661
2,417525	1,088313
2,774396	1,102661
4,467964	1,115705
5,081531	1,131031
3,841876	1,143748
3,970224	1,159401
3,294049	1,173422
3,976485	1,188096
7,441883	1,201792
6,825186	1,215162
6,346229	1,230488
1,731959	1,245488
2,934048	1,258531
4,868661	1,273531
4,126746	1,288205
5,303792	1,300923
5,961184	1,316249
5,184835	1,331249
3,469354	1,345270
3,243962	1,358966
4,258225	1,373966
6,944143	1,387662
13,446068	1,400705
12,757371	1,415705
9,054060	1,431032
2,345525	1,446032
1,731959	1,459075
4,471095	1,473749
13,921895	1,488097
35,716024	1,501793
34,805066	1,515488
25,413743	1,530814
5,832836	1,545814
-4,034313	1,558532
1,872829	1,573858
9,573713	1,588532
21,278431	1,600923
20,671126	1,616575
16,113204	1,631249
6,296142	1,643641
-1,035351	1,658641
2,946570	1,674619
8,819277	1,687010
17,769207	1,701032
17,265206	1,717010
13,627634	1,730706
5,544836	1,745054
0,930566	1,760054
4,402225	1,772119
17,725381	1,788750
48,222135	1,801793
47,633612	1,815815
35,844372	1,831793
14,281896	1,843858
-8,285452	1,859837
-0,982133	1,871576
3,525701	1,888532
4,655791	1,900924
3,841876	1,915924
4,524312	1,928967
3,848137	1,944946
3,688484	1,958315
4,164311	1,973315
4,956313	1,986685
5,197357	2,002011
4,818573	2,014728
5,363270	2,030054
3,866919	2,045054
1,738220	2,057446
3,832485	2,073098
3,917007	2,086794
3,450571	2,099837
3,807441	2,115815
3,804311	2,130489
4,305181	2,142881
4,032833	2,157555
3,378571	2,173207
4,223790	2,186903
4,843617	2,199620
4,092311	2,214946
3,710397	2,230272
3,557006	2,244294
3,613354	2,258642
4,051615	2,272011
3,876311	2,285707
3,557006	2,299729
3,315962	2,314729
2,896483	2,328098
3,641528	2,343425
3,785528	2,358099
3,259614	2,371794
3,491267	2,386142
4,549356	2,400490
4,693356	2,414186
4,054746	2,426903
4,039094	2,443533
3,143788	2,457229
4,098572	2,471251
3,635267	2,486251
4,226920	2,501903
4,477355	2,514621
4,455442	2,527664
4,067268	2,543642
4,646399	2,558316
4,048485	2,571686
5,322574	2,585055
6,678055	2,600708
7,776840	2,615708
7,967797	2,627773
7,297883	2,644077
5,043965	2,657447
2,818222	2,670490
4,211268	2,687447
5,835967	2,698534
9,266930	2,715164
9,160495	2,728208
8,080493	2,744186
6,217881	2,757230
4,386573	2,772230
6,959795	2,784295
33,437063	2,801578
73,353314	2,812991
70,272960	2,828969
54,007190	2,843969
30,341057	2,856686
-15,019030	2,871360
-5,493098	2,886034
4,740312	2,900382
7,895797	2,913100
7,466926	2,929078
7,106926	2,943426
6,211620	2,957447
2,502047	2,971469
2,686743	2,985165
4,089181	2,998861
5,397705	3,014839
4,480486	3,028208
4,687095	3,043535
4,586921	3,058209
3,516310	3,072556
3,707267	3,086904
3,870050	3,101252
4,010920	3,113970
3,732311	3,129622
4,107963	3,142665
4,730921	3,156361
3,284658	3,170057
4,267616	3,184731
3,416136	3,200383
5,141009	3,214731
6,853360	3,228100
6,377533	3,242448
5,898576	3,257774
3,228310	3,271144
3,347266	3,284839
3,209527	3,299839
3,497527	3,313209
4,774747	3,327883
4,477355	3,342883
4,327094	3,355600
4,173703	3,371253
3,578919	3,383644
3,422397	3,399948
3,594571	3,412340
3,096831	3,429622
3,419266	3,441688
3,466223	3,456688
3,438049	3,471362
3,976485	3,484079
4,975096	3,499079
3,641528	3,514079
3,485006	3,527122
4,017181	3,541144
3,951441	3,556796
4,057876	3,569840
3,544484	3,584840
4,198746	3,598862
3,682223	3,612884
3,998398	3,626253
4,311442	3,639949
3,888833	3,655927
3,707267	3,670927
3,519441	3,684623
3,650919	3,698318
4,248833	3,713971
4,668312	3,727014
4,637008	3,740384
5,000139	3,754406
3,769876	3,769406
4,205007	3,784732
4,734052	3,800058
4,010920	3,813427
4,683965	3,826797
5,804662	3,840819
5,973706	3,855819
4,633877	3,868862
3,776137	3,884841
4,001528	3,898536
3,553875	3,911906
5,000139	3,927884
6,390055	3,939623
5,879793	3,955928
5,350748	3,968971
4,677704	3,984297
3,522571	3,997341
4,248833	4,012667
8,249537	4,026036
11,307977	4,040710
10,202932	4,055058
8,953886	4,069080
5,469705	4,084406
2,536482	4,097776
4,095442	4,111798
4,611964	4,125493
6,365011	4,141145
6,170924	4,155819
5,569879	4,169841
4,574399	4,183211
2,877700	4,196580
3,666571	4,211580
4,912487	4,226254
6,258576	4,240276
7,905188	4,254624
7,373013	4,269624
6,224141	4,284624
4,308312	4,298320
4,943791	4,312667
9,000842	4,325711
34,911501	4,339407
51,139706	4,354733
44,042997	4,370059
33,026975	4,382450
1,199784	4,397776
-6,069100	4,413102
2,010568	4,424516
9,182408	4,440168
14,275635	4,453211
13,035981	4,469190
10,234236	4,482559
2,930918	4,497559
0,971262	4,510603
2,286047	4,526907
3,716658	4,538320
4,709008	4,553972
4,048485	4,568646
4,295790	4,582668
4,424138	4,595712
3,901354	4,611690
4,374051	4,626038
2,805700	4,639407
3,315962	4,652451
3,679093	4,667125
5,166052	4,682451
4,859269	4,696799
3,654050	4,711799
2,333004	4,724842
3,528832	4,739516
3,359788	4,753538
2,805700	4,767560
3,475614	4,781255
3,131266	4,795277
2,758743	4,810277
3,056135	4,825277
1,988655	4,839625
4,812313	4,854299
4,389703	4,867342
3,403614	4,881038
4,267616	4,896038
3,794919	4,908756
3,459962	4,924408
3,794919	4,939082
3,215788	4,953103
3,857528	4,967451
3,312831	4,980169
3,688484	4,996799
3,641528	5,009191
4,680834	5,022234
5,654401	5,039191
3,945181	5,052234
3,747963	5,067234
3,391092	5,082560
3,757354	5,095604
2,270395	5,108973
3,228310	5,124299
3,741702	5,139626
3,942050	5,152995
3,960833	5,167017
3,688484	5,179408
3,707267	5,193756
2,965353	5,209408
3,456832	5,222452
2,824483	5,236800
2,714917	5,252126
4,007789	5,265495
2,780657	5,280495
4,183094	5,296148
4,017181	5,309843
4,267616	5,324191
4,145529	5,337235
4,129877	5,352887
3,588310	5,366909
3,531962	5,379952
3,603962	5,394626
3,053005	5,409952
4,230051	5,422670
3,845006	5,438648
3,635267	5,451365
2,937179	5,467018
3,369179	5,479409
4,270746	5,495713
3,813702	5,508431
3,184483	5,523757
3,262744	5,538431
4,383442	5,551148
3,816832	5,565170
3,115614	5,582126
3,845006	5,595496
3,616484	5,608540
3,701006	5,623540
3,945181	5,637561
3,807441	5,652561
3,197005	5,666909
4,057876	5,681257
3,819963	5,694953
2,840135	5,708975
3,538223	5,724627
3,262744	5,737996
3,074918	5,752996
4,001528	5,766040
3,528832	5,779736
3,976485	5,793105
4,474225	5,807453
4,580660	5,822779
2,705526	5,837779
4,283268	5,850823
5,742054	5,864518
6,872143	5,880170
12,838763	5,893540
12,807458	5,908214
10,052670	5,922562
2,420656	5,935931
0,661348	5,951584
2,761874	5,965605
3,516310	5,980279
4,427268	5,993975
4,630747	6,007019
4,258225	6,023649
3,560136	6,036693
3,891963	6,049736
3,131266	6,066040
2,605352	6,080062
3,200136	6,094410
3,891963	6,107780
3,284658	6,122127
3,485006	6,136149
3,647789	6,149845
3,027961	6,164519
4,342746	6,179519
2,624134	6,193541
1,706915	6,207562
3,650919	6,221910
2,865178	6,235280
3,660310	6,249628
4,001528	6,263649
4,042224	6,278650
3,738571	6,293323
3,228310	6,307671
3,115614	6,320715
4,298920	6,336693
3,704137	6,350715
3,647789	6,363106
3,065527	6,379411
3,228310	6,392128
4,292659	6,406802
3,810572	6,422454
2,686743	6,435824
5,009530	6,448867
4,455442	6,464519
4,762226	6,477563
4,662051	6,492889
2,085699	6,506585
2,746222	6,519954
3,716658	6,535933
3,247092	6,549628
3,578919	6,562998
4,831095	6,577020
2,502047	6,593324
3,413006	6,607672
4,777878	6,621694
4,233181	6,635715
2,739961	6,650063
3,625876	6,664411
3,660310	6,677781
3,481875	6,693759
2,502047	6,707129
3,870050	6,721803
1,196653	6,735498
4,683965	6,748868
5,000139	6,762563
3,769876	6,778542
3,137527	6,792564
3,228310	6,805281
3,704137	6,820933
3,857528	6,834955
4,248833	6,847998
5,184835	6,863977
3,547615	6,877020
3,444310	6,891694
4,499269	6,906368
4,164311	6,920390
3,854398	6,934086
2,467612	6,949738
2,492656	6,962129
3,406745	6,977781
3,851267	6,991477
3,140657	7,005825
3,629006	7,019847
4,267616	7,034847
3,860659	7,048868
3,920137	7,062890
4,032833	7,076586
3,685354	7,090282
3,582049	7,105282
3,466223	7,119955
2,777526	7,134629
3,002918	7,148325
3,600832	7,162021
3,635267	7,176043
3,776137	7,190716
3,406745	7,204086
3,738571	7,219086
3,009179	7,234086
3,691615	7,248108
4,148659	7,261804
3,791789	7,275825
3,735441	7,291151
3,957702	7,304847
3,654050	7,318543
3,203266	7,333543
3,535093	7,346586
4,230051	7,362565
3,256484	7,374956
4,073529	7,390608
3,722919	7,404630
4,452312	7,419956
3,935789	7,432021
3,697876	7,448000
3,300310	7,461695
3,895093	7,475065
3,754224	7,491043
3,165701	7,505391
4,179964	7,518761
3,973354	7,532456
4,317703	7,547130
4,330225	7,562130
2,777526	7,576152
2,840135	7,590500
3,982746	7,604848
3,979615	7,619522
3,475614	7,633543
2,990396	7,647891
3,732311	7,661587
3,766745	7,675935
3,375440	7,689304
4,007789	7,702674
3,331614	7,718652
3,469354	7,734304
4,662051	7,746370
4,117355	7,758761
3,669702	7,776370
4,098572	7,789413
3,425527	7,803435
3,303440	7,817783
3,766745	7,830826
3,503788	7,846153
4,302051	7,859848
3,585180	7,873870
3,353527	7,888870
3,243962	7,903870
3,798050	7,916914
3,891963	7,932566
3,441180	7,945283
3,979615	7,959957
3,788658	7,974957
5,075270	7,987675
4,740312	8,002022
2,398743	8,017022
2,874570	8,031370
3,854398	8,047022
2,896483	8,060066
3,434919	8,073762
3,638397	8,087783
3,672832	8,102131
3,337875	8,115501
3,566397	8,130827
4,724660	8,145175
3,528832	8,159523
4,439790	8,174197
3,707267	8,188218
4,261355	8,202566
3,660310	8,216588
3,938920	8,229958
3,018570	8,243979
3,738571	8,259632
3,989007	8,273327
3,506919	8,287349
3,541354	8,302675
5,535444	8,316045
4,918748	8,331697
3,845006	8,344740
3,525701	8,359088
3,137527	8,372784
3,290918	8,388762
4,355268	8,402132
4,023442	8,416806
3,738571	8,429197
4,104833	8,443871
4,646399	8,459849
3,829354	8,473219
3,719789	8,486915
3,841876	8,500284
3,416136	8,516589
3,409875	8,531263
3,619615	8,545610
4,596312	8,559632
3,954572	8,573980
3,741702	8,588654
3,422397	8,602350
3,563267	8,616371
4,126746	8,630067
3,128135	8,644415
3,751093	8,658763
4,724660	8,671806
2,248482	8,687132
3,801180	8,702459
4,364660	8,716480
3,447440	8,730502
3,732311	8,743872
3,597702	8,758872
4,452312	8,772567
3,607093	8,786263
4,302051	8,801589
4,004659	8,814307
3,967094	8,830285
5,388314	8,843328
4,483616	8,858654
3,650919	8,871698
2,830744	8,886372
3,475614	8,901698
3,895093	8,914089
4,104833	8,930068
3,603962	8,943763
4,001528	8,957133
3,675963	8,971481
3,146918	8,987133
4,139268	9,000503
4,298920	9,015503
3,450571	9,029198
4,076659	9,043546
5,253705	9,056916
4,467964	9,071264
4,480486	9,085611
3,741702	9,100285
3,535093	9,114633
4,336486	9,128981
3,826224	9,143981
3,337875	9,157677
4,129877	9,171372
4,248833	9,185394
2,990396	9,200068
3,491267	9,214416
3,938920	9,228112
4,349007	9,242786
4,111094	9,257460
4,467964	9,272134
4,781008	9,284199
3,785528	9,299525
3,857528	9,314199
3,588310	9,327894
3,819963	9,342568
3,663441	9,356590
4,148659	9,370938
4,064137	9,385612
3,629006	9,398655
3,735441	9,415612
4,223790	9,428982
3,913876	9,441373
3,585180	9,455721
4,151790	9,472025
4,461703	9,486047
3,215788	9,499090
3,791789	9,512134
4,292659	9,526808
3,829354	9,542134
3,854398	9,557134
4,086050	9,571156
2,824483	9,585504
3,951441	9,599199
3,951441	9,613221
4,298920	9,626917
4,126746	9,640286
3,804311	9,656265
3,513180	9,669960
3,976485	9,685286
2,811961	9,698656
3,557006	9,711700
3,685354	9,727026
4,342746	9,742352
4,339616	9,755395
4,039094	9,770395
3,466223	9,785069
3,453701	9,798765
3,406745	9,812787
4,511790	9,826482
4,762226	9,841809
4,195616	9,855830
3,181353	9,870178
3,967094	9,885178
4,198746	9,897243
4,129877	9,911917
4,233181	9,926265
4,148659	9,940939
3,622745	9,954309
3,616484	9,968004
3,328484	9,983657
3,331614	9,997678
3,021700	10,012352
2,849526	10,027352
3,538223	10,040396
4,796660	10,054092
4,308312	10,068765
4,421008	10,083439
3,625876	10,097135
4,417877	10,111157
3,741702	10,126809
4,283268	10,142135
3,798050	10,155505
3,250223	10,168222
4,208138	10,181592
4,777878	10,197896
3,882572	10,211592
3,982746	0,989183
3,434919	0,987226
3,378571	0,987878
4,433529	0,988531
3,810572	0,988531
2,896483	0,985596
3,932659	0,986900
4,759095	0,989183
3,672832	0,988857
4,251964	0,987878
4,151790	0,986574
3,406745	0,985922
3,350397	0,986574
4,117355	0,988531
3,895093	0,988531
3,178223	0,988857
3,845006	0,988205
3,359788	0,988857
3,197005	0,987878
2,179612	0,986574
3,466223	0,987226
3,334745	0,986574
2,940309	0,986900
3,870050	0,987226
2,949700	0,986900
3,284658	0,985922
3,810572	0,986900
2,943439	0,985922
3,647789	0,985922
3,910746	0,986248
3,074918	0,986574
4,508660	0,986900
4,461703	0,987878
3,209527	0,987226
2,414395	0,989183
2,273525	0,987878
