0,614392	0,987878
0,958740	0,988205
-0,077436	0,987226
0,673870	0,987226
0,432826	0,986574
0,295087	0,986574
0,799088	0,986574
0,473522	0,986574
0,389000	0,987878
0,958740	0,991139
0,677000	0,991139
0,711435	0,994074
0,821001	0,995052
0,495435	0,997335
0,867957	0,997987
0,595609	0,998965
1,011957	1,002226
0,795957	1,001574
0,846044	1,004509
0,564304	1,004835
0,758392	1,007770
0,376478	1,007444
0,899262	1,009726
0,758392	1,010379
0,655087	1,012987
0,461000	1,014292
0,467261	1,016248
0,410913	1,017226
0,977523	1,017879
0,661348	1,019835
0,852305	1,021792
0,517348	1,023422
0,583087	1,024726
0,554913	1,026031
0,511087	1,025379
0,586218	1,030270
0,295087	1,030270
0,454739	1,031574
0,367087	1,033205
0,705174	1,035161
0,429696	1,035487
0,545522	1,038422
-0,030479	1,040053
0,273173	1,040705
0,648826	1,041683
0,677000	1,043639
0,745870	1,044944
0,401522	1,046574
0,736479	1,046574
0,423435	1,049835
0,639435	1,050487
0,589348	1,052770
0,451609	1,053422
0,285695	1,055379
0,317000	1,057009
0,357695	1,058313
0,739609	1,060922
0,814740	1,060922
0,423435	1,063857
0,254391	1,063205
0,414043	1,066140
0,745870	1,066466
0,551783	1,069074
0,288826	1,069726
0,191782	1,071357
0,461000	1,073313
0,489174	1,074944
0,188652	1,073966
0,692653	1,077226
0,003956	1,079183
0,385869	1,079509
0,561174	1,083096
0,545522	1,082118
0,219956	1,086357
0,367087	1,084727
0,626913	1,088640
0,370217	1,088313
0,639435	1,089944
0,354565	1,092553
0,266913	1,092879
0,395261	1,095813
0,517348	1,095487
0,323261	1,099074
0,548652	1,100053
0,442217	1,100053
0,385869	1,103314
0,470391	1,102987
0,583087	1,105596
0,332652	1,105270
0,467261	1,107553
0,504826	1,111140
0,514217	1,109183
0,079086	1,113422
0,461000	1,113096
0,219956	1,115705
0,467261	1,117335
0,320130	1,117661
0,486043	1,120596
0,745870	1,120270
0,639435	1,122553
0,282565	1,125487
0,489174	1,124509
0,702044	1,128748
0,313869	1,129074
0,642565	1,130379
0,382739	1,132009
0,295087	1,132009
0,179260	1,134618
0,426565	1,136574
0,533000	1,136574
0,414043	1,139835
0,476652	1,140814
0,498565	1,141140
0,501696	1,143422
0,592478	1,144401
0,244999	1,147661
0,692653	1,147009
0,088477	1,148640
0,072825	1,151901
0,514217	1,151574
0,160478	1,152227
0,382739	1,155814
0,461000	1,155814
0,736479	1,158422
-0,005436	1,159401
0,764653	1,160705
0,733348	1,162988
0,210565	1,163314
0,642565	1,165596
0,451609	1,167553
0,576826	1,166574
0,238739	1,169835
0,376478	1,170814
0,470391	1,171466
0,492304	1,175705
0,329521	1,175705
0,617522	1,176031
0,379608	1,179944
0,232478	1,180922
0,752131	1,181901
0,570565	1,184509
0,570565	1,183857
0,445348	1,186140
0,107260	1,187444
0,479783	1,187770
-0,215175	1,191357
0,404652	1,190053
0,291956	1,192988
0,579957	1,195596
0,188652	1,194944
0,066564	1,197879
0,285695	1,198205
0,554913	1,199835
0,511087	1,202444
0,717696	1,201792
0,248130	1,205705
0,639435	1,207662
0,504826	1,208314
0,332652	1,209618
0,110391	1,209618
0,216826	1,213205
0,389000	1,212553
0,317000	1,215162
0,554913	1,217770
0,147956	1,217118
0,542391	1,220379
0,363956	1,220705
0,370217	1,222009
0,774044	1,224618
0,288826	1,224292
0,160478	1,226901
0,263782	1,228205
0,135434	1,228857
0,260652	1,232444
0,179260	1,232118
0,047782	1,233749
0,658218	1,236031
0,639435	1,235705
-0,055523	1,238966
0,363956	1,239618
0,201173	1,241901
0,022738	1,243857
0,792827	1,243531
0,395261	1,246140
-0,124393	1,247118
0,348304	1,248749
0,486043	1,251683
0,129173	1,251031
0,517348	1,254292
0,291956	1,255270
0,579957	1,255270
0,473522	1,258531
0,100999	1,259836
0,079086	1,260814
0,626913	1,263423
0,354565	1,262770
0,448478	1,264727
0,082217	1,266357
0,235608	1,267009
0,736479	1,269618
-0,136914	1,270923
0,251260	1,271901
0,285695	1,275488
0,194912	1,275488
0,295087	1,277770
0,226217	1,277444
0,373348	1,280053
0,288826	1,282336
0,658218	1,282009
0,235608	1,285270
0,329521	1,284618
0,119782	1,286901
0,429696	1,288205
0,855435	1,289183
0,332652	1,292444
-0,168219	1,292770
0,435956	1,293096
0,251260	1,295705
0,423435	1,296357
0,442217	1,299618
0,461000	1,299944
0,088477	1,300923
0,069695	1,304510
0,201173	1,304183
0,288826	1,307118
0,295087	1,307770
0,244999	1,308097
0,389000	1,311683
0,107260	1,311683
0,598739	1,312662
0,313869	1,315597
0,126043	1,315270
0,639435	1,318531
0,595609	1,319836
0,332652	1,320814
0,686392	1,323097
0,395261	1,323097
0,147956	1,326031
0,270043	1,326683
0,389000	1,327336
0,467261	1,330597
0,398391	1,330597
0,529870	1,332553
0,238739	1,332553
0,576826	1,336140
0,216826	1,336792
0,276304	1,338097
0,226217	1,340053
0,561174	1,340053
0,464130	1,343314
0,345174	1,342662
0,185521	1,346249
0,041521	1,347227
0,579957	1,349510
0,270043	1,351140
0,138565	1,350488
0,398391	1,353097
0,019608	1,354727
0,755261	1,355053
0,310739	1,357662
-0,014827	1,357662
0,082217	1,361249
0,194912	1,361901
0,611261	1,362879
0,210565	1,364836
0,091608	1,365814
0,683261	1,368423
0,273173	1,367444
0,191782	1,370705
0,486043	1,371357
0,241869	1,372988
0,210565	1,376249
0,260652	1,375923
0,354565	1,377879
0,514217	1,378205
0,564304	1,381792
0,370217	1,382118
0,435956	1,384401
0,420304	1,384727
0,172999	1,386031
0,091608	1,389292
0,063434	1,388640
0,063434	1,391901
0,404652	1,390271
0,317000	1,395488
0,176130	1,394836
0,235608	1,398097
0,470391	1,398749
0,445348	1,400379
0,389000	1,401358
0,185521	1,402662
0,082217	1,405597
0,410913	1,405271
0,467261	1,407227
0,385869	1,408531
0,323261	1,411140
0,223086	1,411466
0,423435	1,413097
0,060303	1,414727
0,498565	1,415705
0,141695	1,417336
0,454739	1,418966
0,486043	1,421575
0,558044	1,422227
0,404652	1,423205
0,223086	1,423858
0,329521	1,426466
0,213695	1,427771
0,282565	1,429727
0,288826	1,430053
0,104130	1,431358
0,426565	1,433314
0,426565	1,434618
0,335782	1,437553
0,304478	1,436575
0,407782	1,441140
0,520478	1,440488
0,179260	1,443423
0,263782	1,442771
0,241869	1,446032
0,176130	1,446684
0,166738	1,448640
0,799088	1,447662
0,420304	1,451575
0,342043	1,452553
0,482913	1,454510
0,461000	1,456466
0,617522	1,456140
0,307608	1,459727
0,160478	1,458749
0,320130	1,462336
0,417174	1,462662
0,351434	1,465271
0,567435	1,464945
0,432826	1,467227
0,370217	1,468206
0,570565	1,471466
0,473522	1,470814
0,561174	1,474075
0,435956	1,474075
0,589348	1,476358
0,448478	1,477010
-0,171349	1,479619
-0,086827	1,478966
0,210565	1,482879
-0,118132	1,481901
0,110391	1,486140
0,079086	1,486140
0,094738	1,488749
0,157347	1,488749
0,342043	1,491358
-0,099349	1,491358
-0,036740	1,494293
0,285695	1,494293
0,273173	1,498206
0,160478	1,497227
0,370217	1,500488
0,520478	1,500162
0,135434	1,503423
0,348304	1,503097
0,147956	1,506684
0,595609	1,506032
0,135434	1,508966
0,432826	1,508640
0,461000	1,512227
0,244999	1,511249
0,511087	1,514836
0,536130	1,514836
0,520478	1,517445
0,282565	1,517771
0,304478	1,520380
0,614392	1,520706
0,254391	1,524619
0,345174	1,524945
0,338913	1,525923
-0,017958	1,528206
0,482913	1,527880
0,401522	1,530814
0,345174	1,531466
0,360826	1,533423
0,395261	1,533749
0,010216	1,537010
0,429696	1,537662
0,248130	1,538640
0,385869	1,540271
0,141695	1,542227
-0,052392	1,542553
0,260652	1,546140
0,373348	1,546140
0,395261	1,548749
0,498565	1,548749
0,439087	1,551358
0,251260	1,550706
0,404652	1,554945
0,517348	1,554945
0,110391	1,557554
0,451609	1,557554
0,664479	1,559510
0,191782	1,560488
0,270043	1,562119
0,276304	1,564075
0,304478	1,565054
0,529870	1,567662
0,636305	1,567336
0,573696	1,569619
0,263782	1,571575
0,545522	1,572554
0,367087	1,574836
0,198043	1,575162
0,448478	1,577445
0,317000	1,578097
0,298217	1,581032
0,420304	1,580380
0,373348	1,582988
0,172999	1,584293
0,448478	1,585597
0,667609	1,588206
0,338913	1,588532
0,542391	1,591467
0,410913	1,591793
0,511087	1,592445
0,933696	1,595706
0,786566	1,594727
0,739609	1,597988
0,821001	1,598967
0,298217	1,600271
0,304478	1,603532
0,686392	1,602554
0,617522	1,606141
0,661348	1,606793
0,545522	1,608749
0,172999	1,610380
0,379608	1,610054
0,536130	1,612988
0,614392	1,614293
0,141695	1,614293
0,439087	1,617554
0,711435	1,617228
0,614392	1,619184
0,611261	1,621467
0,476652	1,621467
0,536130	1,625706
0,389000	1,626032
0,717696	1,626684
0,511087	1,629619
0,720826	1,629619
0,614392	1,631249
0,611261	1,633532
0,789696	1,633206
0,188652	1,636141
0,567435	1,637119
0,423435	1,638749
0,188652	1,641032
0,273173	1,640380
0,198043	1,642988
0,279434	1,645271
0,176130	1,645271
0,389000	1,648532
0,291956	1,649184
0,335782	1,650488
0,166738	1,653749
0,526739	1,652771
0,410913	1,653097
0,348304	1,657336
0,360826	1,658641
0,238739	1,658641
0,132304	1,661902
0,273173	1,661575
0,357695	1,662880
0,370217	1,666467
0,486043	1,667119
0,579957	1,666793
0,194912	1,671358
0,404652	1,670706
0,623783	1,672010
0,476652	1,674619
0,614392	1,674945
0,548652	1,675923
0,345174	1,679184
0,689522	1,680815
0,417174	1,680489
0,867957	1,682771
0,680131	1,684728
0,965001	1,685054
1,168480	1,687010
1,181001	1,689619
1,090219	1,689293
0,814740	1,690597
1,052653	1,692554
1,271784	1,694836
1,522219	1,694836
0,939957	1,699076
1,240480	1,699402
1,512828	1,699402
1,450219	1,701684
1,365697	1,704619
1,425176	1,703315
1,118392	1,706902
1,268654	1,709184
1,033871	1,707880
1,519089	1,709836
1,206045	1,712119
1,328132	1,712445
1,362567	1,714076
1,634915	1,717010
1,087088	1,718315
1,437697	1,718967
1,541002	1,720271
1,362567	1,723206
1,525350	1,723858
1,231088	1,724184
0,861696	1,728097
1,281175	1,728097
1,362567	1,728749
1,265523	1,731684
1,062045	1,733315
1,043262	1,733641
1,159088	1,736249
0,836653	1,737554
1,071436	1,737880
0,974392	1,739184
0,667609	1,742119
0,852305	1,742445
0,736479	1,743423
0,855435	1,746358
0,561174	1,748315
0,235608	1,748641
0,370217	1,748641
0,670739	1,751902
0,194912	1,753858
0,270043	1,753858
0,385869	1,754836
0,661348	1,758750
0,651957	1,760380
0,448478	1,760054
0,116651	1,761032
0,439087	1,762337
0,777174	1,766576
0,464130	1,766902
0,495435	1,767554
0,595609	1,767880
0,410913	1,770815
0,661348	1,773097
0,814740	1,774402
0,645696	1,774076
0,639435	1,777010
1,002566	1,779619
0,990044	1,779945
1,440828	1,779945
1,321871	1,781576
1,741350	1,782554
2,032481	1,785489
2,113873	1,787771
2,379960	1,787771
2,295438	1,788097
2,896483	1,791684
3,206396	1,793967
3,337875	1,793967
3,622745	1,793641
3,588310	1,796902
3,516310	1,798532
3,387962	1,800815
3,926398	1,801793
3,710397	1,801793
3,798050	1,804402
4,211268	1,807011
4,198746	1,808641
4,380312	1,808967
4,098572	1,809945
4,173703	1,810924
4,442921	1,814184
4,167442	1,815163
4,129877	1,815163
4,136137	1,816141
4,386573	1,818750
4,236312	1,820054
3,766745	1,822989
3,976485	1,823967
3,666571	1,824945
3,716658	1,825597
3,917007	1,826250
3,863789	1,828532
3,810572	1,831141
3,585180	1,832445
3,021700	1,832445
3,588310	1,833424
2,949700	1,835706
2,605352	1,838641
2,489526	1,840924
2,235960	1,841576
1,957351	1,843532
1,525350	1,843532
0,780305	1,844837
0,702044	1,846467
0,736479	1,848750
0,263782	1,850054
0,204304	1,851685
0,241869	1,852011
0,395261	1,852663
0,100999	1,854945
0,579957	1,857228
0,526739	1,859185
0,410913	1,860815
0,492304	1,862119
0,348304	1,862445
0,392130	1,864728
0,226217	1,865706
0,414043	1,865380
0,038390	1,868641
0,839783	1,870924
0,536130	1,872554
0,454739	1,873532
0,310739	1,876141
0,320130	1,876793
0,461000	1,878098
0,022738	1,878424
0,354565	1,879076
0,323261	1,881685
0,210565	1,882989
0,169869	1,884945
0,172999	1,885924
0,304478	1,887880
0,645696	1,890489
0,461000	1,891467
0,232478	1,893098
0,630044	1,894076
0,235608	1,894402
0,348304	1,895706
0,398391	1,897337
0,263782	1,898641
0,623783	1,899945
0,182391	1,902554
-0,083697	1,903859
0,166738	1,904837
0,717696	1,905815
0,172999	1,907119
0,188652	1,909076
0,379608	1,910706
0,529870	1,912011
0,539261	1,914293
0,476652	1,914619
0,592478	1,916250
0,410913	1,919185
0,351434	1,919185
0,389000	1,921141
0,799088	1,922119
0,313869	1,924402
0,395261	1,925380
0,605000	1,928315
0,226217	1,926359
0,661348	1,930598
0,050912	1,932228
0,154217	1,933206
0,501696	1,934837
0,028999	1,937446
0,066564	1,937446
0,332652	1,939402
0,633174	1,941033
0,323261	1,942663
0,448478	1,943967
0,126043	1,945272
0,554913	1,947228
0,633174	1,948533
0,579957	1,949837
0,545522	1,951793
0,263782	1,952446
0,238739	1,955054
0,526739	1,955380
0,420304	1,956033
0,605000	1,958315
0,695783	1,959293
0,486043	1,960924
0,414043	1,961902
0,774044	1,964185
0,514217	1,963859
0,630044	1,966141
0,990044	1,967446
0,423435	1,969076
0,417174	1,972337
0,861696	1,973315
0,410913	1,975924
0,504826	1,975924
1,037001	1,977554
1,278045	1,977228
0,996305	1,979511
1,409523	1,980489
1,613002	1,981141
1,791437	1,983750
1,807089	1,985706
2,220308	1,987989
2,295438	1,989620
2,517700	1,990924
3,024831	1,992554
3,250223	1,992228
3,234570	1,994511
3,444310	1,997120
3,447440	1,998098
3,491267	2,000054
3,381701	2,001685
3,312831	2,001685
3,704137	2,002663
3,243962	2,004293
3,397353	2,005924
3,434919	2,007880
3,419266	2,010815
4,126746	2,011794
3,459962	2,011794
3,650919	2,012120
3,550745	2,015054
3,550745	2,017337
3,744832	2,018315
3,804311	2,019294
3,522571	2,020924
3,741702	2,021576
3,475614	2,024185
3,506919	2,026794
3,372310	2,027446
3,353527	2,027446
3,416136	2,028424
3,125005	2,031359
3,356658	2,033641
2,918396	2,035272
2,921526	2,035924
2,683613	2,035924
2,686743	2,038533
1,951090	2,041794
2,032481	2,042120
1,422045	2,042446
1,209175	2,044402
1,052653	2,047337
0,808479	2,047989
0,802218	2,047663
0,648826	2,050272
0,589348	2,052228
0,398391	2,053859
0,401522	2,053859
0,251260	2,056141
0,476652	2,059076
0,138565	2,058750
0,511087	2,059402
0,545522	2,062663
0,492304	2,063641
0,201173	2,064294
0,611261	2,066250
0,385869	2,068207
0,194912	2,069511
0,295087	2,068859
0,338913	2,072446
0,163608	2,074402
0,335782	2,074076
-0,165088	2,076359
-0,183871	2,079946
0,295087	2,078641
0,435956	2,080924
0,414043	2,083207
0,567435	2,083859
0,376478	2,084837
0,448478	2,088098
0,598739	2,089076
0,830392	2,089076
0,313869	2,091033
0,439087	2,092011
0,467261	2,093315
0,182391	2,095598
0,342043	2,097555
0,673870	2,097555
0,323261	2,101794
0,486043	2,101468
0,320130	2,103424
0,235608	2,106033
0,317000	2,104402
0,417174	2,108968
0,432826	2,108968
0,110391	2,110924
0,492304	2,112555
0,498565	2,113207
0,414043	2,114837
0,792827	2,116142
0,069695	2,117446
0,579957	2,120055
0,241869	2,119076
0,110391	2,122337
0,345174	2,125272
0,711435	2,124620
0,154217	2,127555
0,564304	2,126576
0,749000	2,130163
0,526739	2,130489
0,939957	2,133098
0,226217	2,134402
0,279434	2,134076
0,404652	2,137011
0,783435	2,137011
0,417174	2,141902
0,342043	2,139620
0,623783	2,142555
0,075956	2,143207
0,279434	2,146142
0,467261	2,147772
0,407782	2,147772
0,201173	2,151359
0,198043	2,151033
0,395261	2,153642
0,389000	2,152989
0,435956	2,156902
0,420304	2,155924
0,517348	2,158207
0,201173	2,159837
0,260652	2,162772
0,313869	2,161794
0,501696	2,164402
0,464130	2,166033
0,526739	2,168642
0,479783	2,168642
0,379608	2,171250
0,326391	2,171576
0,783435	2,173533
0,598739	2,174511
0,642565	2,176468
0,893001	2,178424
0,410913	2,180381
0,451609	2,179403
0,132304	2,182989
0,626913	2,183968
0,147956	2,187229
0,811609	2,186250
0,410913	2,189511
0,598739	2,188859
0,770914	2,191468
0,464130	2,192120
0,357695	2,195055
0,442217	2,195055
0,655087	2,196685
0,789696	2,198968
0,814740	2,198968
0,310739	2,201250
0,232478	2,202229
0,705174	2,204185
0,414043	2,205816
0,254391	2,206794
0,141695	2,209076
0,216826	2,210381
0,435956	2,209729
0,633174	2,213968
0,642565	2,213316
0,169869	2,216577
0,401522	2,219185
0,461000	2,217881
0,736479	2,221142
0,570565	2,220490
0,492304	2,224077
0,482913	2,224403
0,357695	2,227011
0,238739	2,227990
0,642565	2,227663
0,451609	2,231903
-0,052392	2,230924
0,473522	2,233859
0,257521	2,234837
0,295087	2,235163
0,767783	2,239403
0,401522	2,238098
0,630044	2,242664
0,335782	2,241685
0,711435	2,243968
0,354565	2,245598
0,758392	2,245272
0,248130	2,248859
0,520478	2,248859
0,313869	2,250816
0,201173	2,253098
0,342043	2,253098
0,219956	2,255707
0,191782	2,256033
0,839783	2,257664
0,583087	2,260924
0,295087	2,261251
0,595609	2,262881
0,454739	2,264185
0,295087	2,264511
0,107260	2,267120
0,332652	2,269403
0,317000	2,269729
0,348304	2,271359
0,216826	2,274294
0,467261	2,274294
0,830392	2,274946
0,342043	2,278533
0,636305	2,279511
0,655087	2,279837
0,307608	2,281794
0,313869	2,283098
0,370217	2,284077
0,461000	2,285707
0,536130	2,288968
-0,005436	2,288968
0,395261	2,290598
0,323261	2,291903
0,285695	2,294838
0,439087	2,294511
0,504826	2,296142
0,354565	2,298098
0,185521	2,299729
0,038390	2,300055
0,113521	2,302011
0,605000	2,302990
0,254391	2,306251
0,342043	2,307229
0,448478	2,306903
0,207434	2,310164
0,126043	2,311468
0,461000	2,311794
0,476652	2,313098
0,733348	2,315707
0,439087	2,317664
0,157347	2,318642
0,032130	2,319946
0,016477	2,319946
0,169869	2,322555
0,219956	2,325490
0,338913	2,325490
0,229347	2,326468
0,570565	2,327446
0,317000	2,330381
0,210565	2,332664
0,389000	2,333968
0,079086	2,334294
0,317000	2,334946
0,645696	2,335925
0,266913	2,339185
0,276304	2,340816
0,072825	2,341794
0,079086	2,343098
0,113521	2,344403
0,326391	2,346033
0,179260	2,347990
0,414043	2,348968
0,185521	2,350272
0,282565	2,351251
0,470391	2,352555
0,276304	2,354838
0,126043	2,358099
0,223086	2,359403
0,464130	2,359077
0,345174	2,361359
0,104130	2,361359
0,122912	2,363642
0,163608	2,364294
0,495435	2,367881
0,201173	2,369185
0,417174	2,370490
0,439087	2,371468
0,204304	2,372120
-0,158827	2,374403
0,392130	2,374729
0,144825	2,378316
0,248130	2,378642
0,360826	2,380272
0,138565	2,382555
0,360826	2,382229
0,398391	2,383533
0,385869	2,384838
0,060303	2,386142
0,354565	2,388751
0,651957	2,390055
0,273173	2,392012
0,370217	2,393968
0,373348	2,395273
-0,227697	2,397229
0,169869	2,399186
0,288826	2,399186
0,432826	2,399512
0,470391	2,402120
0,295087	2,403099
0,467261	2,404729
0,407782	2,405707
0,310739	2,407338
0,307608	2,407664
0,576826	2,410273
0,511087	2,411251
0,479783	2,412555
0,401522	2,414512
0,320130	2,416468
0,348304	2,418425
0,116651	2,418425
0,601870	2,419403
0,241869	2,422012
-0,230828	2,422990
0,332652	2,424294
0,219956	2,426251
0,047782	2,427881
0,367087	2,429512
0,110391	2,430816
0,373348	2,432446
0,617522	2,433751
0,298217	2,434403
0,122912	2,437664
0,354565	2,438316
0,276304	2,440273
0,473522	2,441903
0,263782	2,443533
0,482913	2,445164
0,279434	2,446794
0,373348	2,448751
0,010216	2,448751
0,323261	2,449729
0,144825	2,451686
0,082217	2,452338
0,210565	2,453968
0,291956	2,455599
0,461000	2,456577
0,351434	2,459186
0,567435	2,461142
0,526739	2,462120
0,038390	2,465055
0,232478	2,466034
0,273173	2,466686
0,354565	2,467338
0,373348	2,469620
0,317000	2,469947
0,389000	2,471251
0,223086	2,472881
0,395261	2,475164
0,417174	2,477773
0,533000	2,478751
0,692653	2,478751
0,332652	2,480381
0,304478	2,481686
0,420304	2,483642
0,536130	2,486251
0,223086	2,485925
0,317000	2,488860
0,548652	2,489512
0,097869	2,491468
0,110391	2,491468
0,486043	2,494077
0,301347	2,495055
0,501696	2,497990
0,410913	2,499621
0,198043	2,498968
0,467261	2,499947
0,410913	2,502555
0,235608	2,506142
0,191782	2,506794
0,523609	2,506794
0,435956	2,507773
0,414043	2,509729
0,282565	2,512012
0,317000	2,513642
0,338913	2,513642
0,498565	2,515925
0,473522	2,518208
0,382739	2,519512
0,445348	2,520490
0,188652	2,520816
0,285695	2,523425
0,389000	2,525381
0,332652	2,527664
0,338913	2,526360
0,498565	2,529621
0,435956	2,530925
0,642565	2,532881
0,539261	2,534512
0,254391	2,534186
0,185521	2,536795
0,564304	2,538425
0,207434	2,540381
0,645696	2,540055
0,533000	2,541686
0,567435	2,544947
0,598739	2,546251
0,282565	2,546903
0,276304	2,547229
0,373348	2,550164
0,392130	2,552121
0,100999	2,551142
0,567435	2,554729
0,342043	2,555055
0,426565	2,557012
0,705174	2,557012
0,586218	2,559947
-0,046131	2,560925
0,461000	2,562882
0,642565	2,565164
0,498565	2,565490
0,135434	2,566795
0,238739	2,569403
0,285695	2,570708
0,201173	2,570708
0,705174	2,573968
-0,077436	2,574621
0,755261	2,576251
0,417174	2,578534
0,351434	2,578208
0,401522	2,580816
0,351434	2,581795
0,291956	2,582773
0,492304	2,585382
0,442217	2,585382
0,376478	2,587338
0,323261	2,589947
0,673870	2,589947
0,426565	2,592229
0,482913	2,594186
0,392130	2,594186
0,586218	2,597447
0,063434	2,597121
-0,068045	2,600056
0,423435	2,601034
0,626913	2,601034
0,254391	2,603969
0,204304	2,604947
0,486043	2,606577
0,501696	2,609186
0,367087	2,608534
0,354565	2,611795
0,529870	2,611795
0,733348	2,613425
0,379608	2,615708
0,633174	2,616034
0,664479	2,619947
0,398391	2,618969
0,880479	2,620925
0,520478	2,622556
0,213695	2,624186
0,523609	2,626795
0,448478	2,626469
0,185521	2,629077
0,683261	2,630056
0,592478	2,632338
0,326391	2,632664
0,304478	2,633969
0,504826	2,636577
0,288826	2,637556
0,307608	2,638534
0,304478	2,641143
0,129173	2,642447
0,626913	2,644730
0,395261	2,644730
0,482913	2,647012
0,686392	2,648643
0,363956	2,649621
0,270043	2,650599
0,288826	2,651577
0,435956	2,653860
0,360826	2,655816
0,461000	2,656143
0,317000	2,659077
0,592478	2,659730
0,965001	2,662664
0,579957	2,661360
0,251260	2,664295
0,448478	2,665273
0,122912	2,665925
0,614392	2,668860
0,326391	2,669186
0,279434	2,672447
0,567435	2,671469
0,539261	2,673751
0,720826	2,675708
0,492304	2,676360
0,645696	2,679295
0,132304	2,679947
0,626913	2,680925
0,223086	2,683534
0,520478	2,683534
0,219956	2,686143
0,667609	2,687121
0,429696	2,688099
0,445348	2,692012
0,235608	2,690708
0,451609	2,694295
0,135434	2,694621
0,511087	2,695599
0,486043	2,698534
0,279434	2,698208
0,461000	2,701469
0,439087	2,703099
0,367087	2,702121
0,630044	2,707012
0,579957	2,705382
0,320130	2,707990
0,050912	2,710599
0,329521	2,709947
0,536130	2,711577
0,514217	2,714838
0,467261	2,715491
0,401522	2,717447
0,517348	2,718425
-0,140045	2,718425
0,254391	2,721360
0,670739	2,722012
0,317000	2,722664
0,426565	2,725599
0,996305	2,727556
0,079086	2,725925
-0,340393	2,728860
0,191782	2,731469
0,298217	2,731143
-0,027349	2,735382
0,251260	2,736686
0,470391	2,733425
0,323261	2,737991
0,426565	2,739295
0,658218	2,741904
0,313869	2,742230
0,254391	2,745164
0,517348	2,746143
0,270043	2,746469
0,022738	2,750056
0,110391	2,750708
0,370217	2,750708
0,489174	2,752338
0,126043	2,755925
0,570565	2,756578
0,310739	2,757230
0,636305	2,759838
0,542391	2,761143
0,464130	2,758860
0,589348	2,762773
0,379608	2,766360
0,698913	2,765382
0,677000	2,766686
0,338913	2,768969
0,216826	2,770925
0,342043	2,772556
0,213695	2,771904
0,060303	2,774512
0,761522	2,777447
0,792827	2,780056
0,504826	2,780056
0,830392	2,781034
0,573696	2,781360
0,824131	2,785273
0,310739	2,785599
0,601870	2,783643
0,686392	2,788208
0,207434	2,790491
0,542391	2,792121
0,448478	2,793425
0,877349	2,793425
0,645696	2,794078
0,611261	2,797012
0,636305	2,799621
0,667609	2,800925
0,786566	2,801904
1,087088	2,802230
1,168480	2,803860
0,702044	2,805491
0,467261	2,808099
0,749000	2,810056
0,764653	2,811034
1,062045	2,811360
0,858566	2,811686
0,889870	2,813643
0,946218	2,816252
1,049523	2,818208
1,478393	2,819512
0,899262	2,820491
1,240480	2,821795
1,299958	2,822121
1,043262	2,821795
1,171610	2,826360
0,952479	2,828643
0,968131	2,829621
1,074566	2,832556
1,453350	2,833208
0,883609	2,834186
1,578567	2,835165
1,453350	2,836795
1,249871	2,837773
0,968131	2,839730
0,830392	2,840382
0,965001	2,841034
0,761522	2,843643
1,215436	2,845599
0,711435	2,846904
1,052653	2,847882
0,996305	2,849839
1,024479	2,852447
0,595609	2,853426
1,265523	2,854404
0,996305	2,856034
1,055784	2,857339
1,137175	2,858969
0,955610	2,860599
0,755261	2,861578
0,611261	2,863860
0,789696	2,864839
0,439087	2,866143
0,661348	2,867121
1,134045	2,869078
0,824131	2,871034
0,783435	2,870708
0,717696	2,872665
0,777174	2,874295
0,949349	2,875926
0,476652	2,876904
0,780305	2,877556
0,858566	2,879186
1,065175	2,881143
0,911783	2,882447
0,855435	2,884404
0,749000	2,887013
1,093349	2,887991
0,636305	2,889947
0,504826	2,891904
0,683261	2,892882
0,877349	2,893534
0,799088	2,895491
1,077697	2,896143
0,692653	2,897773
0,689522	2,899078
0,698913	2,900056
1,099610	2,901687
0,708305	2,904295
0,817870	2,905926
0,608131	2,908208
0,836653	2,909513
0,880479	2,911143
0,461000	2,912121
0,727087	2,913100
1,152827	2,914078
1,177871	2,915056
0,924305	2,917013
0,996305	2,918317
0,745870	2,919621
1,087088	2,922230
0,342043	2,923534
0,939957	2,925165
0,921175	2,926143
0,611261	2,927121
0,670739	2,927774
0,821001	2,930382
0,980653	2,932665
0,752131	2,933969
0,955610	2,934947
0,470391	2,935926
1,190393	2,937230
0,432826	2,939187
0,927436	2,940817
0,755261	2,943100
1,046392	2,944404
0,705174	2,946034
0,655087	2,945708
0,936827	2,948317
0,486043	2,950274
0,936827	2,951904
0,886740	2,951578
0,605000	2,952882
0,461000	2,954187
0,448478	2,957447
0,745870	2,958752
0,639435	2,958752
0,736479	2,960056
0,714566	2,962991
0,705174	2,965600
0,445348	2,965926
0,836653	2,965600
0,886740	2,968208
0,614392	2,970491
0,924305	2,972448
0,723957	2,971795
1,118392	2,974404
0,786566	2,977665
0,611261	2,977013
1,011957	2,978317
0,783435	2,979948
0,539261	2,982230
0,739609	2,982882
0,927436	2,984513
0,795957	2,986143
0,689522	2,987774
0,526739	2,988752
0,583087	2,990056
0,908653	2,992665
0,733348	2,992339
0,777174	2,994621
0,702044	2,997230
1,018218	2,998535
0,698913	2,998861
0,821001	3,000165
0,968131	3,003100
1,080827	3,003752
0,692653	3,005056
0,561174	3,008643
0,786566	3,007991
0,805348	3,007991
0,858566	3,011578
0,695783	3,012556
0,448478	3,013535
0,598739	3,015817
0,824131	3,017122
0,952479	3,016469
0,852305	3,020382
0,661348	3,021035
0,360826	3,021687
0,673870	3,025600
0,645696	3,024948
0,692653	3,026252
0,686392	3,028861
0,780305	3,029839
0,899262	3,030817
0,404652	3,033752
0,360826	3,033752
0,511087	3,035382
0,990044	3,037013
0,119782	3,038317
0,611261	3,040926
0,595609	3,041252
0,861696	3,042230
0,404652	3,045165
0,486043	3,045165
0,147956	3,048100
0,661348	3,049078
0,398391	3,050056
0,792827	3,051361
0,461000	3,053317
0,749000	3,055274
0,533000	3,055274
0,736479	3,057882
0,501696	3,059187
0,517348	3,061143
0,351434	3,062448
0,251260	3,063752
0,323261	3,066361
0,410913	3,066687
0,025869	3,068969
0,260652	3,068643
0,395261	3,072230
0,254391	3,072230
0,351434	3,074839
0,025869	3,074839
0,439087	3,077122
0,285695	3,077448
0,520478	3,081035
0,514217	3,080383
0,448478	3,083643
0,288826	3,083969
0,254391	3,085274
0,238739	3,085926
0,194912	3,089839
0,379608	3,088861
-0,080566	3,089839
0,351434	3,091796
0,191782	3,095056
0,210565	3,092774
0,736479	3,097665
0,357695	3,098643
0,392130	3,099948
0,194912	3,101904
-0,058653	3,102230
0,404652	3,106143
0,107260	3,105165
0,254391	3,108426
0,147956	3,108752
0,461000	3,110056
0,589348	3,112013
0,126043	3,112013
0,244999	3,115274
0,213695	3,114622
0,232478	3,118535
0,163608	3,118861
0,313869	3,120817
0,423435	3,123426
0,498565	3,122122
0,360826	3,124404
-0,036740	3,126035
0,432826	3,127665
0,636305	3,130600
-0,177610	3,129948
0,351434	3,133535
-0,077436	3,132883
0,244999	3,134839
-0,039871	3,137448
-0,061784	3,137774
0,110391	3,140383
0,486043	3,141035
0,329521	3,141361
0,335782	3,142665
0,251260	3,145274
0,479783	3,146578
0,911783	3,147883
0,288826	3,148861
0,385869	3,151796
-0,105610	3,153752
0,667609	3,154404
0,595609	3,155057
0,454739	3,157665
0,185521	3,158317
0,529870	3,158644
0,576826	3,162230
0,342043	3,162557
0,727087	3,162883
0,110391	3,166796
0,216826	3,167122
0,304478	3,168426
0,213695	3,170057
0,423435	3,172013
0,229347	3,173317
0,348304	3,173644
0,420304	3,177557
0,273173	3,178535
0,489174	3,178209
0,586218	3,180817
0,279434	3,182774
0,282565	3,182774
0,116651	3,184404
0,417174	3,187665
0,110391	3,189622
0,404652	3,188970
0,229347	3,189622
0,025869	3,192883
0,398391	3,194513
0,407782	3,194187
0,414043	3,195818
0,479783	3,199078
0,335782	3,200383
0,241869	3,200709
0,113521	3,201687
0,379608	3,204622
0,651957	3,207231
0,370217	3,208861
0,172999	3,209839
0,461000	3,210818
0,226217	3,213752
0,251260	3,214731
0,370217	3,215383
0,473522	3,216035
-0,061784	3,219296
0,194912	3,220926
0,545522	3,221578
0,166738	3,222557
0,151086	3,224839
0,404652	3,226796
0,423435	3,227122
0,539261	3,228100
0,360826	3,229731
0,198043	3,232991
0,244999	3,233970
0,498565	3,233970
0,570565	3,235274
0,110391	3,237231
0,313869	3,239839
0,282565	3,241796
0,317000	3,242774
0,351434	3,242448
0,276304	3,244731
0,398391	3,247013
0,360826	3,248644
0,320130	3,249948
0,060303	3,249948
0,201173	3,251905
0,504826	3,252883
0,191782	3,255165
-0,008566	3,257774
0,113521	3,259405
0,655087	3,260709
0,630044	3,261035
0,395261	3,261687
0,360826	3,263644
0,376478	3,265600
0,285695	3,266579
0,166738	3,269513
0,317000	3,271144
0,345174	3,272448
0,348304	3,273100
0,210565	3,274731
0,282565	3,275383
0,248130	3,276687
-0,033610	3,277339
0,589348	3,278644
0,561174	3,281252
0,326391	3,282883
-0,030479	3,284513
0,160478	3,286144
0,617522	3,289079
0,282565	3,289079
0,179260	3,291035
0,639435	3,292992
0,072825	3,294296
0,285695	3,294948
0,276304	3,298209
0,210565	3,298535
0,395261	3,299839
0,435956	3,301470
0,188652	3,303426
0,320130	3,304405
0,270043	3,305709
0,363956	3,307013
0,154217	3,307992
0,038390	3,309622
0,420304	3,310600
0,025869	3,312557
0,489174	3,312883
0,342043	3,313861
0,545522	3,316144
0,176130	3,317448
0,291956	3,320057
0,420304	3,321687
0,567435	3,323644
0,398391	3,325274
0,385869	3,324948
0,176130	3,326579
0,539261	3,326905
0,432826	3,328861
0,389000	3,330492
0,611261	3,332122
0,514217	3,334731
0,351434	3,337013
0,110391	3,338318
0,144825	3,339296
0,448478	3,340926
0,219956	3,341579
0,229347	3,342557
0,216826	3,343535
0,626913	3,346144
0,273173	3,348100
0,373348	3,350057
0,395261	3,350057
0,461000	3,351035
-0,262132	3,352666
0,198043	3,353970
0,426565	3,355927
0,301347	3,358209
0,583087	3,360166
0,407782	3,360492
0,482913	3,361796
0,122912	3,362774
0,382739	3,365383
0,410913	3,367340
0,291956	3,368970
0,673870	3,369622
0,435956	3,370600
0,291956	3,372557
0,032130	3,374840
0,382739	3,376796
0,363956	3,376144
0,244999	3,378100
0,238739	3,378753
0,401522	3,382666
0,517348	3,383644
0,110391	3,383318
0,692653	3,384296
0,382739	3,386579
0,332652	3,390166
0,673870	3,390492
0,276304	3,390166
0,758392	3,391796
0,370217	3,395057
0,470391	3,395709
0,273173	3,398318
0,235608	3,397666
0,342043	3,399948
0,238739	3,402557
0,554913	3,403535
0,351434	3,404187
0,511087	3,406144
0,385869	3,407448
0,385869	3,409079
0,554913	3,410057
0,163608	3,413318
0,370217	3,413644
0,370217	3,413970
0,420304	3,417231
0,273173	3,418209
0,792827	3,419514
0,219956	3,421470
0,442217	3,422774
0,238739	3,423427
0,489174	3,425709
0,423435	3,426688
0,273173	3,427340
0,010216	3,428970
0,554913	3,431253
0,561174	3,432231
0,445348	3,434514
0,595609	3,435818
0,677000	3,435818
0,492304	3,438427
0,385869	3,440709
0,210565	3,440057
0,708305	3,443318
0,839783	3,444948
0,598739	3,445601
0,429696	3,447883
0,363956	3,448209
0,742740	3,451470
0,091608	3,452122
0,398391	3,454079
0,461000	3,454731
0,251260	3,455057
0,655087	3,458318
0,461000	3,457666
0,626913	3,461579
0,476652	3,461905
0,351434	3,461905
0,317000	3,464840
0,611261	3,465492
0,586218	3,468753
0,467261	3,468753
0,670739	3,470383
0,583087	3,471688
0,257521	3,472992
0,263782	3,475275
0,435956	3,475601
0,730218	3,478535
0,044651	3,477883
0,611261	3,481144
0,147956	3,480818
0,323261	3,483753
0,511087	3,485057
0,414043	3,486035
0,310739	3,488644
0,583087	3,488318
0,542391	3,492231
0,338913	3,492231
0,160478	3,494514
0,310739	3,494514
0,257521	3,498101
0,069695	3,497449
0,464130	3,500709
0,501696	3,500057
0,417174	3,503644
0,520478	3,503970
0,348304	3,506579
0,326391	3,504622
0,370217	3,509514
0,188652	3,509514
0,720826	3,512122
0,398391	3,513101
0,401522	3,515383
0,357695	3,516036
0,338913	3,517340
0,708305	3,517666
0,670739	3,519296
0,570565	3,522231
0,507957	3,522231
0,730218	3,525492
0,504826	3,524188
0,342043	3,528101
-0,005436	3,528753
0,714566	3,530057
0,191782	3,532666
0,492304	3,532014
0,342043	3,534949
0,426565	3,535275
0,536130	3,537883
0,110391	3,537883
0,867957	3,540492
0,702044	3,542775
0,667609	3,543101
0,708305	3,545383
0,495435	3,547340
0,464130	3,547014
0,504826	3,549623
0,551783	3,549949
0,454739	3,552231
0,517348	3,554188
0,166738	3,554188
0,464130	3,558101
0,088477	3,558753
0,570565	3,557123
0,132304	3,561362
0,254391	3,562014
0,589348	3,562992
0,370217	3,565927
0,592478	3,564623
0,279434	3,567883
0,389000	3,571144
0,476652	3,571144
0,504826	3,572123
0,461000	3,574731
0,996305	3,574731
0,514217	3,576362
0,789696	3,578318
0,886740	3,579623
0,711435	3,580275
0,677000	3,583536
0,755261	3,584188
0,911783	3,586144
0,723957	3,584840
0,855435	3,589405
0,611261	3,590383
0,814740	3,591362
0,279434	3,593318
1,011957	3,595601
0,633174	3,594623
0,786566	3,597231
0,698913	3,598210
0,733348	3,601470
0,564304	3,603101
0,548652	3,603427
0,814740	3,604079
0,824131	3,607340
0,670739	3,609297
0,855435	3,609297
1,159088	3,609949
0,611261	3,612884
0,702044	3,614840
0,595609	3,615818
0,805348	3,616470
1,068305	3,617449
0,623783	3,619079
0,714566	3,622014
0,783435	3,622992
0,620652	3,620057
0,733348	3,623971
1,362567	3,626579
1,096479	3,628210
0,930566	3,631471
1,199784	3,632123
0,802218	3,633427
0,905523	3,633427
0,739609	3,635057
0,542391	3,637340
0,595609	3,639623
0,918044	3,641579
0,605000	3,641905
1,318741	3,642884
0,789696	3,644840
0,990044	3,644514
0,792827	3,646797
1,071436	3,648753
0,749000	3,651036
0,683261	3,652992
1,118392	3,654623
0,614392	3,654297
0,877349	3,655601
0,511087	3,656905
0,601870	3,658210
0,567435	3,660492
0,548652	3,663753
0,808479	3,665384
0,486043	3,665384
0,827261	3,667014
0,792827	3,668318
0,792827	3,669623
0,573696	3,670275
1,049523	3,671905
0,914914	3,672558
0,955610	3,674840
0,686392	3,676471
0,761522	3,678101
0,799088	3,678753
0,780305	3,681036
0,698913	3,682666
1,033871	3,684297
0,867957	3,686253
0,742740	3,686905
0,658218	3,688862
1,011957	3,688862
1,105871	3,691145
0,811609	3,692123
0,473522	3,693753
0,893001	3,695058
0,867957	3,697340
0,761522	3,698971
0,686392	3,699623
0,996305	3,700927
0,673870	3,702232
0,811609	3,704188
0,720826	3,706145
0,742740	3,706145
0,811609	3,708101
0,576826	3,711036
0,711435	3,712014
0,758392	3,713971
0,968131	3,715275
0,821001	3,716905
0,745870	3,717884
0,617522	3,720166
0,842914	3,721145
0,914914	3,722449
0,689522	3,722449
0,573696	3,725058
0,952479	3,725710
0,733348	3,727992
1,024479	3,729623
0,733348	3,731253
0,780305	3,733536
0,495435	3,735166
0,993175	3,736145
0,783435	3,735819
0,846044	3,737449
0,523609	3,740058
0,930566	3,740058
0,492304	3,743645
0,667609	3,744297
0,770914	3,746579
0,727087	3,746579
1,124653	3,748210
0,927436	3,749188
0,783435	3,751471
0,742740	3,753101
0,836653	3,754406
0,767783	3,756036
0,792827	3,756362
0,379608	3,758319
0,611261	3,759949
0,727087	3,762884
0,720826	3,763536
0,670739	3,763536
0,705174	3,765166
0,642565	3,768101
0,686392	3,769732
1,177871	3,771036
0,965001	3,771688
0,852305	3,772340
1,071436	3,773971
0,949349	3,776906
0,758392	3,777232
0,592478	3,778536
0,936827	3,780819
0,946218	3,783753
0,893001	3,782775
0,755261	3,783427
0,855435	3,787014
0,792827	3,788319
0,695783	3,789623
0,846044	3,789949
0,795957	3,792232
1,011957	3,794188
0,761522	3,795493
0,749000	3,796145
0,454739	3,799080
0,435956	3,799732
0,727087	3,800710
0,817870	3,802993
0,839783	3,805275
0,821001	3,805275
0,373348	3,806580
0,592478	3,809188
0,266913	3,808862
0,626913	3,811471
0,821001	3,813427
0,617522	3,814406
0,554913	3,816036
0,426565	3,818319
0,830392	3,817993
0,526739	3,820927
0,495435	3,821906
0,799088	3,822232
0,911783	3,824188
0,570565	3,826797
0,852305	3,826797
0,542391	3,830384
0,749000	3,830384
0,608131	3,832014
0,561174	3,834623
0,570565	3,833971
0,025869	3,837232
0,567435	3,837558
0,745870	3,838536
0,041521	3,841797
0,486043	3,841797
0,805348	3,843754
0,655087	3,845710
0,605000	3,846036
0,198043	3,847993
0,626913	3,848645
0,363956	3,852232
0,517348	3,852558
0,417174	3,854514
0,454739	3,854841
0,348304	3,857449
0,742740	3,859080
0,605000	3,859080
0,379608	3,862667
0,241869	3,862014
0,426565	3,865275
0,229347	3,864623
0,257521	3,868210
0,395261	3,867884
0,410913	3,870819
0,573696	3,870493
0,592478	3,873754
0,094738	3,873754
0,226217	3,876362
0,698913	3,876036
0,432826	3,879297
0,241869	3,879949
0,548652	3,881254
-0,083697	3,883536
0,329521	3,884514
0,298217	3,886471
0,166738	3,888101
0,329521	3,890384
0,482913	3,889080
0,291956	3,892993
0,360826	3,892015
0,395261	3,895928
-0,030479	3,895601
0,482913	3,897232
0,410913	3,899515
0,079086	3,899841
0,216826	3,903428
0,846044	3,900493
0,392130	3,906036
0,072825	3,906036
0,232478	3,907341
-0,033610	3,910928
0,414043	3,909949
0,570565	3,912884
0,038390	3,913536
0,326391	3,914188
0,235608	3,917449
0,085347	3,918102
0,201173	3,918428
0,695783	3,921362
0,573696	3,921036
0,385869	3,925275
0,564304	3,925275
0,091608	3,923645
0,511087	3,929515
0,439087	3,930493
0,204304	3,931471
0,285695	3,933102
0,038390	3,934080
0,677000	3,934732
0,110391	3,938645
0,389000	3,938319
0,091608	3,937667
0,050912	3,941906
0,282565	3,940928
-0,027349	3,941906
0,097869	3,946145
0,385869	3,947775
0,648826	3,949080
0,144825	3,950058
0,244999	3,951689
0,517348	3,953971
0,420304	3,954297
0,179260	3,955602
0,470391	3,957558
0,639435	3,959841
0,642565	3,960493
0,110391	3,960493
0,229347	3,963754
0,661348	3,966036
0,548652	3,966689
0,651957	3,967341
0,651957	3,967993
0,326391	3,968971
0,160478	3,973862
0,802218	3,973210
0,511087	3,973210
0,382739	3,976145
0,742740	3,978102
0,611261	3,980384
0,492304	3,980710
0,695783	3,981036
0,595609	3,981363
0,182391	3,985276
0,677000	3,988210
0,767783	3,988536
0,677000	3,990819
0,495435	3,991145
0,867957	3,991797
0,986914	3,994080
0,680131	3,996036
1,040131	3,997993
0,717696	3,999623
1,146566	3,999623
1,303088	4,002232
1,083958	4,001580
0,927436	4,002884
1,206045	4,005493
1,591089	4,007123
1,600480	4,008754
2,126394	4,010058
2,110742	4,011689
2,771265	4,012667
3,804311	4,013971
4,308312	4,016254
5,619966	4,017558
6,771969	4,018536
7,754927	4,020493
9,392147	4,021145
10,603628	4,022776
11,176499	4,024406
12,175109	4,025710
12,766763	4,027667
13,330242	4,028971
13,956330	4,030276
14,050243	4,032558
14,018939	4,034841
14,413374	4,035819
14,823462	4,037776
14,651288	4,039080
15,149028	4,040710
14,657549	4,042015
15,637377	4,044297
15,205376	4,044623
15,581029	4,046580
15,562246	4,047884
15,872160	4,049189
15,637377	4,051145
15,778247	4,052776
15,368159	4,053102
15,264854	4,054732
14,817201	4,056689
14,713897	4,057993
14,391461	4,060276
14,203635	4,060602
14,109722	4,061906
14,034591	4,064189
13,815460	4,065167
13,874939	4,066471
13,762243	4,069406
13,693373	4,069080
13,236329	4,070710
12,372327	4,071363
11,523978	4,073319
11,026238	4,074297
9,893018	4,075602
8,960147	4,076580
7,614057	4,078211
5,632488	4,079841
3,782398	4,081797
2,345525	4,084406
1,484654	4,085058
1,237349	4,087341
0,673870	4,088645
0,561174	4,090276
0,711435	4,091580
0,614392	4,092232
0,395261	4,093211
0,514217	4,094515
0,680131	4,095493
0,564304	4,097450
0,539261	4,098754
0,382739	4,101689
0,238739	4,102667
0,251260	4,104950
0,739609	4,105928
0,523609	4,106906
0,072825	4,107884
0,285695	4,108863
0,100999	4,111798
0,273173	4,113428
0,533000	4,115058
0,620652	4,115711
0,526739	4,117341
0,185521	4,118319
0,514217	4,120602
0,301347	4,121580
0,320130	4,123537
0,539261	4,123863
0,326391	4,125167
0,774044	4,126471
0,567435	4,130058
0,295087	4,131037
0,282565	4,132341
0,429696	4,132341
0,066564	4,134950
0,623783	4,137885
0,260652	4,137558
0,533000	4,139189
0,116651	4,139841
0,160478	4,142776
0,717696	4,144406
0,579957	4,144406
0,432826	4,145385
0,310739	4,147993
0,539261	4,149624
0,874218	4,149624
0,351434	4,151906
0,229347	4,154515
0,273173	4,155819
0,163608	4,155819
0,310739	4,157776
0,310739	4,160385
0,570565	4,161363
0,645696	4,161363
0,367087	4,164298
0,451609	4,166254
0,025869	4,166580
0,254391	4,168537
0,310739	4,171472
0,398391	4,170819
0,586218	4,172124
0,755261	4,175711
0,658218	4,176037
0,085347	4,177341
0,122912	4,179950
0,489174	4,178972
0,504826	4,181254
0,194912	4,183863
0,338913	4,183863
0,241869	4,186146
0,332652	4,188102
0,110391	4,188102
0,295087	4,190711
0,423435	4,192667
0,360826	4,192667
0,598739	4,196580
0,498565	4,194950
0,464130	4,198537
0,304478	4,198537
0,141695	4,199841
0,417174	4,203102
0,376478	4,202450
0,119782	4,206037
0,435956	4,205385
0,614392	4,209298
0,558044	4,209624
0,730218	4,210928
0,429696	4,212559
0,542391	4,213211
0,501696	4,215819
0,223086	4,216146
0,454739	4,219080
0,667609	4,218754
0,216826	4,222015
0,176130	4,221363
0,132304	4,224950
0,360826	4,224298
0,517348	4,228211
0,323261	4,227885
0,670739	4,230493
0,389000	4,230820
0,367087	4,234406
0,451609	4,233754
0,260652	4,236037
0,554913	4,237341
0,777174	4,238972
0,636305	4,240602
0,113521	4,241580
0,507957	4,243537
0,354565	4,243863
0,179260	4,246472
0,504826	4,247450
0,595609	4,247776
0,326391	4,251363
0,620652	4,251363
0,226217	4,253972
0,317000	4,254298
0,410913	4,255602
0,276304	4,258537
0,360826	4,258537
0,445348	4,261146
0,154217	4,261146
-0,002305	4,262776
0,448478	4,265711
0,251260	4,265385
0,479783	4,268320
0,338913	4,269624
0,598739	4,270602
0,545522	4,272559
0,285695	4,274189
0,573696	4,275493
0,348304	4,277776
0,414043	4,277450
0,545522	4,279733
0,486043	4,281689
0,085347	4,282015
0,279434	4,285276
0,126043	4,285602
0,461000	4,285928
0,295087	4,288863
0,376478	4,290494
0,360826	4,290820
0,166738	4,293102
0,363956	4,294080
0,216826	4,294733
0,633174	4,297667
0,482913	4,298320
0,342043	4,299624
0,467261	4,302233
0,351434	4,302559
0,817870	4,304189
0,802218	4,306798
0,288826	4,307124
0,313869	4,308754
0,213695	4,311689
0,461000	4,312341
0,620652	4,312667
0,639435	4,314624
0,877349	4,317559
0,248130	4,316907
0,414043	4,318863
0,686392	4,321798
0,789696	4,322124
0,498565	4,323428
0,204304	4,324407
0,529870	4,327668
0,126043	4,327341
0,554913	4,328320
0,257521	4,331581
0,661348	4,333211
0,219956	4,333863
0,501696	4,335168
0,464130	4,337450
0,442217	4,338754
0,367087	4,340059
0,429696	4,340385
0,216826	4,341363
0,564304	4,344950
0,457869	4,345928
0,323261	4,346907
0,110391	4,347885
0,354565	4,349841
0,533000	4,350820
0,442217	4,353428
0,489174	4,354081
0,567435	4,354081
0,476652	4,356363
0,229347	4,359950
0,169869	4,361907
0,254391	4,361255
0,429696	4,361907
0,313869	4,363537
0,410913	4,364189
0,395261	4,367776
0,454739	4,370059
0,385869	4,371689
0,326391	4,371689
0,620652	4,372668
0,273173	4,373972
0,542391	4,375276
0,213695	4,376907
0,100999	4,379515
-0,030479	4,381146
0,360826	4,382776
0,373348	4,384407
0,398391	4,385059
0,345174	4,387015
0,219956	4,388646
0,617522	4,389624
0,288826	4,390602
0,614392	4,392559
0,338913	4,393211
0,451609	4,393537
0,420304	4,395820
0,301347	4,397450
0,664479	4,398755
0,579957	4,400385
0,755261	4,402342
0,755261	4,403320
0,251260	4,404624
0,542391	4,405929
0,379608	4,407559
0,783435	4,409189
0,523609	4,410494
0,507957	4,412124
0,404652	4,414081
0,529870	4,415711
0,179260	4,416689
0,404652	4,418646
-0,061784	4,419298
0,244999	4,421581
0,467261	4,423537
0,570565	4,425168
0,461000	4,426472
0,645696	4,428755
0,373348	4,430059
0,686392	4,430711
0,965001	4,431689
0,357695	4,432668
0,432826	4,433972
0,072825	4,434950
0,320130	4,437559
0,595609	4,439842
0,589348	4,440820
0,482913	4,443103
0,664479	4,443755
0,410913	4,444407
0,914914	4,446037
0,611261	4,447016
0,680131	4,448320
0,673870	4,451255
0,814740	4,453211
0,476652	4,454189
0,648826	4,454842
0,677000	4,456472
0,351434	4,457450
0,526739	4,459081
0,705174	4,461037
0,576826	4,463320
0,717696	4,464950
0,633174	4,465929
0,714566	4,466581
0,495435	4,468211
0,423435	4,469190
0,780305	4,472124
0,216826	4,473755
0,501696	4,474733
0,514217	4,474733
0,708305	4,476363
0,611261	4,477342
0,717696	4,480277
0,570565	4,482233
0,651957	4,482885
0,780305	4,482233
0,692653	4,486472
0,692653	4,487777
0,085347	4,488103
0,188652	4,489733
0,461000	4,492016
0,561174	4,493972
0,576826	4,494298
0,323261	4,495929
0,213695	4,497885
0,439087	4,499516
0,310739	4,499516
0,398391	4,500820
0,445348	4,504081
0,558044	4,504733
0,188652	4,506364
0,407782	4,507994
0,110391	4,509950
0,620652	4,509950
0,379608	4,512233
0,266913	4,514190
0,122912	4,514842
0,104130	4,516146
0,520478	4,519081
0,561174	4,520059
0,320130	4,520059
0,151086	4,522668
0,645696	4,525277
0,041521	4,524950
0,526739	4,526581
1,046392	4,529842
0,116651	4,530168
0,317000	4,530494
0,417174	4,533429
0,476652	4,533103
0,473522	4,535059
0,279434	4,538646
0,492304	4,537668
0,132304	4,540277
0,686392	4,541581
0,461000	4,541907
0,429696	4,544842
0,461000	4,544842
0,683261	4,546472
0,849175	4,549733
0,542391	4,549081
0,310739	4,551364
0,166738	4,552668
0,270043	4,553320
0,213695	4,557233
-0,252741	4,557233
0,370217	4,559190
0,244999	4,560820
0,266913	4,561472
0,285695	4,564733
0,382739	4,564733
0,320130	4,566038
0,301347	4,567342
0,677000	4,568320
0,291956	4,571581
0,235608	4,570929
0,395261	4,574842
0,241869	4,573538
0,645696	4,576146
0,410913	4,577451
0,623783	4,579407
0,320130	4,581038
0,470391	4,582342
0,498565	4,584298
0,695783	4,585277
0,586218	4,587233
0,238739	4,588211
0,348304	4,590168
0,523609	4,590494
0,270043	4,593103
0,392130	4,593103
0,060303	4,596038
0,426565	4,596038
0,454739	4,600277
0,529870	4,598972
0,241869	4,601907
0,379608	4,602559
0,135434	4,604842
0,219956	4,604842
0,244999	4,607777
0,235608	4,608103
0,376478	4,610385
0,360826	4,610712
0,467261	4,612994
0,539261	4,615603
0,291956	4,615603
0,216826	4,617559
0,301347	4,618212
0,238739	4,621799
-0,140045	4,621799
0,248130	4,624407
0,172999	4,624407
0,260652	4,626690
0,232478	4,627342
0,464130	4,628972
-0,118132	4,631255
0,417174	4,630929
0,611261	4,635168
0,082217	4,634190
0,392130	4,637125
0,147956	4,638755
-0,008566	4,638103
0,141695	4,642342
0,417174	4,642668
0,554913	4,643646
0,263782	4,645277
0,360826	4,645277
0,270043	4,649190
0,548652	4,650494
0,003956	4,650494
0,317000	4,654081
0,529870	4,653429
0,504826	4,655712
0,151086	4,657994
0,539261	4,658320
0,348304	4,659951
0,213695	4,661581
0,329521	4,661907
0,226217	4,664842
0,091608	4,666146
0,310739	4,666473
0,116651	4,669733
0,745870	4,670059
0,191782	4,671038
0,282565	4,673320
0,317000	4,675603
0,410913	4,674625
0,373348	4,678212
0,348304	4,680820
0,370217	4,680820
0,060303	4,681146
0,041521	4,684081
0,454739	4,685712
0,385869	4,685060
0,445348	4,687668
0,110391	4,689951
0,445348	4,691255
-0,014827	4,691581
0,420304	4,692886
0,442217	4,695494
0,661348	4,697451
0,054043	4,698103
0,223086	4,698429
0,270043	4,701364
-0,118132	4,702668
0,467261	4,704299
0,248130	4,705603
0,454739	4,706581
0,586218	4,707886
0,198043	4,709842
0,282565	4,712125
0,473522	4,713429
0,301347	4,714733
0,548652	4,715712
0,323261	4,716038
0,163608	4,717668
-0,021088	4,719951
-0,096219	4,721581
0,223086	4,723538
0,050912	4,725168
0,526739	4,726147
0,342043	4,728103
0,304478	4,728103
0,570565	4,730060
0,060303	4,730386
0,263782	4,732342
0,536130	4,734625
0,517348	4,736581
0,592478	4,738538
0,260652	4,740168
0,100999	4,741473
0,432826	4,742777
0,241869	4,744407
0,830392	4,745386
0,545522	4,746364
0,332652	4,746690
0,389000	4,748320
0,539261	4,749951
0,332652	4,751255
0,132304	4,752234
0,279434	4,754190
0,216826	4,755821
0,285695	4,756799
0,373348	4,758755
0,401522	4,760386
0,655087	4,761364
0,426565	4,762994
0,630044	4,764299
0,335782	4,766255
0,526739	4,768212
0,417174	4,769190
0,767783	4,770494
0,520478	4,771799
0,714566	4,773103
0,122912	4,775712
0,611261	4,776690
0,439087	4,778647
0,179260	4,779951
0,686392	4,781255
0,113521	4,783538
0,545522	4,784190
0,210565	4,786147
0,226217	4,788755
0,279434	4,789408
0,651957	4,791364
0,291956	4,792668
0,091608	4,793321
0,579957	4,794299
-0,005436	4,795603
0,032130	4,796908
0,270043	4,798538
0,420304	4,799842
0,251260	4,801799
0,251260	4,803103
0,241869	4,805712
0,404652	4,807016
0,016477	4,808973
0,486043	4,808973
0,138565	4,810603
0,661348	4,811255
0,135434	4,812886
0,376478	4,814190
0,126043	4,816473
0,426565	4,818429
0,564304	4,819408
0,191782	4,820712
0,169869	4,822342
0,548652	4,822668
0,651957	4,825277
0,467261	4,827886
0,410913	4,829516
0,705174	4,830821
0,244999	4,830495
0,032130	4,831799
0,554913	4,833755
0,266913	4,836364
0,179260	4,837016
0,814740	4,837668
0,291956	4,839299
0,576826	4,841908
0,442217	4,843864
0,342043	4,844190
0,392130	4,844842
0,219956	4,847125
0,536130	4,849734
0,417174	4,850712
0,583087	4,850712
0,420304	4,852669
0,448478	4,854625
0,254391	4,857234
0,194912	4,857234
0,401522	4,857560
0,335782	4,860821
0,291956	4,863103
0,367087	4,862451
0,564304	4,864408
0,439087	4,866364
0,304478	4,868647
0,320130	4,868647
0,342043	4,870603
0,185521	4,872234
0,273173	4,873864
0,561174	4,875169
0,410913	4,876147
0,298217	4,878103
0,554913	4,879408
0,511087	4,880712
0,320130	4,881690
0,345174	4,884951
0,489174	4,886256
0,373348	4,886908
0,586218	4,889516
0,304478	4,889516
0,517348	4,890495
0,536130	4,893103
0,282565	4,894408
0,601870	4,894408
0,389000	4,898321
0,407782	4,897669
0,683261	4,899951
0,163608	4,902560
0,573696	4,902560
0,373348	4,904843
0,501696	4,906147
0,683261	4,906799
0,317000	4,908756
0,066564	4,910060
0,163608	4,910712
0,723957	4,913973
-0,039871	4,913973
0,313869	4,916582
0,072825	4,917560
0,457869	4,917886
0,410913	4,920169
0,414043	4,920495
0,113521	4,924082
0,282565	4,923756
0,583087	4,927016
0,454739	4,927016
0,320130	4,928973
0,141695	4,929625
0,060303	4,932234
0,160478	4,933864
0,401522	4,934843
0,204304	4,936473
0,379608	4,936799
-0,099349	4,940386
0,226217	4,940712
0,511087	4,943321
0,235608	4,943321
0,000825	4,946908
0,579957	4,946908
0,395261	4,948864
0,104130	4,948864
-0,008566	4,951799
0,304478	4,952451
0,100999	4,953756
0,313869	4,955386
0,392130	4,956690
0,041521	4,958647
0,335782	4,958647
0,698913	4,962560
0,338913	4,961908
0,404652	4,964843
0,626913	4,964517
-0,099349	4,968104
0,470391	4,968756
0,263782	4,970712
0,326391	4,971690
0,636305	4,972669
0,464130	4,975604
-0,252741	4,974625
-0,008566	4,978864
-0,014827	4,978538
0,266913	4,980169
0,489174	4,981799
0,470391	4,982451
0,395261	4,986038
0,504826	4,985060
0,285695	4,987017
0,432826	4,989951
-0,127523	4,990277
0,426565	4,991582
0,529870	4,994843
0,210565	4,994191
0,363956	4,996473
0,288826	4,998430
0,432826	4,998430
0,260652	5,001038
0,407782	5,002017
0,448478	5,001691
0,260652	5,006256
0,414043	5,007560
0,486043	5,007560
