1,902047	0,986900
2,203059	0,986574
2,199732	0,988531
2,213037	0,987878
2,297852	0,986248
2,274570	0,988531
2,084982	0,988205
2,214700	0,986900
2,061700	0,987878
2,199732	0,988857
2,209711	0,985922
2,159819	0,987878
2,234656	0,988857
2,218026	0,988857
2,214700	0,990487
2,103276	0,993096
2,116580	0,993748
2,119906	0,994074
2,341091	0,997661
1,993515	0,998313
2,131548	0,998313
2,299515	1,001574
2,071678	1,002552
2,118243	1,003531
2,336102	1,007118
2,173124	1,006792
2,226341	1,007770
2,226341	1,010379
2,109928	1,009726
2,214700	1,012987
2,129884	1,015270
2,201395	1,015270
2,065026	1,017226
2,247961	1,019183
2,351070	1,019183
1,963580	1,022118
2,183102	1,022770
2,232993	1,025052
2,292863	1,025379
2,008482	1,027009
2,043406	1,029944
2,193080	1,028966
2,274570	1,032879
2,068352	1,033205
1,810580	1,034835
2,176450	1,037118
2,228004	1,037444
2,485776	1,040379
2,374352	1,039726
2,257939	1,043639
2,252950	1,042009
2,194743	1,045922
2,159819	1,046248
2,262928	1,049183
2,287874	1,049835
2,289537	1,051139
2,123232	1,052770
2,031765	1,053422
2,407613	1,056031
2,264591	1,056031
2,264591	1,059292
2,173124	1,058966
2,252950	1,061574
1,993515	1,061574
2,204722	1,064835
2,291200	1,064835
2,184765	1,068748
2,213037	1,067444
2,249624	1,071357
2,385994	1,070379
2,106602	1,074618
2,316146	1,073313
2,193080	1,077226
2,169798	1,076574
2,159819	1,081140
2,181439	1,079183
2,016797	1,083096
2,093297	1,082444
2,219689	1,086031
2,094961	1,085053
2,394309	1,088966
2,143189	1,088313
2,053384	1,091248
2,006819	1,091574
2,216363	1,093857
2,312820	1,094183
1,918678	1,096140
2,099950	1,098096
2,169798	1,098748
2,103276	1,102661
2,188091	1,101683
2,183102	1,104618
2,103276	1,104618
1,975221	1,106574
2,116580	1,108857
2,269580	1,109509
2,089971	1,112444
2,084982	1,111466
2,109928	1,115379
2,282885	1,115053
2,114917	1,117661
1,978547	1,118966
2,173124	1,119944
2,046732	1,121900
2,109928	1,122553
2,309494	1,124835
2,282885	1,126466
2,063363	1,127444
2,016797	1,129074
2,016797	1,129727
2,228004	1,132335
1,953602	1,133966
2,053384	1,133314
2,236319	1,136574
1,960254	1,137879
2,329450	1,138531
2,244635	1,141466
2,276233	1,142118
2,281222	1,143422
2,206385	1,145053
2,136537	1,146357
2,166472	1,147335
2,199732	1,149944
2,257939	1,150922
2,186428	1,151574
2,367700	1,155161
2,312820	1,154835
2,400961	1,156466
2,188091	1,159074
2,101613	1,158748
2,234656	1,160379
2,148178	1,163966
2,104939	1,164292
2,199732	1,165922
2,015134	1,168205
2,153167	1,168531
2,269580	1,168857
2,361048	1,172118
2,199732	1,173096
2,161482	1,174075
2,286211	1,177009
2,226341	1,177988
2,321135	1,177988
2,203059	1,180922
2,324461	1,181248
2,123232	1,183205
2,148178	1,185814
2,196406	1,186792
2,216363	1,187118
2,254613	1,189727
2,198069	1,191357
2,084982	1,191683
2,189754	1,193966
2,040080	1,194944
2,134874	1,195596
2,173124	1,198857
2,081656	1,199509
2,071678	1,200488
2,208048	1,203096
2,194743	1,204727
2,048395	1,205053
1,973558	1,205379
2,239646	1,208966
2,256276	1,209944
2,169798	1,209944
2,174787	1,212879
2,371026	1,214509
2,346081	1,214835
2,213037	1,215814
2,276233	1,219075
2,359385	1,220705
2,144852	1,220379
2,096624	1,222009
2,214700	1,225270
2,385994	1,227227
2,173124	1,226575
2,257939	1,228531
2,181439	1,231466
2,282885	1,232444
2,063363	1,232444
2,103276	1,234727
2,319472	1,237335
2,158156	1,237662
2,198069	1,238640
2,151504	1,239944
2,267917	1,242879
2,236319	1,243531
2,178113	1,243531
2,053384	1,245814
2,412602	1,248749
1,971895	1,249401
2,179776	1,249727
2,465820	1,252009
2,176450	1,255270
2,179776	1,255922
2,226341	1,255596
2,261265	1,256575
2,134874	1,259509
2,342754	1,261792
2,336102	1,263749
2,093297	1,263423
2,242972	1,264401
2,252950	1,266683
2,211374	1,268640
2,284548	1,270596
2,361048	1,272553
2,138200	1,272227
2,191417	1,273205
2,336102	1,274836
2,324461	1,277444
2,239646	1,279401
2,099950	1,281031
2,242972	1,281357
2,286211	1,282662
2,267917	1,283314
2,274570	1,286249
2,291200	1,288205
2,228004	1,290162
2,186428	1,291466
2,141526	1,292444
2,179776	1,292444
2,321135	1,294075
2,159819	1,295705
2,188091	1,298314
2,104939	1,299618
2,430896	1,301901
2,124895	1,301249
2,249624	1,302227
2,079993	1,304510
2,189754	1,305488
2,103276	1,308749
2,247961	1,309727
2,489103	1,311683
2,307830	1,313966
2,337765	1,314944
2,309494	1,316249
2,046732	1,316575
2,409276	1,317553
2,484113	1,318205
2,241309	1,320814
2,296189	1,322444
2,382668	1,325053
2,372689	1,327010
2,392646	1,328640
2,557287	1,329944
2,337765	1,329944
2,068352	1,331249
2,183102	1,331901
2,374352	1,334184
2,417592	1,335162
2,399298	1,336792
2,369363	1,339075
2,450852	1,340705
2,153167	1,342988
2,410939	1,343966
2,399298	1,345923
2,538994	1,346575
2,311157	1,347879
2,412602	1,348531
2,352733	1,349184
2,517374	1,350488
2,633788	1,352444
2,507396	1,355053
2,593875	1,357662
2,786788	1,358640
2,527353	1,360597
2,489103	1,361249
2,542320	1,362227
2,480787	1,363531
2,552298	1,364510
2,678690	1,366140
2,623809	1,367118
2,731907	1,369401
2,830027	1,372010
2,698646	1,372988
2,788451	1,374944
2,625472	1,376249
3,072832	1,378531
2,971386	1,379510
2,883245	1,381140
2,776810	1,382118
2,846658	1,383423
3,167626	1,384727
3,017951	1,385379
3,117734	1,387010
3,162636	1,387662
3,175941	1,389618
3,210865	1,391575
3,127712	1,392879
3,518528	1,395488
3,583387	1,396466
3,456996	1,397445
3,387148	1,400053
3,616648	1,401684
3,480278	1,403314
3,450344	1,404618
3,681507	1,405597
3,573409	1,407553
3,724746	1,408205
3,847812	1,409510
3,412093	1,410488
3,696474	1,412118
3,646583	1,413749
3,491920	1,414727
3,631616	1,416031
3,751355	1,417988
3,784616	1,418640
3,634942	1,420271
3,598355	1,422553
3,674855	1,423858
3,743040	1,425488
3,671529	1,427118
3,412093	1,428749
3,378833	1,431358
3,332267	1,432988
3,194234	1,433314
3,097778	1,433966
3,287365	1,435597
2,938125	1,436575
3,047886	1,437227
2,716940	1,439836
2,908190	1,440814
2,672038	1,442771
2,592211	1,444075
2,422581	1,445705
2,572255	1,447988
2,455842	1,449945
2,791777	1,451249
2,216363	1,452227
2,492429	1,453532
2,610505	1,456466
2,395972	1,456792
2,425907	1,458749
2,366037	1,460053
2,477461	1,461032
2,432559	1,462988
2,351070	1,463314
2,364374	1,464619
2,307830	1,466249
2,269580	1,467227
2,352733	1,469184
2,228004	1,469510
2,161482	1,471466
2,357722	1,473423
2,381005	1,474727
2,445863	1,476032
2,332776	1,477010
2,412602	1,478314
2,226341	1,480923
2,136537	1,482227
2,262928	1,484510
2,361048	1,485814
2,395972	1,487445
2,123232	1,488749
2,444200	1,490706
2,096624	1,492336
2,385994	1,494293
2,359385	1,494945
2,307830	1,496901
2,376015	1,498206
2,381005	1,499184
2,287874	1,501140
2,068352	1,502445
2,321135	1,503749
2,385994	1,506684
2,459168	1,506358
2,174787	1,507988
2,392646	1,509945
2,341091	1,510923
2,226341	1,512880
2,291200	1,514184
2,232993	1,515488
2,519037	1,518097
2,276233	1,519075
2,301178	1,520380
2,286211	1,521684
2,341091	1,523314
2,535668	1,524619
2,462494	1,525923
2,271243	1,527553
2,249624	1,529184
2,437548	1,530488
2,223015	1,533097
2,612168	1,533749
2,479124	1,534727
2,219689	1,535706
2,204722	1,537662
2,367700	1,539945
2,249624	1,540923
2,319472	1,541575
2,696983	1,542880
2,314483	1,544510
2,469146	1,545814
2,512385	1,547119
2,134874	1,548749
2,459168	1,549075
2,196406	1,551358
2,410939	1,552662
2,429233	1,553640
2,309494	1,554945
2,414265	1,556575
2,376015	1,558206
2,427570	1,559836
2,402624	1,561140
2,254613	1,562119
2,371026	1,563749
2,359385	1,565706
2,239646	1,567010
2,404287	1,568314
2,399298	1,569945
2,470809	1,571575
2,563940	1,572554
2,432559	1,574184
2,352733	1,576140
2,555624	1,577445
2,336102	1,578423
2,578907	1,580706
2,781799	1,582336
2,454179	1,584293
2,583896	1,584945
2,753527	1,586575
2,701973	1,587880
2,753527	1,589510
2,665386	1,591793
2,766831	1,593423
2,904864	1,593749
2,728581	1,596032
2,711951	1,597336
2,795103	1,599293
2,993006	1,600597
2,878255	1,601575
2,951430	1,603858
3,077821	1,605162
3,029593	1,607119
2,966397	1,607445
3,009636	1,609401
3,234147	1,610380
2,984690	1,611684
2,994669	1,612662
3,032919	1,614293
3,067843	1,614945
3,054538	1,616575
2,821712	1,618206
3,061191	1,620488
3,174278	1,621793
2,931473	1,623423
3,072832	1,625054
2,888234	1,626358
2,993006	1,628641
2,913179	1,629945
3,034582	1,631575
2,899875	1,632228
2,786788	1,635162
2,796766	1,635488
2,904864	1,637445
2,765168	1,639075
2,637114	1,641358
2,479124	1,642010
2,728581	1,643641
2,555624	1,644293
2,570592	1,645597
2,662059	1,647228
2,617157	1,649836
2,530679	1,650815
2,354396	1,651467
2,522363	1,654402
2,685342	1,655054
2,545646	1,656032
2,457505	1,657662
2,262928	1,658967
2,447526	1,659945
2,519037	1,661249
2,362711	1,663532
2,372689	1,664184
2,389320	1,665488
2,617157	1,666467
2,580570	1,668749
2,512385	1,669075
2,736897	1,671358
2,435885	1,672010
2,344418	1,673967
2,334439	1,675597
2,673701	1,677228
2,642103	1,678532
2,567266	1,679184
2,570592	1,680815
2,726918	1,683423
2,660396	1,684075
2,425907	1,685054
2,652081	1,688315
2,708625	1,688641
2,638777	1,689293
2,790114	1,692228
2,778473	1,693532
2,984690	1,694510
2,911516	1,696793
2,800092	1,698097
2,966397	1,699402
2,978038	1,702010
2,879919	1,702662
2,665386	1,704293
2,918169	1,705923
3,026267	1,707554
3,192571	1,709184
3,027930	1,710815
2,966397	1,712119
3,139354	1,713097
3,104430	1,714728
3,127712	1,715054
3,131039	1,716684
3,184256	1,719619
3,061191	1,720271
2,961408	1,720923
2,958082	1,722880
3,141017	1,723532
3,054538	1,724836
2,898212	1,727445
3,037908	1,728097
2,981364	1,730380
2,813397	1,731032
2,903201	1,732663
2,768494	1,734293
2,963071	1,736576
2,844995	1,737228
2,703636	1,737554
2,643766	1,739510
2,673701	1,741467
2,578907	1,743097
2,781799	1,744402
2,562277	1,746358
2,562277	1,747989
2,429233	1,749619
2,713614	1,750923
2,430896	1,752880
2,469146	1,754184
2,465820	1,755489
2,485776	1,757771
2,425907	1,758750
2,480787	1,761032
2,725255	1,762663
2,793440	1,763641
2,595538	1,765597
2,532342	1,766902
2,492429	1,768858
2,836679	1,770489
2,823375	1,771467
2,773484	1,772445
2,693657	1,774076
2,904864	1,775706
2,746875	1,777010
2,691994	1,778641
2,740223	1,779619
2,821712	1,780923
2,971386	1,783532
2,685342	1,784510
2,968060	1,786793
2,716940	1,786793
2,828364	1,788424
2,801755	1,790706
3,190908	1,792010
3,009636	1,792337
3,056201	1,795271
3,190908	1,795271
3,252441	1,797554
3,330604	1,798532
3,250778	1,799510
3,385485	1,801793
3,358876	1,803750
3,515202	1,804402
3,443691	1,806032
3,372180	1,807663
3,551789	1,808967
3,613322	1,810271
3,713105	1,811250
3,565094	1,813206
3,673192	1,813858
3,601681	1,815163
3,663214	1,817119
3,590039	1,818424
3,533496	1,819402
3,473626	1,820054
3,583387	1,822989
3,294017	1,822989
3,468637	1,824945
3,555115	1,825597
3,511876	1,828206
3,244126	1,829184
3,571746	1,831141
3,254104	1,832771
3,094452	1,834728
3,017951	1,835706
2,936462	1,837011
2,771820	1,839619
2,828364	1,839945
2,731907	1,842228
2,879919	1,843532
2,662059	1,845163
2,665386	1,846793
2,419255	1,848750
2,327787	1,850054
2,625472	1,851358
2,327787	1,853967
2,294526	1,854293
2,587222	1,856576
2,552298	1,856902
2,425907	1,858532
2,457505	1,859837
2,534005	1,861467
2,159819	1,862119
2,312820	1,864728
1,951938	1,864402
2,341091	1,866358
2,366037	1,867989
2,237983	1,868641
2,223015	1,869945
2,349407	1,871576
2,322798	1,873532
2,139863	1,874837
2,111591	1,876793
2,337765	1,877119
2,279559	1,878750
2,201395	1,880706
2,149841	1,882337
2,083319	1,884293
2,136537	1,885272
2,154830	1,888206
2,151504	1,889185
2,134874	1,890489
1,985199	1,892119
2,342754	1,893424
1,998504	1,895054
2,011808	1,896685
2,055047	1,898641
2,063363	1,899619
1,983536	1,901250
2,006819	1,902554
1,946949	1,904511
2,055047	1,905163
2,050058	1,906141
2,372689	1,907445
2,138200	1,908750
2,035091	1,910380
1,955265	1,912011
2,183102	1,912337
1,767340	1,913967
2,060037	1,914945
2,086645	1,917554
2,040080	1,918532
1,955265	1,920163
2,021786	1,920489
1,961917	1,924402
1,993515	1,925706
1,925330	1,928315
2,055047	1,928315
1,862134	1,930598
1,890406	1,932228
1,863797	1,932880
1,882091	1,934837
1,915351	1,936467
1,870449	1,937772
1,870449	1,939728
2,026776	1,941033
1,798938	1,942011
1,544492	1,943967
2,020123	1,944946
1,973558	1,946576
2,060037	1,948206
1,800601	1,947880
1,960254	1,949185
2,144852	1,951467
2,084982	1,950489
1,680862	1,953424
2,203059	1,956033
1,941960	1,956359
2,016797	1,958315
1,858808	1,959619
1,880427	1,961250
1,840514	1,963533
1,855482	1,964511
1,917015	1,965489
1,795612	1,968098
1,803927	1,968750
1,714123	1,971359
2,098287	1,973315
1,908699	1,974620
2,119906	1,976250
2,063363	1,976902
2,046732	1,979185
1,813906	1,981467
1,832199	1,982446
1,885417	1,984076
2,068352	1,984076
2,101613	1,986033
1,973558	1,988315
1,973558	1,989620
2,183102	1,990272
2,028439	1,991576
2,068352	1,992228
1,893732	1,993859
2,003493	1,995163
1,995178	1,997120
2,040080	1,998098
2,079993	1,999076
2,099950	2,000380
2,136537	2,002337
2,153167	2,004293
2,276233	2,005598
1,840514	2,007228
2,013471	2,009185
2,015134	2,010489
1,963580	2,012772
1,988526	2,014076
2,124895	2,016033
2,186428	2,017989
1,963580	2,018641
1,981873	2,020272
1,910362	2,021250
1,798938	2,022880
1,907036	2,023533
1,986862	2,024837
2,113254	2,025815
1,933645	2,027446
1,995178	2,028750
1,935308	2,030054
1,757362	2,032011
1,930319	2,033315
1,966906	2,034620
1,961917	2,036576
1,986862	2,039511
1,956928	2,040163
1,852156	2,042446
1,762351	2,043098
1,990189	2,045707
1,963580	2,047011
1,710797	2,047663
1,961917	2,049620
1,730753	2,050272
1,978547	2,050924
2,138200	2,052554
2,038417	2,053533
1,973558	2,054837
1,850493	2,055815
2,015134	2,059402
1,847167	2,061033
2,003493	2,062663
1,870449	2,063968
1,817232	2,065924
1,710797	2,066902
1,867123	2,068859
1,960254	2,069185
1,815569	2,070489
1,860471	2,071794
1,893732	2,072120
1,872112	2,074728
1,877101	2,075707
1,877101	2,076685
1,785634	2,078968
1,865460	2,080272
2,178113	2,082555
1,930319	2,083533
1,699155	2,085489
1,913688	2,086794
1,767340	2,088750
2,018460	2,090707
1,880427	2,092011
1,897058	2,093315
2,128221	2,093968
1,812243	2,095598
1,833862	2,096250
1,669221	2,097881
1,817232	2,099511
1,842177	2,100489
1,655916	2,102120
1,890406	2,104402
1,960254	2,106685
1,981873	2,107989
1,926993	2,109620
1,913688	2,110272
1,837188	2,111902
1,847167	2,112881
1,910362	2,113207
1,872112	2,115489
1,793949	2,116142
1,815569	2,119076
1,890406	2,120707
2,016797	2,122663
1,908699	2,124620
2,041743	2,124946
1,978547	2,127881
1,873775	2,128533
1,966906	2,128859
1,853819	2,129185
1,930319	2,131794
1,975221	2,134076
1,847167	2,135707
1,699155	2,137989
2,114917	2,138968
1,880427	2,140924
1,823884	2,140272
2,103276	2,141576
1,938634	2,143207
1,729090	2,145163
1,845504	2,147446
1,971895	2,149076
1,747384	2,150707
1,785634	2,151359
1,798938	2,152663
1,980210	2,152989
1,925330	2,155924
1,986862	2,156576
1,832199	2,159511
1,912025	2,160489
1,795612	2,162120
1,704145	2,163098
1,961917	2,163750
1,865460	2,165381
1,744058	2,167011
1,938634	2,168968
1,973558	2,172229
1,880427	2,172229
1,920341	2,174185
1,917015	2,174511
1,883754	2,175163
1,976884	2,175816
2,035091	2,179076
2,023449	2,180707
2,035091	2,182989
1,991852	2,183642
1,875438	2,185272
1,853819	2,185598
2,098287	2,186576
1,840514	2,189185
1,892069	2,191468
1,828873	2,192772
1,795612	2,193750
1,778982	2,195055
1,759025	2,195381
1,877101	2,197337
1,925330	2,200598
1,817232	2,201903
1,788960	2,202881
1,925330	2,203533
2,053384	2,204185
2,143189	2,207120
1,895395	2,208750
2,005156	2,211359
2,119906	2,211685
1,868786	2,212663
1,769003	2,212663
1,717449	2,215598
1,968569	2,218533
1,833862	2,218859
1,858808	2,219511
1,902047	2,220816
1,875438	2,223098
1,965243	2,224729
1,730753	2,227011
1,857145	2,227663
1,946949	2,228316
1,913688	2,229620
1,815569	2,232229
2,040080	2,234185
1,783971	2,235163
1,991852	2,235163
1,719112	2,236468
1,995178	2,240055
1,880427	2,241685
1,907036	2,242011
1,941960	2,242990
1,996841	2,244620
1,689177	2,247229
1,865460	2,248859
1,882091	2,249511
1,867123	2,250164
1,838851	2,250816
1,908699	2,254077
1,928656	2,255707
1,875438	2,256033
1,926993	2,257337
1,900384	2,258968
2,046732	2,261577
2,000167	2,263207
1,918678	2,263859
1,833862	2,265164
1,946949	2,267120
1,940297	2,270055
1,973558	2,269729
1,893732	2,270707
1,855482	2,273316
1,928656	2,274946
1,988526	2,276577
1,762351	2,277229
1,913688	2,277881
1,993515	2,279837
1,797275	2,281794
1,877101	2,283424
1,782308	2,283424
1,973558	2,285381
1,865460	2,287990
1,875438	2,289620
1,880427	2,289620
1,917015	2,290924
1,893732	2,293207
1,960254	2,295164
1,882091	2,296468
1,770666	2,296794
1,787297	2,300381
1,887080	2,301033
1,614340	2,301359
1,724101	2,303316
1,882091	2,305272
1,936971	2,306577
1,788960	2,307229
1,882091	2,310164
1,740732	2,311142
1,837188	2,312772
2,023449	2,313098
1,926993	2,315381
1,910362	2,318642
1,832199	2,318316
1,943623	2,318968
1,870449	2,321903
1,785634	2,323859
1,852156	2,323533
1,960254	2,325490
1,827210	2,328751
1,897058	2,329077
1,965243	2,329403
2,104939	2,332338
1,764014	2,334294
2,030102	2,333642
1,960254	2,334294
1,950275	2,337881
1,782308	2,340490
2,025113	2,339838
2,028439	2,340816
1,902047	2,343751
1,850493	2,345381
1,928656	2,345055
1,561123	2,348968
1,928656	2,349946
1,787297	2,349620
1,993515	2,351577
1,858808	2,354185
1,805590	2,354838
1,890406	2,355816
1,971895	2,358425
1,825547	2,360055
1,925330	2,360055
2,078330	2,362664
1,870449	2,363968
1,930319	2,364294
1,907036	2,365925
1,965243	2,368859
1,832199	2,368533
1,988526	2,371468
1,729090	2,373099
1,930319	2,373425
1,955265	2,375707
1,684188	2,377990
1,860471	2,377664
2,005156	2,378968
1,895395	2,382229
1,855482	2,382881
1,790623	2,383533
1,863797	2,387120
1,729090	2,386794
1,773992	2,387772
1,724101	2,390707
1,744058	2,392012
2,030102	2,392012
2,065026	2,395599
1,960254	2,396577
1,933645	2,396577
1,870449	2,399512
1,694166	2,401142
1,765677	2,401142
1,697492	2,404077
1,917015	2,404729
1,828873	2,405381
1,857145	2,408316
1,805590	2,409294
1,946949	2,410599
1,893732	2,412555
1,938634	2,412229
2,010145	2,414838
1,865460	2,417773
2,109928	2,416142
1,835525	2,419403
1,910362	2,422012
1,744058	2,422012
1,800601	2,424294
2,119906	2,426251
2,005156	2,425599
1,780645	2,428860
1,902047	2,429838
1,842177	2,429838
1,988526	2,433425
2,086645	2,433425
1,907036	2,435381
1,695829	2,436686
1,920341	2,437664
2,060037	2,440925
1,990189	2,440273
1,837188	2,442229
1,857145	2,445164
2,058373	2,444512
1,945286	2,448425
2,124895	2,447773
1,902047	2,450381
1,797275	2,452338
2,008482	2,452012
1,888743	2,455925
2,066689	2,454620
1,986862	2,458207
1,926993	2,459186
1,759025	2,460164
2,099950	2,462447
2,128221	2,462447
1,873775	2,465381
1,827210	2,466360
2,048395	2,468642
1,793949	2,469620
1,998504	2,469620
1,945286	2,472229
1,702481	2,472881
1,985199	2,476142
1,887080	2,476468
1,950275	2,478099
1,860471	2,480055
1,800601	2,480055
1,747384	2,483642
1,953602	2,482338
2,025113	2,485925
1,835525	2,485925
1,883754	2,488860
2,211374	2,489838
1,662568	2,491468
1,616003	2,493099
2,065026	2,494077
2,016797	2,495055
1,827210	2,496360
1,837188	2,499294
2,050058	2,499294
1,665894	2,501577
1,695829	2,502229
1,910362	2,503207
1,735742	2,506142
2,006819	2,507773
1,682525	2,508751
2,058373	2,509077
2,116580	2,512338
1,913688	2,512664
1,990189	2,515599
1,827210	2,515599
1,596047	2,518208
1,887080	2,518534
1,888743	2,519838
2,043406	2,522121
2,028439	2,522773
1,777319	2,524729
1,863797	2,525708
1,938634	2,528642
1,727427	2,527990
1,902047	2,531251
1,897058	2,531577
1,792286	2,533534
1,790623	2,535490
1,883754	2,535490
1,848830	2,538425
2,108265	2,538751
2,048395	2,542664
1,788960	2,541034
1,868786	2,544947
1,855482	2,543968
1,978547	2,547881
1,835525	2,547555
1,983536	2,550816
1,966906	2,550490
1,953602	2,553099
1,945286	2,553751
1,870449	2,556686
1,908699	2,556360
1,907036	2,559295
1,976884	2,559621
1,798938	2,562555
1,813906	2,561903
1,715786	2,564838
1,852156	2,564512
2,016797	2,568099
1,838851	2,567773
1,946949	2,571360
1,734079	2,570708
1,772329	2,573968
1,933645	2,574295
1,885417	2,576903
2,001830	2,576903
1,950275	2,579838
1,815569	2,579512
1,968569	2,582447
1,993515	2,583099
1,941960	2,586034
1,946949	2,585708
2,056710	2,587990
2,005156	2,589947
2,101613	2,590599
2,066689	2,592555
1,883754	2,592882
1,825547	2,595490
1,807253	2,595816
1,867123	2,599403
2,083319	2,598751
2,094961	2,601360
1,963580	2,602664
2,050058	2,603969
2,111591	2,606577
1,905373	2,605599
1,917015	2,609186
1,926993	2,609186
2,025113	2,611469
2,181439	2,613099
1,990189	2,614403
2,502407	2,616686
1,928656	2,616360
2,179776	2,619947
2,194743	2,618969
2,129884	2,621251
1,978547	2,622882
2,246298	2,623860
2,146515	2,626795
2,201395	2,626795
2,013471	2,629403
2,114917	2,630056
2,128221	2,631360
2,161482	2,633969
2,229667	2,634295
2,306167	2,636577
2,204722	2,637882
1,956928	2,639186
2,241309	2,642447
2,277896	2,641795
2,294526	2,643425
2,257939	2,645708
2,326124	2,645382
2,206385	2,648643
2,261265	2,650273
2,400961	2,649947
2,507396	2,653208
2,025113	2,654186
2,302841	2,655490
2,432559	2,656469
2,256276	2,657447
2,547309	2,660056
2,525690	2,661686
2,367700	2,661360
2,332776	2,664295
2,332776	2,665925
2,327787	2,666577
2,459168	2,668860
2,341091	2,669512
2,495755	2,670490
2,578907	2,673751
2,371026	2,674403
2,527353	2,675056
2,385994	2,678317
2,627135	2,677012
2,400961	2,681577
2,552298	2,681577
2,352733	2,683534
2,617157	2,684838
2,568929	2,685164
2,558951	2,687773
2,677027	2,689730
2,693657	2,689404
2,756853	2,692012
2,349407	2,693317
2,545646	2,693643
2,622146	2,696577
2,786788	2,697230
2,524027	2,698534
2,813397	2,701795
3,047886	2,702121
2,748538	2,703099
2,878255	2,706360
2,750201	2,706686
2,582233	2,707664
2,838342	2,710599
3,195897	2,709947
2,778473	2,712882
3,146006	2,714838
3,111082	2,714838
3,087799	2,716143
2,913179	2,719404
3,257430	2,719077
3,442028	2,720708
3,313974	2,722664
3,347235	2,723969
3,375506	2,724295
3,453670	2,727556
3,297343	2,729512
3,480278	2,729512
3,605007	2,730817
3,556779	2,734077
3,654898	2,734730
3,668203	2,734404
3,571746	2,738317
3,955910	2,738969
3,841160	2,740273
3,585050	2,741904
4,017442	2,744186
3,884399	2,744186
3,896040	2,745491
4,190399	2,747773
4,255258	2,750056
4,523009	2,750056
4,567911	2,751686
4,710933	2,754621
4,717585	2,753969
4,676009	2,754295
4,920477	2,757556
5,091771	2,759838
4,902183	2,761795
5,332912	2,762121
5,532478	2,762447
5,302978	2,765708
5,560750	2,766360
5,778609	2,767012
5,964870	2,770599
5,993142	2,772230
6,289164	2,772556
6,250914	2,772230
6,372317	2,775165
6,648382	2,775165
6,959372	2,778425
6,932763	2,776469
7,270362	2,781034
7,586341	2,783317
7,767613	2,784947
8,343027	2,784947
8,499353	2,784947
8,813669	2,788208
9,192844	2,790817
9,655171	2,791795
10,521618	2,792447
10,568183	2,793425
10,958999	2,796034
11,566011	2,798317
12,214599	2,799621
12,879818	2,799295
13,335493	2,799621
14,088853	2,802556
14,963616	2,805491
15,464193	2,807447
15,823411	2,806795
16,683206	2,807773
16,724782	2,810382
17,463175	2,812339
17,772501	2,814621
18,010317	2,814295
18,742058	2,814621
18,775319	2,815273
19,289200	2,819839
19,553624	2,822447
19,814723	2,822121
19,655070	2,822447
19,947766	2,825056
19,751527	2,827339
19,981027	2,829295
20,268734	2,830273
19,904527	2,829947
19,904527	2,830926
19,784788	2,833208
19,586885	2,836143
19,395635	2,838099
19,089634	2,838099
18,776982	2,840056
18,441046	2,840056
17,930491	2,841686
17,684360	2,843643
17,072359	2,845599
16,355586	2,847556
15,936498	2,849513
15,061735	2,850491
14,195288	2,851795
13,019514	2,852447
12,021686	2,853426
10,539911	2,855708
9,475562	2,856360
8,590821	2,859947
7,992124	2,861578
6,934426	2,862230
6,641730	2,863208
6,036381	2,864839
5,640576	2,865491
5,251423	2,866469
5,080129	2,868099
4,804064	2,871360
4,461476	2,872991
4,428215	2,873643
4,180421	2,875926
4,064008	2,876578
3,899366	2,877556
3,756344	2,877882
3,668203	2,880165
3,561768	2,881143
3,455333	2,883426
3,244126	2,884404
3,400452	2,886360
3,209202	2,888317
3,234147	2,890273
2,968060	2,891252
3,139354	2,892556
3,021277	2,895491
2,944777	2,895817
2,756853	2,896469
3,004647	2,899730
2,949766	2,900056
2,705299	2,901360
2,913179	2,902665
2,768494	2,904621
2,811734	2,906578
2,838342	2,906904
2,811734	2,908208
2,735233	2,910165
2,818386	2,911143
2,632125	2,913100
2,682016	2,913426
2,755190	2,915708
2,643766	2,917013
2,495755	2,918317
2,520700	2,920274
2,507396	2,921578
2,796766	2,923208
2,726918	2,924839
2,570592	2,926143
2,532342	2,927121
2,420918	2,928752
2,352733	2,930056
2,652081	2,929730
2,507396	2,932665
2,495755	2,933643
2,347744	2,935926
2,374352	2,937230
2,430896	2,939187
2,439211	2,940491
2,454179	2,942447
2,590548	2,943752
2,492429	2,944404
2,469146	2,946687
2,507396	2,948317
2,351070	2,949621
2,510722	2,953208
2,479124	2,952882
2,502407	2,954839
2,590548	2,956795
2,470809	2,957774
2,422581	2,960056
2,741886	2,960056
2,625472	2,962339
2,447526	2,963317
2,301178	2,964621
2,482450	2,965274
2,404287	2,967556
2,241309	2,967882
2,520700	2,968861
2,565603	2,971143
2,535668	2,972448
2,610505	2,974078
2,537331	2,975708
2,672038	2,976687
2,552298	2,978643
2,655407	2,981252
2,477461	2,982230
2,475798	2,984187
2,582233	2,986143
2,675364	2,987448
2,788451	2,988426
2,961408	2,988752
2,565603	2,990056
2,785125	2,991361
2,831690	2,992991
2,765168	2,994948
2,806744	2,996578
2,899875	2,998535
3,064517	2,999513
2,909853	3,001795
2,958082	3,003426
3,027930	3,003752
3,187582	3,005056
3,150995	3,005708
3,503561	3,007013
3,076158	3,008317
3,244126	3,010600
3,295680	3,012882
3,560105	3,014839
3,465311	3,016795
3,535159	3,017122
3,328941	3,019404
3,643257	3,020056
3,774638	3,020056
3,470300	3,021687
3,663214	3,023969
3,551789	3,025926
3,422072	3,027882
3,729735	3,029187
3,516865	3,029187
3,550126	3,031143
3,600018	3,032448
3,648246	3,035056
3,811225	3,037665
3,445354	3,038317
3,568420	3,039295
3,373843	3,039948
3,372180	3,040600
3,383822	3,043535
3,260756	3,045491
3,526844	3,047448
3,473626	3,048100
3,154321	3,048752
3,180930	3,049730
2,963071	3,052665
3,222506	3,054622
3,056201	3,055600
2,858299	3,055274
3,021277	3,056252
2,395972	3,059187
2,550635	3,061469
2,505733	3,063100
2,309494	3,064404
2,502407	3,064404
2,206385	3,065382
2,409276	3,067665
2,467483	3,069948
2,316146	3,071578
2,266254	3,072556
2,332776	3,073861
2,088308	3,074839
2,103276	3,076469
2,043406	3,080056
2,269580	3,080709
2,184765	3,081687
2,301178	3,081361
2,336102	3,083969
2,139863	3,086578
2,063363	3,088535
2,053384	3,088861
2,068352	3,089513
2,106602	3,092448
2,000167	3,093752
2,121569	3,095056
2,023449	3,095709
2,252950	3,097665
2,015134	3,099622
2,023449	3,100274
1,895395	3,100926
2,234656	3,102556
1,971895	3,105165
2,116580	3,107448
2,018460	3,108426
2,093297	3,108100
2,229667	3,108100
2,106602	3,112013
2,224678	3,113970
2,113254	3,113970
1,922004	3,116578
2,068352	3,117556
2,218026	3,120817
2,286211	3,119839
2,149841	3,122122
2,119906	3,124404
2,164808	3,126687
1,971895	3,125709
2,026776	3,127339
2,103276	3,128970
2,066689	3,131578
2,234656	3,133861
1,961917	3,132230
2,169798	3,134839
2,030102	3,137448
1,976884	3,139404
2,051721	3,139730
2,209711	3,141035
2,209711	3,142013
2,201395	3,145600
2,213037	3,144296
2,326124	3,145600
2,066689	3,149187
2,306167	3,150491
2,234656	3,151144
2,309494	3,153100
2,435885	3,155709
2,098287	3,157339
2,472472	3,156687
2,218026	3,158317
2,352733	3,161252
2,094961	3,161578
2,302841	3,162883
2,484113	3,165491
2,490766	3,167122
2,356059	3,167448
2,519037	3,168752
2,537331	3,172013
2,495755	3,169404
2,482450	3,172665
2,489103	3,175926
2,622146	3,176578
2,628798	3,177231
2,815060	3,179513
2,778473	3,182122
2,612168	3,181470
2,911516	3,182774
2,748538	3,186687
2,821712	3,187339
2,595538	3,187665
2,883245	3,190274
2,868277	3,192557
2,988017	3,191904
3,097778	3,193861
3,150995	3,196144
3,032919	3,197448
3,513539	3,198100
3,456996	3,200709
3,613322	3,201361
3,822866	3,202665
3,872757	3,205600
4,078975	3,205274
4,103921	3,207231
4,182084	3,209839
4,296834	3,208861
4,379987	3,211144
4,207030	3,214078
4,621128	3,214405
4,526335	3,215709
4,902183	3,218318
4,857281	3,218644
4,654389	3,219296
4,782444	3,222557
4,870585	3,223861
5,083455	3,223861
5,008618	3,227774
5,001966	3,227448
4,947086	3,228752
5,113390	3,231361
4,986999	3,232339
5,053521	3,232665
5,292999	3,235600
5,078466	3,236578
5,234793	3,236905
5,075140	3,239187
5,120042	3,241144
5,053521	3,241796
4,845640	3,245383
4,962053	3,245383
4,795748	3,246361
4,724237	3,248970
4,489748	3,249296
4,680998	3,251578
4,463139	3,252883
4,308476	3,254513
4,228649	3,255492
4,097269	3,256470
3,909344	3,258752
3,729735	3,259731
3,438702	3,260709
3,132702	3,263970
3,139354	3,263644
2,856636	3,265274
2,944777	3,268861
2,622146	3,268209
2,593875	3,271796
2,327787	3,270818
2,445863	3,273752
2,189754	3,276035
2,296189	3,275709
2,279559	3,278644
2,063363	3,278318
2,329450	3,281252
2,339428	3,282231
1,973558	3,282883
2,439211	3,284839
2,154830	3,285818
2,239646	3,288752
2,025113	3,288752
2,026776	3,291687
2,161482	3,291361
1,993515	3,293970
2,058373	3,295274
1,983536	3,296579
2,103276	3,298861
2,136537	3,299187
2,143189	3,302774
2,075004	3,302122
2,149841	3,304405
2,164808	3,304731
2,232993	3,307666
2,050058	3,307666
2,035091	3,311253
2,063363	3,310274
2,075004	3,314187
1,920341	3,314187
2,015134	3,315818
2,081656	3,316796
1,880427	3,318753
1,988526	3,321361
2,101613	3,320709
2,108265	3,323644
2,134874	3,323318
2,016797	3,327231
2,025113	3,326253
1,988526	3,330166
1,754036	3,329187
1,862134	3,332774
1,966906	3,333100
2,093297	3,335709
1,943623	3,335709
2,121569	3,338970
1,995178	3,337992
1,847167	3,342557
1,960254	3,341579
1,945286	3,344840
1,883754	3,343861
1,925330	3,347448
1,980210	3,346144
2,083319	3,350383
2,091634	3,351035
1,887080	3,353318
1,830536	3,352992
2,076667	3,355600
1,938634	3,355600
1,907036	3,357883
1,940297	3,358861
2,023449	3,361796
1,965243	3,362448
1,950275	3,364405
2,194743	3,365383
2,109928	3,365709
1,988526	3,369296
2,025113	3,369296
2,041743	3,372883
2,084982	3,372231
1,933645	3,374840
1,848830	3,375492
2,051721	3,377774
1,936971	3,378100
1,915351	3,380709
1,895395	3,380383
1,993515	3,384296
2,091634	3,383318
1,983536	3,387883
2,103276	3,386253
1,971895	3,389187
1,907036	3,390492
2,021786	3,391144
1,996841	3,391796
2,094961	3,393101
2,070015	3,397666
1,823884	3,397666
2,094961	3,400274
2,026776	3,398970
1,870449	3,403535
2,138200	3,402557
1,956928	3,405492
2,136537	3,405492
2,129884	3,407448
1,870449	3,409405
2,020123	3,410709
2,021786	3,411361
1,986862	3,412340
2,015134	3,416253
2,000167	3,412666
1,970232	3,418535
2,184765	3,419188
2,036754	3,418535
1,951938	3,422774
2,204722	3,423427
1,858808	3,426361
2,129884	3,425709
1,986862	3,429622
1,897058	3,429296
1,950275	3,431253
1,915351	3,433209
2,083319	3,434514
2,124895	3,435492
2,056710	3,436144
2,299515	3,439079
2,292863	3,440057
2,045069	3,440057
2,203059	3,441688
2,154830	3,443970
2,131548	3,446579
2,216363	3,445927
2,221352	3,449188
2,385994	3,449514
2,188091	3,452775
2,354396	3,452775
2,254613	3,454079
2,184765	3,456688
2,284548	3,457014
2,208048	3,459622
2,153167	3,461905
2,098287	3,460927
2,113254	3,464514
2,166472	3,464188
2,119906	3,466470
2,026776	3,469079
2,193080	3,468753
2,181439	3,471362
2,344418	3,473970
2,221352	3,473318
2,206385	3,475601
2,079993	3,477557
2,129884	3,477557
2,206385	3,479514
2,143189	3,481796
2,479124	3,482122
2,136537	3,485057
2,223015	3,485057
2,442537	3,485383
2,171461	3,489622
2,031765	3,490275
2,259602	3,490927
2,251287	3,493535
2,131548	3,495166
2,128221	3,495166
2,221352	3,497449
2,203059	3,498427
2,174787	3,499405
2,287874	3,502666
2,256276	3,503318
2,196406	3,503970
2,106602	3,506579
2,199732	3,507883
2,149841	3,507883
2,274570	3,510492
2,060037	3,512775
2,173124	3,512122
2,109928	3,515057
2,083319	3,517014
2,030102	3,517666
2,060037	3,518644
2,189754	3,521253
1,968569	3,522557
2,385994	3,522557
2,079993	3,525492
2,474135	3,527449
2,086645	3,527775
2,168135	3,528427
2,151504	3,531362
2,193080	3,531688
2,221352	3,532992
2,261265	3,535275
2,124895	3,537231
2,362711	3,538209
2,327787	3,538862
2,144852	3,541144
2,001830	3,542775
2,128221	3,544731
2,252950	3,544405
2,188091	3,547992
2,129884	3,549623
2,196406	3,550275
2,181439	3,551253
2,404287	3,552883
2,244635	3,554840
2,312820	3,555818
2,139863	3,557449
2,148178	3,559079
1,978547	3,560710
2,211374	3,561036
2,129884	3,562340
2,282885	3,565275
2,179776	3,567231
1,976884	3,568536
2,346081	3,567883
2,214700	3,569514
2,184765	3,571796
2,113254	3,574079
2,319472	3,575710
2,234656	3,576688
2,123232	3,577340
2,291200	3,578318
2,015134	3,580927
2,134874	3,583862
2,131548	3,583862
2,075004	3,585166
2,124895	3,586797
2,094961	3,587123
2,193080	3,589731
2,124895	3,590710
2,011808	3,592666
2,168135	3,593970
2,241309	3,594623
2,093297	3,595275
2,108265	3,596905
2,099950	3,600818
2,226341	3,601797
1,955265	3,603101
2,041743	3,604079
2,204722	3,605057
2,176450	3,607014
2,146515	3,607666
2,136537	3,609949
2,158156	3,612231
2,134874	3,614188
2,359385	3,615492
2,193080	3,615818
2,332776	3,616797
1,946949	3,617449
2,056710	3,618427
2,276233	3,622340
2,352733	3,622992
2,256276	3,625927
2,232993	3,626905
2,237983	3,628210
2,096624	3,629514
2,098287	3,630818
1,951938	3,631144
2,159819	3,633427
2,272906	3,633753
2,199732	3,635710
2,148178	3,636362
1,991852	3,638644
2,169798	3,641253
1,990189	3,643536
2,151504	3,644514
2,020123	3,646471
2,176450	3,647775
2,040080	3,648753
2,214700	3,650384
2,051721	3,651036
1,842177	3,652666
2,123232	3,653318
2,299515	3,653971
2,018460	3,656253
2,060037	3,657884
2,204722	3,653971
2,196406	3,660818
1,923667	3,661797
2,131548	3,664405
1,978547	3,665710
2,264591	3,667992
2,203059	3,668318
2,244635	3,670601
2,101613	3,672558
2,104939	3,673862
2,015134	3,676145
2,244635	3,676471
1,940297	3,678101
2,015134	3,678753
1,838851	3,680058
1,902047	3,682666
2,103276	3,683645
1,966906	3,684297
2,079993	3,685927
2,281222	3,687232
2,141526	3,687884
2,109928	3,691145
2,114917	3,691471
2,208048	3,694079
2,063363	3,695058
1,993515	3,696036
2,086645	3,698318
2,003493	3,698971
2,078330	3,700927
1,892069	3,702232
1,938634	3,703862
2,201395	3,705166
2,023449	3,707123
2,013471	3,708427
2,016797	3,709405
1,883754	3,711362
2,000167	3,712666
2,223015	3,714297
1,956928	3,715275
2,242972	3,716579
1,998504	3,718536
1,828873	3,720166
1,769003	3,721797
1,958591	3,722449
2,146515	3,725058
1,847167	3,727014
1,988526	3,727992
2,058373	3,728971
2,028439	3,730275
1,940297	3,732884
1,897058	3,733536
2,123232	3,734188
2,026776	3,735819
1,988526	3,737449
1,820558	3,738101
1,935308	3,740058
1,767340	3,740710
1,902047	3,741688
1,976884	3,743971
1,888743	3,744949
1,808916	3,746579
1,900384	3,748862
2,128221	3,750492
2,040080	3,752449
1,978547	3,753753
2,030102	3,755384
1,966906	3,756688
2,016797	3,759297
1,832199	3,760601
1,988526	3,761906
1,983536	3,763536
1,682525	3,764188
2,101613	3,765493
1,943623	3,767775
1,765677	3,768427
1,923667	3,769079
1,749047	3,769732
1,788960	3,772014
2,016797	3,773319
1,907036	3,774297
2,021786	3,776906
1,868786	3,779188
2,015134	3,780493
1,822221	3,781797
2,116580	3,783753
1,858808	3,784732
1,855482	3,785384
1,767340	3,785384
2,055047	3,788645
1,907036	3,790927
1,970232	3,791580
2,015134	3,794188
1,725764	3,795819
2,211374	3,795493
1,892069	3,796471
1,980210	3,798427
2,050058	3,800058
1,862134	3,802340
1,897058	3,803645
1,640949	3,805275
1,690840	3,805927
2,005156	3,807232
1,943623	3,808536
1,707471	3,809188
2,005156	3,811145
1,965243	3,813101
1,722438	3,816036
1,926993	3,817014
2,053384	3,817667
1,858808	3,818645
1,868786	3,819623
2,076667	3,821253
2,322798	3,824514
1,966906	3,826145
2,129884	3,826797
1,843840	3,827449
1,793949	3,829080
2,084982	3,831362
1,838851	3,833971
2,084982	3,833645
1,868786	3,834949
1,818895	3,836254
1,981873	3,837558
1,830536	3,839188
2,133211	3,841797
1,918678	3,842775
2,005156	3,843101
1,912025	3,845384
1,991852	3,847993
1,792286	3,849623
2,010145	3,849297
1,926993	3,850927
1,795612	3,853862
1,868786	3,855167
1,923667	3,856797
1,897058	3,855493
2,076667	3,858427
2,124895	3,860710
1,930319	3,861688
1,842177	3,863319
2,171461	3,863971
1,783971	3,866254
2,055047	3,868536
2,028439	3,868210
2,053384	3,869188
1,975221	3,871797
2,126558	3,875058
2,181439	3,874732
1,928656	3,875384
1,955265	3,877667
1,907036	3,880275
1,913688	3,881580
2,015134	3,881254
1,815569	3,884514
2,244635	3,886145
1,936971	3,886797
2,098287	3,886797
1,867123	3,888754
1,956928	3,892015
1,965243	3,892993
2,146515	3,893319
1,951938	3,895275
2,013471	3,897558
2,138200	3,897232
1,850493	3,899188
1,850493	3,902449
2,174787	3,902123
1,858808	3,903101
2,201395	3,906688
1,960254	3,907015
2,041743	3,907993
1,792286	3,911254
2,148178	3,912232
2,055047	3,911906
1,893732	3,914515
1,951938	3,916797
1,850493	3,916797
2,116580	3,919080
1,709134	3,921036
1,958591	3,919406
1,946949	3,922667
1,897058	3,925275
1,948612	3,925275
1,965243	3,928210
2,179776	3,929841
1,923667	3,929188
2,158156	3,932449
2,028439	3,933754
2,111591	3,934406
2,053384	3,936689
2,153167	3,937341
2,271243	3,939623
1,966906	3,941580
2,000167	3,941254
2,061700	3,944515
1,943623	3,945819
1,892069	3,945167
2,161482	3,949406
2,181439	3,948428
1,933645	3,951362
2,124895	3,952667
2,218026	3,953645
2,093297	3,955928
1,920341	3,955275
2,046732	3,959189
2,038417	3,960819
2,055047	3,960819
2,081656	3,963754
2,094961	3,963428
2,094961	3,966362
2,219689	3,966362
2,013471	3,968971
2,246298	3,969623
2,061700	3,971580
1,907036	3,973536
2,252950	3,974189
2,116580	3,977449
1,965243	3,976797
2,053384	3,979732
1,995178	3,980058
2,138200	3,982015
2,166472	3,983971
2,219689	3,984949
2,025113	3,986580
2,251287	3,986906
2,252950	3,990167
2,070015	3,989841
2,139863	3,992449
2,234656	3,992449
2,051721	3,995384
2,053384	3,995058
2,176450	3,998971
2,326124	3,998319
2,146515	4,001906
2,194743	4,001580
2,297852	4,005167
2,264591	4,003863
2,139863	4,006797
2,226341	4,006797
2,068352	4,011036
2,111591	4,009406
2,176450	4,012993
2,176450	4,013319
2,336102	4,014950
2,108265	4,015276
2,465820	4,019189
2,003493	4,018210
2,193080	4,022123
2,058373	4,022123
2,104939	4,024732
2,351070	4,025384
2,307830	4,028645
2,154830	4,027667
2,311157	4,031254
2,144852	4,030928
2,367700	4,034841
2,390983	4,034841
2,492429	4,035819
2,510722	4,036471
2,259602	4,038428
2,557287	4,040710
2,557287	4,041037
2,141526	4,043971
2,387657	4,043645
2,562277	4,046580
2,678690	4,046580
2,226341	4,051145
2,354396	4,050493
2,439211	4,053102
2,402624	4,053428
2,364374	4,054732
2,404287	4,056363
2,563940	4,057341
2,670375	4,060276
2,252950	4,059624
2,178113	4,063537
2,470809	4,063537
2,460831	4,065493
2,314483	4,067776
2,342754	4,067776
2,359385	4,071037
2,454179	4,070710
2,121569	4,072015
2,204722	4,074624
2,425907	4,074950
2,252950	4,078211
2,106602	4,076906
2,149841	4,079841
1,915351	4,081145
2,139863	4,081145
2,154830	4,085058
2,194743	4,084732
2,274570	4,087667
2,277896	4,088645
1,892069	4,089624
2,346081	4,092232
2,297852	4,092232
2,086645	4,095167
2,001830	4,097450
2,143189	4,097450
2,213037	4,100058
2,199732	4,099406
1,897058	4,104298
2,126558	4,106254
2,036754	4,105602
1,968569	4,107884
2,201395	4,109841
2,218026	4,109841
2,232993	4,111798
2,161482	4,114732
2,139863	4,113754
2,319472	4,116689
2,399298	4,118645
2,124895	4,118645
2,055047	4,120602
2,086645	4,122558
2,271243	4,122885
2,269580	4,124841
2,314483	4,127776
2,326124	4,127776
2,292863	4,129080
2,005156	4,131689
2,296189	4,132667
2,006819	4,133645
1,998504	4,135602
2,269580	4,137232
2,139863	4,137885
2,149841	4,139515
2,256276	4,142124
2,169798	4,143428
2,336102	4,143428
2,302841	4,145058
2,098287	4,148319
2,063363	4,148645
2,058373	4,148645
1,973558	4,151580
1,976884	4,153211
2,159819	4,154189
2,094961	4,155819
2,321135	4,158102
1,898721	4,159080
2,166472	4,159080
2,193080	4,162341
2,128221	4,163319
2,218026	4,164298
1,948612	4,166254
2,030102	4,168537
2,362711	4,169515
2,043406	4,169515
2,246298	4,171798
2,286211	4,174080
2,078330	4,175711
2,276233	4,175711
2,269580	4,177341
2,214700	4,179624
2,326124	4,180928
2,237983	4,182232
2,178113	4,183211
2,306167	4,186472
2,143189	4,187776
2,128221	4,187776
2,081656	4,189080
2,332776	4,191689
2,292863	4,192993
2,143189	4,193319
2,154830	4,195276
2,164808	4,198537
2,003493	4,199189
2,394309	4,199515
2,065026	4,200493
2,126558	4,202450
2,173124	4,205059
2,219689	4,206689
2,131548	4,207015
2,098287	4,207015
2,364374	4,209624
2,231330	4,211254
2,123232	4,213863
1,963580	4,215167
2,237983	4,215819
2,178113	4,216798
1,956928	4,217776
2,025113	4,220711
2,096624	4,222667
2,153167	4,224298
2,244635	4,225276
2,204722	4,225276
2,199732	4,226580
2,038417	4,229189
2,038417	4,230820
2,349407	4,232450
2,075004	4,234080
1,975221	4,234080
2,040080	4,236037
1,858808	4,237667
1,948612	4,239624
2,021786	4,241580
2,045069	4,242233
2,101613	4,243537
2,071678	4,245493
2,028439	4,246146
1,955265	4,248102
2,119906	4,248428
2,005156	4,251689
1,983536	4,252341
2,010145	4,254950
1,862134	4,255602
1,943623	4,256580
2,065026	4,257559
2,003493	4,259189
2,121569	4,259515
2,183102	4,262450
2,006819	4,265385
2,041743	4,267341
2,173124	4,267667
2,169798	4,269624
1,823884	4,269624
1,897058	4,271254
2,211374	4,272559
1,981873	4,273211
2,003493	4,274189
2,040080	4,276472
2,081656	4,278102
2,053384	4,280059
2,329450	4,281689
1,887080	4,282994
2,221352	4,284298
2,159819	4,285602
1,853819	4,287885
2,021786	4,288211
2,053384	4,289841
2,204722	4,290494
2,028439	4,293102
1,850493	4,294733
2,094961	4,295711
1,978547	4,296037
2,159819	4,297994
2,252950	4,299624
2,031765	4,300928
2,146515	4,302233
2,050058	4,304515
1,830536	4,306472
1,903710	4,308102
2,367700	4,310385
2,332776	4,312341
1,792286	4,312667
2,114917	4,314298
1,940297	4,316581
2,089971	4,317559
1,785634	4,319841
1,807253	4,321146
2,104939	4,321798
2,028439	4,324081
2,151504	4,324407
2,038417	4,326363
2,003493	4,327015
2,033428	4,328972
1,778982	4,329950
1,920341	4,330602
1,973558	4,329950
2,156493	4,333537
1,955265	4,335494
1,920341	4,338102
1,920341	4,340385
2,025113	4,340711
1,910362	4,342668
2,123232	4,342994
2,108265	4,343646
2,033428	4,345602
1,948612	4,346907
1,960254	4,350168
1,993515	4,351472
2,148178	4,352776
1,931982	4,353102
2,020123	4,356037
2,018460	4,357015
2,149841	4,355711
1,780645	4,358972
2,287874	4,361255
2,040080	4,363537
1,930319	4,363863
1,848830	4,364841
1,951938	4,365820
2,109928	4,367450
2,040080	4,368755
2,119906	4,371363
2,098287	4,373320
2,111591	4,373320
1,970232	4,374298
2,070015	4,376581
1,961917	4,379515
1,990189	4,378211
2,121569	4,381798
2,081656	4,382124
1,902047	4,382776
1,983536	4,386037
2,252950	4,388320
1,802264	4,387994
1,956928	4,389624
2,129884	4,390929
1,935308	4,393537
1,822221	4,394842
1,976884	4,395494
2,055047	4,395820
2,003493	4,398102
1,908699	4,401037
2,131548	4,402342
1,897058	4,403320
1,971895	4,403320
2,065026	4,406255
2,128221	4,407885
2,015134	4,408537
1,988526	4,410494
2,023449	4,408863
2,252950	4,412124
2,184765	4,414733
2,109928	4,415059
2,121569	4,418320
2,111591	4,420276
2,081656	4,421581
2,208048	4,421255
2,394309	4,422885
2,366037	4,425820
2,299515	4,427124
2,311157	4,426472
2,281222	4,428429
2,287874	4,431689
2,282885	4,432342
2,232993	4,433646
2,449189	4,435276
2,236319	4,438211
2,231330	4,437233
2,306167	4,439842
2,357722	4,442776
2,226341	4,442450
2,504070	4,443429
2,223015	4,446363
2,241309	4,447342
2,490766	4,447668
2,434222	4,449950
2,181439	4,452559
2,442537	4,452233
2,252950	4,455168
2,306167	4,456798
2,324461	4,456798
2,322798	4,459407
2,213037	4,460059
2,219689	4,460385
2,138200	4,463320
2,336102	4,464950
2,357722	4,465276
2,213037	4,467885
2,256276	4,468863
2,405950	4,469842
2,492429	4,473103
2,166472	4,473755
2,377678	4,474081
2,359385	4,477342
2,439211	4,477994
2,324461	4,478320
2,244635	4,482233
2,003493	4,482559
2,289537	4,482559
1,973558	4,485494
2,116580	4,485494
2,138200	4,488755
2,159819	4,489081
1,956928	4,490711
2,196406	4,493972
1,903710	4,493972
2,088308	4,495277
2,198069	4,497233
2,111591	4,497559
2,154830	4,500820
1,880427	4,500168
2,089971	4,503429
1,960254	4,505385
2,013471	4,505711
1,845504	4,508320
2,006819	4,507668
1,940297	4,510929
2,030102	4,510929
1,915351	4,512233
1,988526	4,514842
2,053384	4,515494
1,976884	4,518103
1,902047	4,518103
1,805590	4,521364
1,936971	4,521364
2,028439	4,523972
2,006819	4,525277
1,817232	4,525603
2,013471	4,528211
1,767340	4,528864
1,951938	4,531798
1,847167	4,531472
1,925330	4,534407
2,086645	4,534081
2,061700	4,536364
1,898721	4,537668
2,003493	4,538972
2,001830	4,539951
2,013471	4,541907
1,837188	4,543864
1,714123	4,545168
1,759025	4,546798
2,128221	4,548103
1,858808	4,549081
2,045069	4,551364
2,176450	4,552342
2,058373	4,554298
1,931982	4,555277
1,792286	4,557559
2,153167	4,557233
1,897058	4,560820
2,070015	4,560168
2,013471	4,563103
1,840514	4,562451
2,089971	4,566038
2,015134	4,566364
1,893732	4,568320
1,925330	4,570603
2,113254	4,571581
1,965243	4,573538
1,996841	4,573211
1,975221	4,577451
1,938634	4,576798
1,847167	4,579407
2,106602	4,579407
1,877101	4,582016
2,128221	4,584625
1,820558	4,583972
1,833862	4,588211
1,870449	4,586907
2,111591	4,589516
1,973558	4,590820
2,006819	4,591472
2,050058	4,594407
1,815569	4,594407
2,159819	4,597668
2,206385	4,597994
2,109928	4,598646
2,003493	4,600929
1,897058	4,601907
1,887080	4,605168
1,945286	4,604842
1,993515	4,607125
2,043406	4,607777
1,956928	4,609733
1,775656	4,611690
1,883754	4,611690
2,178113	4,614951
2,051721	4,615603
2,073341	4,617233
1,764014	4,618212
2,169798	4,619190
2,089971	4,622125
1,830536	4,621799
1,775656	4,624407
2,081656	4,625385
2,267917	4,626364
2,008482	4,630277
2,089971	4,629625
2,111591	4,631255
1,968569	4,634190
1,800601	4,633212
2,154830	4,636472
2,036754	4,637125
1,912025	4,637777
2,169798	4,640712
2,060037	4,641690
1,985199	4,642994
2,013471	4,645277
1,960254	4,645929
1,915351	4,647233
2,191417	4,649516
1,877101	4,650494
1,948612	4,652125
1,948612	4,654407
1,958591	4,653755
2,098287	4,658320
1,903710	4,658320
1,920341	4,658646
2,133211	4,660929
2,005156	4,662559
1,917015	4,662886
2,156493	4,665494
1,903710	4,667451
1,902047	4,667125
1,782308	4,669407
1,922004	4,671364
2,256276	4,672016
2,046732	4,672994
2,081656	4,676255
1,923667	4,677233
2,023449	4,676907
1,793949	4,680494
1,975221	4,681799
1,943623	4,682451
1,793949	4,684733
2,139863	4,687016
1,981873	4,687016
2,028439	4,687668
2,053384	4,690277
2,148178	4,691581
1,993515	4,692233
1,910362	4,694516
1,862134	4,697451
2,141526	4,696799
1,965243	4,698103
2,101613	4,700060
2,244635	4,702668
2,076667	4,703646
1,951938	4,703320
1,907036	4,705603
1,933645	4,709190
2,086645	4,710494
1,983536	4,711473
1,998504	4,711473
1,828873	4,713103
2,016797	4,715712
2,068352	4,717342
1,976884	4,718320
1,883754	4,718973
2,015134	4,720277
2,005156	4,722560
1,845504	4,724190
2,121569	4,724516
1,885417	4,726799
1,965243	4,727125
2,023449	4,730060
2,016797	4,730712
1,790623	4,731364
2,153167	4,732668
2,035091	4,735277
2,128221	4,737560
1,993515	4,739516
1,920341	4,740168
1,858808	4,740820
2,141526	4,741473
1,895395	4,745060
2,136537	4,746364
2,083319	4,747342
2,209711	4,747994
2,084982	4,749951
1,840514	4,750603
1,963580	4,753212
1,945286	4,754842
2,071678	4,756799
2,015134	4,757777
1,956928	4,757777
2,016797	4,758429
1,910362	4,762016
2,035091	4,763647
1,923667	4,765277
2,013471	4,765603
1,966906	4,767234
2,063363	4,768864
2,020123	4,768864
2,028439	4,772125
2,113254	4,773755
1,915351	4,775386
2,206385	4,776038
1,890406	4,777668
2,020123	4,778973
2,109928	4,778973
2,166472	4,781908
2,055047	4,782560
2,043406	4,785168
2,103276	4,788103
2,307830	4,789081
2,144852	4,790060
2,153167	4,791364
2,071678	4,791690
2,133211	4,792994
2,086645	4,792994
2,035091	4,796581
2,078330	4,794951
2,174787	4,799842
2,133211	4,802125
2,489103	4,803103
2,301178	4,804408
2,129884	4,806038
2,171461	4,807995
2,109928	4,808973
2,093297	4,810603
2,086645	4,811581
2,141526	4,812234
2,143189	4,813212
2,219689	4,815168
2,098287	4,816147
2,148178	4,817451
2,081656	4,819408
2,038417	4,820386
2,046732	4,821364
2,101613	4,823647
2,001830	4,826255
2,194743	4,827886
2,003493	4,828864
2,262928	4,830495
2,199732	4,831473
2,362711	4,832777
2,169798	4,834408
2,292863	4,835386
2,124895	4,836690
2,489103	4,838647
2,148178	4,839951
2,324461	4,840929
2,324461	4,843538
2,121569	4,844190
2,128221	4,845495
2,011808	4,847125
2,420918	4,849408
2,234656	4,851038
2,094961	4,851038
2,304504	4,853321
2,166472	4,854951
2,179776	4,855929
2,139863	4,857234
2,186428	4,858538
2,056710	4,860821
2,124895	4,861799
2,354396	4,864408
2,149841	4,865386
2,304504	4,867342
2,261265	4,869625
2,128221	4,870277
2,121569	4,871582
2,198069	4,872886
2,171461	4,875169
2,221352	4,876799
2,385994	4,877777
2,272906	4,879082
2,314483	4,879408
2,279559	4,881364
2,149841	4,882669
2,429233	4,884625
2,108265	4,885277
2,312820	4,887234
2,336102	4,890495
2,158156	4,891147
2,188091	4,892451
2,249624	4,893756
2,346081	4,895060
2,256276	4,896038
2,168135	4,896690
2,093297	4,898647
2,203059	4,899299
2,267917	4,902886
2,271243	4,904516
2,354396	4,906799
2,164808	4,906799
2,209711	4,907777
2,405950	4,909082
2,189754	4,910060
2,292863	4,912343
2,477461	4,913973
2,291200	4,915930
2,361048	4,917234
2,292863	4,917560
2,395972	4,919190
2,336102	4,921147
2,216363	4,923103
2,138200	4,924734
2,302841	4,925712
2,271243	4,925060
2,366037	4,928321
2,218026	4,929951
2,139863	4,932234
2,374352	4,932886
2,292863	4,933538
2,081656	4,934190
2,366037	4,936473
2,237983	4,938430
2,018460	4,941364
2,216363	4,942995
2,216363	4,942995
2,179776	4,944625
2,183102	4,945603
2,249624	4,947886
2,361048	4,949843
2,385994	4,951799
2,266254	4,952125
2,013471	4,953103
2,199732	4,954082
2,287874	4,956038
2,274570	4,958973
2,309494	4,959299
2,214700	4,959951
2,257939	4,961256
2,266254	4,963864
2,284548	4,966147
2,168135	4,966473
2,434222	4,966799
2,136537	4,970060
2,213037	4,972017
2,277896	4,972017
2,191417	4,973973
2,211374	4,974951
2,169798	4,977560
2,367700	4,977886
2,527353	4,979191
2,189754	4,981799
2,272906	4,983430
2,228004	4,983430
2,267917	4,984734
2,306167	4,987343
2,191417	4,989625
2,319472	4,988973
2,229667	4,990930
2,154830	4,992886
2,317809	4,995169
2,094961	4,995495
2,284548	4,997451
2,442537	4,999082
2,219689	5,000712
2,015134	5,000712
2,272906	5,002995
2,176450	5,005604
2,417592	5,005930
2,113254	5,007560
2,262928	5,010495
2,124895	5,010495
2,021786	5,011147
2,341091	5,013430
2,163145	5,015712
2,276233	5,015712
2,204722	5,017017
2,342754	5,019951
2,252950	5,020930
2,201395	5,021582
2,209711	5,024843
2,123232	5,024843
2,262928	5,026147
2,281222	5,029408
2,289537	5,029408
2,075004	5,030060
2,261265	5,033973
2,266254	5,034299
2,354396	5,034951
2,226341	5,038212
2,425907	5,037560
2,179776	5,039517
2,558951	5,042125
2,346081	5,042125
2,169798	5,043756
2,179776	5,045060
2,148178	5,046365
2,201395	5,049625
2,341091	5,050930
2,312820	5,050930
2,237983	5,053865
2,314483	5,053865
2,319472	5,056147
2,226341	5,057452
2,218026	5,058104
2,218026	5,060386
2,194743	5,061365
2,356059	5,063321
2,179776	5,065278
2,113254	5,065278
2,229667	5,067886
2,133211	5,069517
2,168135	5,069843
2,075004	5,071799
2,176450	5,071473
2,372689	5,075712
2,183102	5,075386
2,098287	5,078973
2,008482	5,078973
2,045069	5,080278
2,234656	5,082560
2,174787	5,083539
2,302841	5,086147
2,086645	5,085495
2,226341	5,088756
2,239646	5,088104
2,138200	5,091039
2,146515	5,092669
2,292863	5,093973
2,104939	5,094952
1,946949	5,096256
2,068352	5,098865
2,196406	5,098212
2,279559	5,102452
2,000167	5,101799
2,369363	5,105386
2,291200	5,105712
2,119906	5,107343
2,008482	5,108321
2,161482	5,109626
2,379341	5,111256
2,188091	5,112234
2,089971	5,114843
1,852156	5,115169
2,119906	5,118104
2,189754	5,118756
2,071678	5,121691
2,234656	5,121365
2,179776	5,123973
2,252950	5,124626
2,096624	5,125930
2,199732	5,127560
2,041743	5,129191
2,058373	5,130821
2,203059	5,130495
2,114917	5,135060
2,231330	5,134082
2,161482	5,136691
2,151504	5,137669
2,063363	5,140278
2,061700	5,140930
2,186428	5,142886
2,208048	5,143865
2,148178	5,144843
2,324461	5,147126
2,023449	5,147126
2,113254	5,150386
2,208048	5,151365
2,036754	5,152343
2,060037	5,154952
2,149841	5,154952
2,199732	5,157234
2,317809	5,157886
1,973558	5,159517
2,056710	5,162126
1,912025	5,161800
2,267917	5,164408
2,156493	5,166365
2,091634	5,166039
1,935308	5,169300
1,951938	5,170278
2,257939	5,171256
2,124895	5,173865
2,103276	5,173539
1,815569	5,175169
2,194743	5,178756
1,983536	5,178104
2,181439	5,180060
1,926993	5,182669
2,053384	5,182017
2,103276	5,184300
2,183102	5,186256
2,013471	5,186908
2,065026	5,188213
2,186428	5,190495
2,013471	5,191800
2,099950	5,192126
1,827210	5,196039
2,299515	5,196365
2,186428	5,197017
1,928656	5,198974
2,191417	5,201908
2,311157	5,202560
2,228004	5,202560
2,154830	5,205169
2,292863	5,207452
2,221352	5,207778
1,936971	5,208104
2,218026	5,211691
1,960254	5,212669
2,304504	5,214300
2,094961	5,213974
2,199732	5,218539
2,168135	5,219517
2,088308	5,219191
2,129884	5,220821
2,173124	5,222778
2,026776	5,225061
2,228004	5,225387
1,790623	5,225713
2,146515	5,228321
1,960254	5,231256
2,183102	5,231582
2,113254	5,233539
2,334439	5,234191
2,003493	5,235821
2,021786	5,238104
2,053384	5,238756
2,106602	5,240061
1,980210	5,242017
2,011808	5,244300
2,146515	5,245278
2,099950	5,246582
2,121569	5,246256
2,208048	5,249191
2,091634	5,250821
2,093297	5,252126
2,051721	5,254082
1,907036	5,253104
2,138200	5,254735
1,926993	5,256365
2,091634	5,259300
2,109928	5,261908
2,204722	5,262561
1,908699	5,264191
2,114917	5,264843
2,094961	5,265495
2,141526	5,267452
1,890406	5,269082
2,028439	5,271039
2,071678	5,273322
1,986862	5,273974
2,133211	5,276582
2,211374	5,276908
2,154830	5,277561
2,169798	5,278865
1,938634	5,280822
2,043406	5,283430
2,134874	5,285387
2,159819	5,287017
2,005156	5,286365
2,023449	5,287995
2,011808	5,288322
2,158156	5,290604
1,955265	5,292235
1,815569	5,295169
1,985199	5,296148
2,001830	5,298104
2,041743	5,298430
1,860471	5,300713
2,176450	5,301691
1,980210	5,302017
2,151504	5,303648
1,998504	5,305278
2,068352	5,306909
2,219689	5,309191
1,991852	5,310169
1,875438	5,313104
1,946949	5,313756
2,013471	5,315387
1,920341	5,317017
1,843840	5,318322
1,938634	5,318974
1,848830	5,319300
1,985199	5,321582
1,795612	5,323539
2,106602	5,325496
1,680862	5,326474
2,171461	5,327452
1,855482	5,329409
1,850493	5,329082
1,996841	5,331365
1,905373	5,332669
1,902047	5,334952
1,867123	5,335930
1,887080	5,338539
1,985199	5,339843
2,018460	5,340496
2,063363	5,342452
1,847167	5,343104
2,046732	5,346039
1,827210	5,347343
1,877101	5,347996
1,956928	5,348648
1,635960	5,350604
2,084982	5,351583
2,079993	5,353539
1,956928	5,354843
1,948612	5,355822
1,951938	5,357778
1,883754	5,358756
1,961917	5,360387
2,124895	5,362669
1,764014	5,363648
1,602699	5,365930
1,931982	5,367887
1,971895	5,368865
1,950275	5,371148
1,860471	5,372778
1,838851	5,374409
1,765677	5,375713
1,971895	5,377670
1,820558	5,378322
1,948612	5,379626
1,948612	5,380930
1,878764	5,381583
2,036754	5,383539
2,021786	5,383865
1,828873	5,386148
1,988526	5,388104
1,940297	5,387778
1,946949	5,390387
1,955265	5,391691
1,742395	5,392343
1,790623	5,396909
2,106602	5,397887
1,853819	5,398539
1,922004	5,400496
1,930319	5,402126
1,943623	5,403104
1,930319	5,403757
1,973558	5,405387
2,093297	5,405713
1,867123	5,407670
2,111591	5,408974
2,040080	5,411257
1,998504	5,413865
1,941960	5,414844
1,983536	5,416800
2,070015	5,417778
2,013471	5,417778
2,013471	5,419409
2,071678	5,421365
2,156493	5,423322
2,046732	5,425278
1,956928	5,426583
1,828873	5,427561
2,006819	5,428539
1,945286	5,429517
1,998504	5,431148
1,865460	5,433757
2,033428	5,435713
1,870449	5,437017
2,038417	5,438648
1,903710	5,439300
2,013471	5,439626
2,121569	5,442235
1,978547	5,444517
1,749047	5,444191
1,792286	5,445822
2,076667	5,446800
1,980210	5,448757
1,966906	5,451365
1,920341	5,453322
2,008482	5,452996
1,950275	5,454952
1,956928	5,455604
1,983536	5,458865
1,990189	5,460496
1,951938	5,461474
1,975221	5,462126
1,732416	5,463431
1,902047	5,466365
1,900384	5,467996
1,920341	5,468974
1,892069	5,468648
2,041743	5,470931
1,890406	5,474191
1,787297	5,474844
1,740732	5,475170
1,818895	5,476800
1,956928	5,479735
1,795612	5,480713
2,089971	5,481691
1,892069	5,482670
2,018460	5,485278
1,933645	5,486583
2,058373	5,486909
1,830536	5,487561
1,770666	5,491148
1,925330	5,492778
1,973558	5,492778
2,066689	5,493757
2,011808	5,496691
1,870449	5,497344
1,951938	5,498648
2,241309	5,501257
1,955265	5,502235
2,066689	5,501583
1,933645	5,505822
1,912025	5,506800
1,971895	5,506800
1,961917	5,508757
1,970232	5,511365
1,827210	5,511365
1,773992	5,513648
1,770666	5,515931
1,953602	5,516583
1,704145	5,518539
1,842177	5,520496
2,013471	5,520170
1,917015	5,521800
1,870449	5,525061
1,840514	5,525061
1,833862	5,527344
1,903710	5,528974
1,793949	5,528974
1,893732	5,530931
2,143189	5,534192
1,857145	5,533539
1,986862	5,536148
2,006819	5,537779
1,830536	5,537452
1,973558	5,540061
1,993515	5,541365
