2,625472	0,987878
2,264591	0,985922
2,236319	0,987878
2,420918	0,988205
2,568929	0,985922
2,620483	0,988205
2,555624	0,989509
2,301178	0,990813
2,573918	0,992770
2,578907	0,995705
2,535668	0,996357
2,400961	0,997009
2,590548	1,000270
2,751864	1,001574
2,507396	1,000922
2,592211	1,003205
2,424244	1,005487
2,480787	1,008748
2,517374	1,008748
2,472472	1,010705
2,277896	1,011683
2,545646	1,012661
2,534005	1,013966
2,339428	1,016574
2,400961	1,018531
2,397635	1,019835
2,302841	1,022118
2,612168	1,024400
2,765168	1,025379
2,159819	1,027335
2,510722	1,028966
2,334439	1,030270
2,605516	1,031248
2,405950	1,033531
2,677027	1,035487
2,201395	1,036466
2,281222	1,037770
2,515711	1,038422
2,425907	1,039726
2,362711	1,041683
2,540657	1,042661
2,422581	1,043313
2,394309	1,046248
2,309494	1,048531
2,287874	1,049835
2,299515	1,051466
2,189754	1,053096
2,376015	1,053096
2,246298	1,055379
2,309494	1,056683
2,422581	1,057661
2,317809	1,060922
2,376015	1,061900
2,361048	1,062226
2,266254	1,063857
2,306167	1,066140
2,164808	1,069074
2,542320	1,067770
2,354396	1,070053
2,146515	1,071357
2,422581	1,075270
2,297852	1,074292
2,449189	1,076574
2,193080	1,078531
2,324461	1,081140
2,540657	1,080813
2,379341	1,083422
2,249624	1,085053
2,289537	1,085379
2,362711	1,087009
2,169798	1,090922
2,590548	1,089944
2,151504	1,091248
2,359385	1,093531
2,221352	1,094183
2,244635	1,098096
2,367700	1,096792
2,452516	1,099400
2,201395	1,101683
2,223015	1,101683
2,482450	1,104618
2,459168	1,104944
2,337765	1,107227
2,422581	1,108531
2,297852	1,110161
2,246298	1,111792
2,199732	1,112118
2,291200	1,114074
2,199732	1,114727
2,276233	1,118314
2,444200	1,117987
2,352733	1,120596
2,267917	1,120596
2,131548	1,124835
2,412602	1,124183
2,519037	1,127444
2,367700	1,127118
2,336102	1,128748
2,229667	1,130053
2,257939	1,133314
2,312820	1,133966
2,231330	1,136248
2,181439	1,138531
2,286211	1,138531
2,211374	1,141792
2,344418	1,140814
2,256276	1,143748
2,314483	1,144401
2,209711	1,146031
2,103276	1,147988
2,252950	1,147661
2,287874	1,151248
2,269580	1,152879
2,226341	1,152227
2,168135	1,155814
2,435885	1,156140
2,232993	1,157770
2,321135	1,160379
2,103276	1,161031
2,405950	1,162009
2,241309	1,165922
2,211374	1,165270
2,106602	1,166248
2,086645	1,168857
2,381005	1,171466
2,164808	1,170488
2,487440	1,172444
2,246298	1,175705
2,352733	1,176683
2,277896	1,176683
2,351070	1,178640
2,339428	1,181575
2,312820	1,181901
2,184765	1,182553
2,287874	1,183857
2,400961	1,186140
2,352733	1,189075
2,302841	1,189401
2,173124	1,190053
2,465820	1,192009
2,226341	1,194292
2,342754	1,196575
2,449189	1,196901
2,259602	1,199183
2,465820	1,198857
2,141526	1,201140
2,292863	1,203096
2,186428	1,205053
2,404287	1,205379
2,385994	1,207009
2,111591	1,207988
2,341091	1,209944
2,381005	1,209944
2,379341	1,212227
2,452516	1,214183
2,287874	1,216792
2,545646	1,218096
2,071678	1,219727
2,244635	1,222662
2,384331	1,222662
2,286211	1,225270
2,123232	1,225270
2,128221	1,226901
2,309494	1,228531
2,359385	1,229183
2,371026	1,230814
2,261265	1,230814
2,470809	1,234401
2,050058	1,235053
2,254613	1,236357
2,178113	1,237335
2,299515	1,240596
2,126558	1,241249
2,239646	1,243531
2,236319	1,245162
2,246298	1,246466
2,179776	1,247770
2,279559	1,248749
2,327787	1,250379
2,218026	1,251683
2,334439	1,254292
2,134874	1,255596
2,244635	1,257227
2,314483	1,259183
2,242972	1,260488
2,246298	1,261466
2,430896	1,262770
2,151504	1,263749
2,296189	1,265053
2,084982	1,266683
2,296189	1,269618
2,156493	1,270270
2,209711	1,270596
2,307830	1,272553
2,020123	1,273857
2,144852	1,275162
2,236319	1,275814
2,151504	1,278749
2,179776	1,280053
2,432559	1,282662
2,397635	1,283966
2,276233	1,284292
2,366037	1,285270
2,183102	1,286249
2,149841	1,288205
2,194743	1,290488
2,226341	1,293096
2,326124	1,294075
2,124895	1,295705
2,292863	1,296357
2,154830	1,296357
2,232993	1,297988
2,188091	1,300923
2,171461	1,303857
2,218026	1,304836
2,093297	1,305814
2,113254	1,306466
2,208048	1,307118
2,228004	1,309727
2,096624	1,312010
2,108265	1,313640
2,211374	1,314292
2,228004	1,314944
2,329450	1,315923
2,389320	1,319183
2,226341	1,321140
2,101613	1,320814
2,204722	1,322118
2,254613	1,324075
2,317809	1,326357
2,239646	1,328640
2,367700	1,328314
2,341091	1,329618
2,351070	1,332227
2,219689	1,333531
2,319472	1,335162
2,237983	1,335162
2,025113	1,337444
2,139863	1,340053
2,099950	1,341031
2,114917	1,341031
2,319472	1,342662
2,163145	1,346249
2,070015	1,345597
2,339428	1,346901
2,221352	1,348857
2,261265	1,351792
2,319472	1,352444
2,156493	1,353097
2,269580	1,355705
1,996841	1,358640
2,199732	1,357336
2,123232	1,359618
2,213037	1,362553
2,005156	1,363857
2,174787	1,363531
2,203059	1,366466
2,332776	1,368097
2,188091	1,367771
2,113254	1,370705
2,409276	1,372010
2,469146	1,372336
2,131548	1,375597
2,114917	1,376249
2,159819	1,375597
2,362711	1,380488
2,332776	1,379836
2,169798	1,381792
2,211374	1,384401
2,199732	1,383423
2,324461	1,387336
2,158156	1,388314
2,188091	1,388966
2,346081	1,391575
2,236319	1,392553
2,352733	1,393205
2,203059	1,395488
2,407613	1,397118
2,079993	1,397771
2,088308	1,400705
2,472472	1,400705
2,527353	1,404945
2,577244	1,403314
2,226341	1,405923
2,377678	1,406575
2,291200	1,408205
2,254613	1,410488
2,266254	1,411140
2,287874	1,414075
2,405950	1,413749
2,301178	1,415705
2,214700	1,417010
2,334439	1,418966
2,640440	1,421575
2,236319	1,422227
2,364374	1,424184
2,372689	1,423858
2,232993	1,427445
2,206385	1,427445
2,296189	1,430705
2,317809	1,429727
2,119906	1,432662
2,071678	1,433314
2,144852	1,436575
2,279559	1,436575
2,384331	1,439184
2,003493	1,439184
2,209711	1,439184
2,286211	1,442771
2,291200	1,444401
2,389320	1,444401
2,434222	1,448314
2,392646	1,447662
2,419255	1,450923
2,193080	1,450923
2,065026	1,452879
2,191417	1,453532
2,186428	1,457119
1,953602	1,457445
2,124895	1,459727
2,252950	1,459075
2,281222	1,462662
2,153167	1,462662
2,124895	1,464619
2,246298	1,467879
2,249624	1,466901
2,337765	1,470488
2,128221	1,469184
2,199732	1,472445
2,213037	1,472119
2,214700	1,475053
2,213037	1,477336
2,319472	1,478640
2,066689	1,479292
2,199732	1,480923
2,183102	1,483532
2,171461	1,482553
2,261265	1,486792
1,961917	1,486466
2,319472	1,487771
2,169798	1,490379
2,204722	1,490379
2,257939	1,493966
2,292863	1,493966
2,199732	1,496575
2,334439	1,497879
2,169798	1,497227
1,950275	1,501466
2,287874	1,501140
2,129884	1,502445
2,261265	1,505379
2,297852	1,505053
2,193080	1,507662
2,204722	1,510271
2,084982	1,509619
2,173124	1,512553
2,073341	1,514184
1,990189	1,514184
2,276233	1,517445
2,040080	1,517445
2,109928	1,516793
2,086645	1,522010
2,257939	1,520706
2,301178	1,522662
2,045069	1,523966
2,229667	1,525597
2,189754	1,529184
2,146515	1,531140
2,276233	1,530814
2,327787	1,532119
2,432559	1,534727
2,066689	1,536358
2,163145	1,536032
2,464157	1,538640
2,234656	1,541249
2,232993	1,540923
2,159819	1,542880
2,144852	1,545162
2,023449	1,545488
2,209711	1,545814
2,156493	1,549401
2,470809	1,549401
2,530679	1,551358
2,264591	1,553967
2,203059	1,555923
2,296189	1,555597
2,385994	1,557880
2,445863	1,560488
2,412602	1,560814
2,247961	1,560814
2,241309	1,562771
2,226341	1,564727
2,269580	1,566684
2,347744	1,566032
2,632125	1,568640
2,146515	1,571249
2,018460	1,573858
2,193080	1,573858
2,322798	1,574836
2,048395	1,576467
2,216363	1,579075
2,379341	1,580054
2,312820	1,580380
2,316146	1,581684
2,337765	1,584293
2,316146	1,586249
2,410939	1,585923
2,327787	1,587880
2,510722	1,589836
2,490766	1,593423
2,151504	1,593097
2,379341	1,593749
2,362711	1,596358
2,465820	1,598314
2,427570	1,599293
2,369363	1,599293
2,449189	1,601249
2,272906	1,602880
2,412602	1,605488
2,527353	1,607119
2,412602	1,607119
2,366037	1,608749
2,354396	1,611684
2,412602	1,612662
2,415929	1,612988
2,457505	1,614619
2,226341	1,615923
2,367700	1,619510
2,366037	1,619510
2,394309	1,620162
2,247961	1,622119
2,379341	1,624728
2,364374	1,627010
2,602190	1,627988
2,349407	1,627988
2,359385	1,628641
2,389320	1,631575
2,417592	1,632554
2,369363	1,634184
2,505733	1,634836
2,364374	1,635488
2,286211	1,637771
2,354396	1,640706
2,400961	1,642662
2,412602	1,643315
2,376015	1,643967
2,542320	1,644619
2,420918	1,647880
2,467483	1,649510
2,079993	1,651793
2,364374	1,652119
2,524027	1,652445
2,557287	1,653749
2,377678	1,656684
2,329450	1,658967
2,465820	1,658967
2,301178	1,660923
2,459168	1,661575
2,445863	1,664184
2,377678	1,666141
2,269580	1,667445
2,560614	1,668423
2,507396	1,669402
2,529016	1,670054
2,352733	1,672989
2,474135	1,674619
2,592211	1,675923
2,522363	1,676902
2,346081	1,677880
2,158156	1,679184
2,209711	1,681141
2,547309	1,683423
2,560614	1,685706
2,578907	1,686032
2,259602	1,687662
2,086645	1,687662
2,430896	1,688967
2,306167	1,691576
2,334439	1,691902
2,371026	1,693858
2,400961	1,696793
2,394309	1,699076
2,369363	1,699076
2,281222	1,700380
2,673701	1,701358
2,395972	1,702336
2,405950	1,703315
2,454179	1,706249
2,563940	1,707880
2,379341	1,710489
2,527353	1,711467
2,445863	1,712445
2,399298	1,714076
2,510722	1,714728
2,653744	1,715706
2,494092	1,716684
2,354396	1,718641
2,394309	1,720597
2,519037	1,723206
2,372689	1,725163
2,312820	1,726467
2,445863	1,727771
2,592211	1,728097
2,565603	1,729728
2,525690	1,730706
2,568929	1,732010
2,562277	1,732989
2,683679	1,735271
2,387657	1,737228
2,497418	1,738532
2,507396	1,739836
2,590548	1,741793
2,519037	1,743423
2,267917	1,745380
2,505733	1,746032
2,500744	1,748315
2,538994	1,749945
2,334439	1,752228
2,404287	1,753532
2,390983	1,754836
2,367700	1,756141
2,409276	1,757445
2,452516	1,758423
2,444200	1,760054
2,495755	1,761032
2,538994	1,762663
2,400961	1,763641
2,490766	1,765271
2,465820	1,765923
2,474135	1,767228
2,404287	1,769184
2,530679	1,770489
2,439211	1,771467
2,472472	1,773750
2,657070	1,775380
2,337765	1,777663
2,573918	1,779293
2,512385	1,781250
2,377678	1,781902
2,477461	1,783858
2,494092	1,783858
2,404287	1,786467
2,367700	1,788097
2,381005	1,789076
2,432559	1,791358
2,394309	1,791358
2,519037	1,793315
2,522363	1,794619
2,499081	1,795271
2,282885	1,798206
2,372689	1,799510
2,534005	1,800489
2,538994	1,802445
2,439211	1,803097
2,637114	1,804402
2,332776	1,805380
2,362711	1,807011
2,402624	1,808641
2,592211	1,810271
2,632125	1,810597
2,465820	1,812880
2,394309	1,814184
2,691994	1,815163
2,467483	1,816467
2,545646	1,818097
2,449189	1,820380
2,643766	1,820706
2,515711	1,823315
2,495755	1,824619
2,672038	1,825924
2,390983	1,827554
2,395972	1,828532
2,658733	1,830489
2,432559	1,831141
2,430896	1,833424
2,477461	1,835706
2,462494	1,836684
2,407613	1,838315
2,499081	1,839619
2,424244	1,842554
2,575581	1,843858
2,251287	1,844511
2,547309	1,846141
2,362711	1,848424
2,514048	1,850054
2,316146	1,851358
2,522363	1,853315
2,439211	1,853967
2,454179	1,856576
2,562277	1,857554
2,439211	1,859185
2,354396	1,859837
2,331113	1,861141
2,449189	1,863424
2,465820	1,864402
2,537331	1,865706
2,532342	1,867337
2,412602	1,869619
2,317809	1,870271
2,344418	1,871902
2,277896	1,872880
2,364374	1,874837
2,497418	1,875489
2,241309	1,877119
2,715277	1,878424
2,578907	1,879402
2,430896	1,880380
2,555624	1,882011
2,557287	1,884293
2,400961	1,886250
2,470809	1,886902
2,628798	1,888532
2,565603	1,889837
2,462494	1,891141
2,485776	1,893424
2,412602	1,895706
2,400961	1,897011
2,344418	1,898315
2,440874	1,900598
2,545646	1,900924
2,474135	1,903532
2,524027	1,903859
2,485776	1,904511
2,341091	1,906467
2,351070	1,907772
2,530679	1,908424
2,487440	1,910054
2,367700	1,911359
2,356059	1,912663
2,480787	1,914293
2,414265	1,916902
2,387657	1,918206
2,332776	1,919511
2,449189	1,921793
2,585559	1,923750
2,532342	1,924076
2,460831	1,925054
2,257939	1,927337
2,500744	1,928315
2,322798	1,928641
2,642103	1,930598
2,387657	1,931576
2,179776	1,933206
2,432559	1,935163
2,480787	1,936793
2,435885	1,938750
2,613831	1,940706
2,389320	1,942663
2,563940	1,943315
2,359385	1,944293
2,221352	1,945924
2,587222	1,945924
2,379341	1,947880
2,232993	1,949511
2,336102	1,951467
2,430896	1,953424
2,532342	1,955380
2,484113	1,957337
2,560614	1,958641
2,482450	1,959619
2,337765	1,960272
2,545646	1,960924
2,301178	1,962880
2,505733	1,964511
2,578907	1,965489
2,465820	1,967772
2,231330	1,968750
2,395972	1,971359
2,324461	1,973315
2,474135	1,973315
2,331113	1,974946
2,337765	1,976250
2,390983	1,976576
2,440874	1,979511
2,332776	1,981467
2,241309	1,983750
2,404287	1,984728
2,229667	1,983750
2,484113	1,987011
2,575581	1,987989
2,467483	1,988641
2,447526	1,990598
2,364374	1,992554
2,573918	1,995489
2,346081	1,996793
2,504070	1,998424
2,519037	1,998424
2,311157	1,999728
2,322798	2,002337
2,573918	2,002663
2,558951	2,003967
2,254613	2,005272
2,632125	2,006902
2,337765	2,007228
2,078330	2,010815
2,490766	2,012446
2,395972	2,014402
2,472472	2,014402
2,319472	2,016033
2,553961	2,016359
2,193080	2,017663
2,334439	2,019946
2,480787	2,022554
2,213037	2,024185
2,445863	2,026794
2,435885	2,027120
2,376015	2,027120
2,434222	2,029402
2,314483	2,029076
2,577244	2,032011
2,484113	2,034294
2,178113	2,035924
2,040080	2,038207
2,234656	2,038859
2,213037	2,040489
2,284548	2,041467
2,352733	2,042120
2,279559	2,042772
2,435885	2,046033
2,504070	2,047337
2,382668	2,049620
2,191417	2,050598
2,349407	2,053533
2,377678	2,052228
2,376015	2,054185
2,319472	2,055163
2,405950	2,054837
2,563940	2,059402
2,209711	2,061359
2,447526	2,062663
2,322798	2,064294
2,400961	2,064620
2,385994	2,065272
2,385994	2,066576
2,286211	2,069511
2,440874	2,071141
2,259602	2,073750
2,291200	2,073750
2,414265	2,075381
2,412602	2,075707
2,399298	2,077337
2,179776	2,078315
2,322798	2,081576
2,099950	2,082555
2,242972	2,085163
2,598864	2,086468
2,249624	2,087120
2,262928	2,087772
2,311157	2,089402
2,284548	2,091033
2,063363	2,092011
2,460831	2,095272
2,381005	2,097228
2,226341	2,097228
2,450852	2,097555
2,186428	2,099185
2,246298	2,100489
2,272906	2,102772
2,271243	2,105055
2,050058	2,107989
2,337765	2,107663
2,317809	2,108315
2,377678	2,109946
2,334439	2,110598
2,354396	2,113207
2,179776	2,115489
2,319472	2,117120
2,242972	2,118424
2,168135	2,119076
2,381005	2,120381
2,020123	2,121359
2,532342	2,122337
2,179776	2,124294
1,980210	2,126902
2,242972	2,126576
2,134874	2,130489
2,121569	2,130815
2,276233	2,131794
2,221352	2,133098
2,174787	2,134402
2,244635	2,135707
2,081656	2,138315
2,079993	2,139946
2,246298	2,141902
2,063363	2,143533
2,189754	2,144837
2,319472	2,146142
2,081656	2,147120
2,114917	2,148750
2,515711	2,149402
2,149841	2,150381
2,314483	2,153316
2,106602	2,155272
2,522363	2,156902
2,189754	2,157555
2,427570	2,159185
2,194743	2,160816
1,955265	2,161794
2,470809	2,162120
2,228004	2,164402
2,237983	2,165707
2,058373	2,167989
2,213037	2,169620
2,143189	2,171576
2,161482	2,173207
2,099950	2,174185
2,121569	2,175489
2,086645	2,176142
2,264591	2,177772
2,091634	2,176794
2,354396	2,179729
2,319472	2,182663
2,392646	2,183316
2,219689	2,185598
2,241309	2,186250
1,970232	2,188859
2,334439	2,190816
2,244635	2,191794
2,189754	2,193098
2,216363	2,195055
2,252950	2,196033
2,158156	2,196685
2,113254	2,198316
2,093297	2,198968
2,143189	2,200924
2,083319	2,201903
2,287874	2,202881
2,361048	2,205816
2,119906	2,207446
2,254613	2,208750
2,232993	2,211033
2,284548	2,211359
2,221352	2,213968
2,001830	2,215924
2,153167	2,216577
2,201395	2,217881
2,377678	2,219185
2,209711	2,216903
2,113254	2,220816
2,061700	2,222120
2,159819	2,224729
2,447526	2,226359
2,031765	2,228968
2,214700	2,230598
2,342754	2,232555
2,412602	2,232881
2,133211	2,234837
2,081656	2,235490
2,297852	2,235816
2,287874	2,237120
2,148178	2,239403
2,176450	2,240055
2,146515	2,242664
1,953602	2,244620
2,289537	2,246577
2,164808	2,246903
2,114917	2,248207
2,339428	2,249837
2,249624	2,250490
2,173124	2,251794
2,201395	2,253098
2,311157	2,256033
2,060037	2,257664
2,269580	2,259620
2,247961	2,261251
2,153167	2,262229
2,362711	2,262881
2,257939	2,264511
2,420918	2,265164
2,204722	2,267446
2,319472	2,268098
2,221352	2,269729
2,349407	2,271685
2,173124	2,273316
2,056710	2,275272
2,181439	2,277229
2,151504	2,277881
2,218026	2,280164
2,041743	2,281794
2,036754	2,281794
2,223015	2,283751
2,321135	2,285055
2,351070	2,285707
2,018460	2,287011
2,236319	2,288642
2,103276	2,290598
2,334439	2,292229
2,382668	2,293207
2,379341	2,295490
2,284548	2,297446
2,138200	2,298751
2,101613	2,300381
2,124895	2,302664
2,035091	2,303968
2,060037	2,305598
2,395972	2,305272
2,081656	2,307881
2,060037	2,308533
2,203059	2,310164
2,035091	2,310816
2,149841	2,312120
2,204722	2,313751
2,236319	2,315707
1,996841	2,317011
2,186428	2,318316
2,450852	2,319946
2,479124	2,322229
2,188091	2,323533
2,407613	2,323533
2,194743	2,326794
2,018460	2,328098
2,136537	2,330055
2,073341	2,332012
2,191417	2,332990
2,223015	2,334294
2,216363	2,335598
2,314483	2,337229
2,066689	2,336903
2,141526	2,338533
2,204722	2,340164
2,116580	2,341142
2,159819	2,343098
2,279559	2,345055
2,241309	2,347012
2,179776	2,347990
1,978547	2,350599
2,099950	2,351251
2,299515	2,353859
2,234656	2,354185
2,136537	2,355816
1,973558	2,357772
2,277896	2,359403
2,402624	2,361359
2,178113	2,362664
2,076667	2,364294
2,356059	2,365272
2,246298	2,366903
2,048395	2,368859
2,237983	2,369512
2,025113	2,370816
2,199732	2,374403
2,056710	2,374403
2,131548	2,375707
2,131548	2,377012
2,256276	2,378316
2,106602	2,379620
2,261265	2,380925
2,173124	2,383859
2,040080	2,384512
2,272906	2,385816
1,968569	2,386794
2,181439	2,388751
2,176450	2,390055
2,061700	2,392012
2,068352	2,392664
2,161482	2,395273
2,223015	2,395599
2,237983	2,397555
2,371026	2,398533
2,106602	2,400816
2,289537	2,402120
2,234656	2,403751
2,108265	2,405055
2,020123	2,407012
2,089971	2,407012
1,996841	2,409294
2,199732	2,410599
2,547309	2,412229
2,056710	2,413859
2,026776	2,414838
2,324461	2,416794
2,121569	2,417446
2,218026	2,419077
2,231330	2,420381
2,166472	2,422012
2,093297	2,423316
2,314483	2,423968
2,326124	2,425925
2,154830	2,426903
2,376015	2,428533
2,133211	2,430164
2,420918	2,431468
2,101613	2,432773
2,410939	2,434729
2,091634	2,435707
2,164808	2,437338
2,236319	2,439947
2,420918	2,440273
2,204722	2,442229
2,209711	2,442881
2,156493	2,445490
2,138200	2,446794
2,036754	2,448425
2,191417	2,450381
2,264591	2,451686
2,332776	2,452664
2,099950	2,454620
2,189754	2,455273
2,267917	2,457229
2,332776	2,459186
2,163145	2,459838
2,025113	2,461142
2,199732	2,462120
2,075004	2,463751
2,176450	2,465055
1,920341	2,466686
2,400961	2,468316
2,183102	2,470599
2,321135	2,472555
2,352733	2,473860
2,241309	2,475816
2,256276	2,477120
2,242972	2,478425
2,109928	2,478751
2,282885	2,481360
2,319472	2,481360
2,216363	2,482990
2,292863	2,484620
2,296189	2,485925
2,209711	2,486577
2,134874	2,487881
2,262928	2,490490
2,108265	2,491794
2,267917	2,493425
2,030102	2,494729
2,030102	2,496686
2,123232	2,498642
2,226341	2,500925
2,046732	2,501251
2,292863	2,502555
2,081656	2,503534
2,242972	2,505164
2,126558	2,506468
2,178113	2,507447
2,276233	2,508751
2,075004	2,510055
2,138200	2,512990
2,098287	2,514947
2,259602	2,516251
2,206385	2,518208
2,148178	2,520164
2,116580	2,521142
2,096624	2,521794
2,351070	2,521794
2,010145	2,523425
2,133211	2,525381
2,344418	2,526360
2,103276	2,527990
2,242972	2,529621
2,163145	2,531251
2,259602	2,533534
2,183102	2,534838
2,066689	2,537447
2,229667	2,538751
2,237983	2,539403
2,181439	2,540708
2,156493	2,542012
2,232993	2,543968
2,331113	2,543642
2,164808	2,546251
2,226341	2,547555
2,344418	2,549186
2,194743	2,551468
2,169798	2,553099
2,041743	2,554403
2,269580	2,555708
2,168135	2,556686
2,309494	2,558316
2,060037	2,558642
2,419255	2,560599
2,307830	2,561903
2,181439	2,562229
2,354396	2,565164
2,133211	2,566142
2,299515	2,568751
2,376015	2,570708
2,287874	2,572012
1,998504	2,573316
2,183102	2,575273
2,194743	2,574621
2,246298	2,576903
2,231330	2,577555
2,141526	2,580490
2,196406	2,581795
2,104939	2,583751
2,199732	2,584729
2,259602	2,585708
2,296189	2,585382
2,322798	2,587990
2,218026	2,589947
2,158156	2,592882
2,040080	2,594186
2,119906	2,594838
2,291200	2,595490
2,264591	2,596469
2,213037	2,599403
2,148178	2,600056
2,136537	2,602990
2,332776	2,603969
2,114917	2,604621
2,141526	2,605599
2,246298	2,608208
2,269580	2,611142
2,104939	2,610816
2,129884	2,610490
2,021786	2,613099
2,299515	2,615708
2,407613	2,615056
2,241309	2,618316
2,084982	2,618316
2,169798	2,620273
2,228004	2,623534
2,113254	2,624512
2,053384	2,624512
2,103276	2,626469
2,236319	2,626795
2,306167	2,631034
2,109928	2,631686
2,218026	2,632664
2,134874	2,633969
2,208048	2,635599
2,035091	2,635925
2,119906	2,639838
2,296189	2,640490
2,153167	2,640490
2,121569	2,642447
2,289537	2,643425
1,933645	2,646360
2,103276	2,647338
1,941960	2,648969
2,276233	2,648643
2,284548	2,650273
2,176450	2,653860
2,176450	2,655490
2,099950	2,656469
1,930319	2,656469
2,146515	2,657773
2,306167	2,661360
2,093297	2,662012
2,093297	2,663643
2,063363	2,664947
2,020123	2,665273
2,129884	2,667882
2,061700	2,667882
2,083319	2,672121
2,133211	2,672447
2,173124	2,672447
2,312820	2,675382
2,091634	2,677012
2,098287	2,678643
2,116580	2,679295
2,247961	2,679947
2,272906	2,680925
1,960254	2,681577
1,993515	2,687121
2,091634	2,687447
2,146515	2,686469
2,179776	2,689730
2,257939	2,692012
2,055047	2,694295
2,070015	2,693317
2,156493	2,694621
2,048395	2,697230
2,113254	2,699512
2,196406	2,700817
2,276233	2,700817
2,149841	2,702121
2,317809	2,703751
2,028439	2,707338
2,058373	2,707664
2,173124	2,708643
1,996841	2,709947
2,209711	2,712882
2,208048	2,714186
2,111591	2,713860
2,269580	2,715817
2,169798	2,717773
2,374352	2,721034
2,028439	2,721686
2,084982	2,722012
2,133211	2,723643
2,203059	2,725599
2,259602	2,727230
1,990189	2,725273
2,129884	2,728534
2,164808	2,731795
2,046732	2,733751
2,331113	2,734404
2,000167	2,734077
2,116580	2,737338
2,030102	2,737664
2,119906	2,740273
2,164808	2,740273
2,184765	2,742882
2,143189	2,745164
2,204722	2,746143
2,327787	2,746143
2,221352	2,749404
2,199732	2,751360
2,247961	2,752012
2,031765	2,751686
2,199732	2,756578
2,351070	2,755925
2,284548	2,755925
2,218026	2,758208
2,399298	2,761795
2,342754	2,762121
2,440874	2,762447
2,141526	2,764730
2,244635	2,766360
2,311157	2,767338
2,409276	2,768317
2,209711	2,771251
2,459168	2,772556
2,517374	2,772556
2,346081	2,774512
2,134874	2,778099
2,173124	2,778099
2,188091	2,779404
2,209711	2,781686
2,394309	2,781360
2,390983	2,782991
2,367700	2,785599
2,608842	2,787230
2,400961	2,787556
2,339428	2,790165
2,239646	2,791143
2,311157	2,792447
2,302841	2,795708
2,292863	2,795708
2,405950	2,796360
2,517374	2,799295
2,449189	2,800273
2,432559	2,801578
2,264591	2,802230
2,432559	2,804839
2,781799	2,806143
2,655407	2,807773
2,497418	2,810382
2,500744	2,810708
2,873266	2,810708
2,820049	2,813317
2,620483	2,815273
2,778473	2,815273
2,825038	2,817556
2,746875	2,819839
2,835016	2,820491
2,818386	2,821469
2,743549	2,824404
2,831690	2,825382
2,926484	2,825056
2,748538	2,828317
2,678690	2,829947
2,668712	2,829621
2,750201	2,831904
2,831690	2,834839
2,820049	2,835817
2,788451	2,835817
2,700309	2,838752
2,813397	2,840382
2,755190	2,841034
2,726918	2,842339
2,906527	2,844621
2,695320	2,845599
2,700309	2,845599
2,658733	2,848860
2,585559	2,850165
2,535668	2,850491
2,545646	2,853426
2,562277	2,855056
2,633788	2,854730
2,592211	2,857339
2,262928	2,859621
2,387657	2,858969
2,334439	2,861578
2,527353	2,864186
2,497418	2,863534
2,449189	2,865165
2,454179	2,868752
2,351070	2,868752
2,242972	2,870056
2,311157	2,873643
2,321135	2,873969
2,459168	2,873969
2,500744	2,875926
2,429233	2,878534
2,392646	2,878208
2,341091	2,879839
2,502407	2,883100
2,598864	2,882773
2,199732	2,885708
2,349407	2,887991
2,643766	2,887013
2,221352	2,889621
2,296189	2,891578
2,439211	2,891578
2,425907	2,893208
2,366037	2,896143
2,357722	2,896469
2,244635	2,896795
2,454179	2,899730
2,509059	2,901360
2,394309	2,902665
2,356059	2,903643
2,504070	2,906904
2,354396	2,906252
2,447526	2,907882
2,467483	2,911143
2,520700	2,910817
2,572255	2,913100
2,479124	2,915708
2,425907	2,914730
2,582233	2,917013
2,342754	2,919621
2,223015	2,918969
2,311157	2,921904
2,372689	2,923534
2,479124	2,923860
2,307830	2,926143
2,675364	2,928752
2,284548	2,928752
2,449189	2,931360
2,477461	2,932013
2,419255	2,932991
2,351070	2,936252
2,347744	2,935274
2,336102	2,938208
2,510722	2,939839
2,504070	2,940165
2,319472	2,941795
2,439211	2,943752
2,390983	2,943752
2,191417	2,947665
2,489103	2,947665
2,479124	2,949621
2,422581	2,951252
2,356059	2,951252
2,361048	2,953534
2,394309	2,955817
2,447526	2,955817
2,442537	2,958752
2,412602	2,959730
2,420918	2,960708
2,347744	2,963643
2,194743	2,963969
2,382668	2,965274
2,400961	2,967230
2,460831	2,967556
2,577244	2,970491
2,382668	2,970817
2,349407	2,972774
2,307830	2,975056
2,377678	2,975056
2,337765	2,978317
2,450852	2,978317
2,337765	2,980274
2,331113	2,981904
2,409276	2,981904
2,452516	2,985491
2,312820	2,985165
2,304504	2,988426
2,399298	2,989730
2,510722	2,989730
2,532342	2,992665
2,347744	2,992339
2,459168	2,996252
2,462494	2,995274
2,585559	2,997882
2,470809	2,998861
2,530679	3,000165
2,460831	3,003100
2,276233	3,003426
2,563940	3,006361
2,410939	3,005708
2,317809	3,008643
2,510722	3,009622
2,502407	3,010274
2,597201	3,012556
2,399298	3,013535
2,332776	3,016143
2,502407	3,016469
2,647092	3,018752
2,583896	3,020056
2,507396	3,021687
2,605516	3,022991
2,417592	3,024622
2,482450	3,026252
2,520700	3,025600
2,497418	3,029187
2,504070	3,029187
2,507396	3,032122
2,480787	3,032448
2,499081	3,035382
2,587222	3,034730
2,417592	3,038317
2,462494	3,038317
2,324461	3,040926
2,460831	3,041252
2,537331	3,042882
2,153167	3,044513
2,558951	3,046469
2,439211	3,048100
2,447526	3,048752
2,374352	3,051687
2,447526	3,051361
2,419255	3,053969
2,356059	3,054622
2,477461	3,057230
2,329450	3,057882
2,582233	3,059839
2,485776	3,059839
2,241309	3,062774
2,738560	3,063426
2,359385	3,065382
2,206385	3,065709
2,319472	3,069622
2,359385	3,068969
2,284548	3,072556
2,444200	3,072230
2,492429	3,074839
2,189754	3,074839
2,352733	3,078100
2,266254	3,077774
2,495755	3,080709
2,455842	3,080383
2,465820	3,083643
2,578907	3,083643
2,339428	3,086252
2,548972	3,086578
2,369363	3,088861
2,527353	3,089513
2,232993	3,091796
2,266254	3,092122
2,475798	3,095709
2,334439	3,094730
2,410939	3,098317
2,460831	3,097991
2,216363	3,101252
2,326124	3,102230
2,334439	3,103209
2,276233	3,105165
2,193080	3,103861
2,284548	3,108100
2,477461	3,108752
2,326124	3,111361
2,153167	3,110709
2,279559	3,113970
2,093297	3,113970
2,256276	3,116578
2,030102	3,116904
2,262928	3,118209
2,119906	3,121143
2,296189	3,121796
2,208048	3,125057
2,271243	3,124404
2,477461	3,127339
2,289537	3,127991
2,151504	3,128643
2,025113	3,132557
2,013471	3,131578
2,031765	3,134187
2,083319	3,136143
2,106602	3,135817
2,169798	3,139078
2,196406	3,140383
2,168135	3,140709
1,990189	3,143970
2,319472	3,143970
2,307830	3,145926
2,409276	3,146904
2,183102	3,147883
2,366037	3,151470
2,148178	3,150491
2,084982	3,153100
2,399298	3,154730
2,139863	3,155057
2,116580	3,158970
2,043406	3,158644
2,031765	3,159948
2,026776	3,162230
2,299515	3,162883
2,134874	3,164839
2,181439	3,165817
2,146515	3,166796
2,188091	3,168752
2,061700	3,171361
1,981873	3,169404
2,183102	3,172665
2,016797	3,175274
2,237983	3,175274
2,141526	3,178209
2,154830	3,178535
2,146515	3,180165
2,186428	3,183426
2,104939	3,184078
2,304504	3,184731
2,309494	3,187991
2,267917	3,187665
2,189754	3,189622
2,166472	3,191904
2,242972	3,192231
2,093297	3,193209
1,986862	3,195818
2,121569	3,197774
1,971895	3,197774
2,203059	3,201035
2,213037	3,201035
2,134874	3,202665
2,010145	3,205274
2,274570	3,205926
2,045069	3,206904
2,156493	3,209513
2,306167	3,210491
2,159819	3,209839
2,151504	3,213100
2,199732	3,216361
2,183102	3,215383
2,232993	3,217013
2,156493	3,219296
2,159819	3,220274
2,286211	3,221905
2,277896	3,223861
2,103276	3,224513
2,277896	3,226796
2,088308	3,228752
2,534005	3,228752
2,281222	3,231035
2,030102	3,232991
2,168135	3,233644
2,319472	3,234296
2,124895	3,237557
2,306167	3,237883
2,266254	3,237883
2,188091	3,241144
2,203059	3,242774
2,173124	3,243100
2,209711	3,246361
2,166472	3,247013
2,089971	3,247339
2,124895	3,249296
2,066689	3,252557
2,071678	3,253209
2,284548	3,253535
1,915351	3,256796
2,228004	3,257448
2,191417	3,258100
2,068352	3,259405
2,339428	3,262665
2,139863	3,262992
2,164808	3,263318
2,078330	3,265926
2,061700	3,267883
1,973558	3,267883
2,229667	3,270818
2,121569	3,273100
2,093297	3,273100
2,099950	3,274405
2,128221	3,277339
2,086645	3,278318
2,156493	3,278970
2,148178	3,280274
2,156493	3,283861
2,016797	3,281905
2,028439	3,284513
2,035091	3,287122
2,206385	3,287774
2,028439	3,288752
2,296189	3,290057
2,239646	3,292992
2,108265	3,293318
2,144852	3,294622
2,171461	3,296579
2,322798	3,299187
2,033428	3,300166
2,309494	3,300492
2,040080	3,302448
2,061700	3,304731
2,331113	3,304731
2,218026	3,306687
2,189754	3,309296
2,000167	3,310600
2,108265	3,310600
2,099950	3,311905
1,848830	3,314839
2,063363	3,316144
2,114917	3,317122
2,159819	3,318100
2,159819	3,321035
2,166472	3,321687
2,096624	3,322013
2,104939	3,324622
2,083319	3,326253
2,040080	3,328535
1,948612	3,328535
2,079993	3,329513
2,088308	3,331796
2,088308	3,333426
2,148178	3,335057
2,241309	3,335057
2,196406	3,337666
2,134874	3,340600
1,965243	3,341579
2,292863	3,341579
2,138200	3,342557
1,956928	3,345166
2,174787	3,348427
2,316146	3,349079
2,088308	3,348427
2,156493	3,350057
2,111591	3,352666
2,058373	3,355274
2,141526	3,355274
2,183102	3,356905
1,991852	3,356905
2,015134	3,359187
2,199732	3,360818
1,948612	3,363100
2,306167	3,366035
2,073341	3,365057
2,119906	3,367340
1,950275	3,367013
1,976884	3,368970
2,020123	3,371905
2,040080	3,374840
2,262928	3,374840
2,063363	3,375492
2,148178	3,376796
2,000167	3,377448
2,016797	3,379405
2,015134	3,383318
2,141526	3,384622
2,164808	3,385600
2,026776	3,387231
2,070015	3,386253
1,965243	3,387883
2,071678	3,388861
2,109928	3,391470
2,319472	3,393427
2,040080	3,396361
2,139863	3,397014
2,035091	3,398318
2,129884	3,398644
2,050058	3,400274
1,883754	3,400927
2,158156	3,402557
2,164808	3,404840
2,008482	3,407774
2,001830	3,409079
2,204722	3,409731
2,043406	3,411035
2,193080	3,412992
2,231330	3,413318
1,965243	3,414622
2,028439	3,415274
2,013471	3,417883
2,013471	3,419840
1,988526	3,420818
2,169798	3,422774
2,093297	3,424405
2,244635	3,425709
2,101613	3,428318
2,131548	3,429622
2,173124	3,430927
2,123232	3,432557
2,048395	3,431905
1,976884	3,434188
2,113254	3,435492
2,154830	3,436470
2,078330	3,438753
1,988526	3,440057
2,246298	3,440709
1,955265	3,443644
2,084982	3,444296
1,985199	3,445601
2,070015	3,447231
2,166472	3,449514
2,060037	3,451144
2,006819	3,452775
2,035091	3,453753
2,234656	3,455709
2,306167	3,457340
1,966906	3,458644
2,173124	3,459948
2,053384	3,460927
2,186428	3,463209
2,036754	3,466144
2,079993	3,465818
2,262928	3,467775
2,296189	3,469079
1,892069	3,471362
2,045069	3,472340
1,971895	3,472666
1,990189	3,474622
2,126558	3,476579
2,093297	3,477231
2,018460	3,479514
2,138200	3,481144
1,917015	3,482775
1,817232	3,485057
1,956928	3,484731
2,146515	3,486362
2,088308	3,487666
1,983536	3,488970
2,129884	3,491253
2,199732	3,492883
2,173124	3,494188
2,395972	3,495492
2,186428	3,497775
2,098287	3,498101
1,963580	3,499405
1,793949	3,501688
2,193080	3,501688
2,267917	3,502992
2,076667	3,504296
2,128221	3,506253
2,247961	3,506905
1,986862	3,508209
2,118243	3,509188
1,933645	3,511796
2,199732	3,514405
1,920341	3,514731
2,060037	3,517340
1,986862	3,518318
1,749047	3,520275
2,086645	3,521905
2,083319	3,522883
1,988526	3,524840
2,099950	3,525492
2,144852	3,526144
2,006819	3,527449
1,762351	3,529731
2,359385	3,530057
2,252950	3,532014
2,033428	3,532992
2,026776	3,534949
2,332776	3,535927
2,218026	3,539188
2,237983	3,539840
2,174787	3,541796
2,079993	3,543753
2,198069	3,545383
2,169798	3,545709
2,005156	3,547014
1,930319	3,548644
2,144852	3,548970
1,955265	3,550927
1,985199	3,551579
2,234656	3,554840
2,023449	3,556144
2,133211	3,558427
2,008482	3,559731
2,221352	3,560710
2,111591	3,561688
2,209711	3,562992
1,926993	3,563970
2,176450	3,565601
2,036754	3,568536
1,920341	3,569514
2,013471	3,571796
2,023449	3,571470
1,995178	3,572449
2,311157	3,574079
2,161482	3,577014
1,968569	3,578970
1,981873	3,579623
2,254613	3,581253
2,093297	3,581579
2,033428	3,583862
1,991852	3,586470
2,079993	3,587123
2,206385	3,587775
2,193080	3,588753
1,951938	3,590710
1,991852	3,592666
1,887080	3,595275
2,081656	3,596579
2,221352	3,596905
2,228004	3,597231
2,109928	3,601470
2,181439	3,603101
2,001830	3,603101
1,985199	3,603753
2,178113	3,606036
2,000167	3,608318
2,216363	3,609623
2,148178	3,610927
2,071678	3,609623
2,199732	3,613536
1,783971	3,615166
2,056710	3,616797
2,128221	3,617449
2,206385	3,617775
1,913688	3,620057
2,113254	3,622666
2,199732	3,622666
2,129884	3,623971
2,134874	3,625927
2,159819	3,628862
2,111591	3,628862
2,081656	3,629840
2,046732	3,633427
2,088308	3,633427
2,106602	3,634079
1,948612	3,636036
1,955265	3,638318
2,089971	3,638644
1,920341	3,640601
2,048395	3,643536
1,936971	3,643536
1,948612	3,644514
2,218026	3,648101
2,129884	3,647449
2,016797	3,648753
2,321135	3,651688
2,098287	3,653644
1,835525	3,653318
2,028439	3,656253
2,169798	3,657558
2,079993	3,657558
2,108265	3,660166
2,342754	3,662449
1,938634	3,662123
2,018460	3,664079
2,366037	3,665384
2,008482	3,666362
2,089971	3,668318
2,043406	3,671579
2,123232	3,671253
2,116580	3,672884
2,257939	3,675818
2,123232	3,676145
2,133211	3,676797
2,058373	3,680058
2,302841	3,679079
2,056710	3,682340
2,267917	3,684623
2,199732	3,685275
2,342754	3,686579
2,078330	3,688536
2,119906	3,687558
2,061700	3,690492
1,983536	3,692449
1,980210	3,692123
2,226341	3,695710
2,141526	3,696362
2,199732	3,697014
2,342754	3,699949
2,086645	3,700927
2,369363	3,701253
2,079993	3,704188
2,134874	3,704188
2,070015	3,706471
1,995178	3,709732
2,061700	3,708753
2,030102	3,710710
2,224678	3,714297
2,011808	3,712340
2,071678	3,716579
2,143189	3,716579
2,016797	3,716905
2,106602	3,719514
1,958591	3,719514
2,111591	3,723427
2,109928	3,725384
1,931982	3,724405
2,073341	3,727666
2,013471	3,727340
2,349407	3,730275
2,214700	3,731579
1,943623	3,732884
1,933645	3,734840
2,060037	3,735492
2,048395	3,737449
1,988526	3,739732
2,178113	3,739079
2,040080	3,742666
2,109928	3,742666
2,154830	3,743971
2,143189	3,745601
2,025113	3,748536
2,183102	3,749514
1,933645	3,749514
2,337765	3,753101
2,026776	3,752775
2,146515	3,756036
1,976884	3,753101
2,045069	3,757666
2,035091	3,759623
1,963580	3,758319
2,367700	3,763536
2,055047	3,763536
2,208048	3,767123
2,053384	3,766145
2,231330	3,769079
1,980210	3,768753
2,179776	3,772014
2,114917	3,772993
1,990189	3,773971
2,026776	3,775927
2,194743	3,776579
1,955265	3,776579
2,154830	3,779514
2,188091	3,781145
2,013471	3,781471
2,045069	3,785058
2,239646	3,785710
2,249624	3,787014
1,923667	3,789297
2,282885	3,789623
1,895395	3,791906
2,134874	3,792232
2,194743	3,794514
1,883754	3,795493
1,995178	3,798101
1,940297	3,797775
2,119906	3,801688
2,003493	3,801362
2,055047	3,803645
2,183102	3,803971
1,907036	3,806580
2,203059	3,806906
2,011808	3,810167
2,010145	3,810493
2,093297	3,812123
2,060037	3,814080
2,106602	3,815058
2,133211	3,816688
2,271243	3,817667
2,056710	3,820927
1,968569	3,819297
2,269580	3,822558
2,041743	3,823536
2,086645	3,826145
2,104939	3,829080
1,867123	3,829732
2,294526	3,831362
2,131548	3,829732
2,196406	3,833971
1,803927	3,833319
1,953602	3,837232
1,986862	3,836580
2,113254	3,837884
1,938634	3,839188
2,086645	3,839514
2,189754	3,842775
2,116580	3,844080
2,169798	3,847341
1,970232	3,847014
1,917015	3,850275
2,053384	3,849949
2,178113	3,852558
2,035091	3,850927
2,154830	3,854841
2,159819	3,857449
2,015134	3,856145
1,996841	3,860058
1,941960	3,860058
2,056710	3,861688
2,103276	3,862667
1,963580	3,864297
2,271243	3,867232
1,933645	3,867884
2,119906	3,869841
2,099950	3,872775
2,026776	3,871471
2,113254	3,874080
2,010145	3,874406
1,950275	3,876036
2,174787	3,878319
1,945286	3,878319
2,178113	3,881580
2,196406	3,882558
2,174787	3,883862
2,111591	3,885819
1,985199	3,886471
2,193080	3,888754
2,169798	3,891036
2,099950	3,888754
2,186428	3,891362
1,867123	3,893319
1,910362	3,896580
2,043406	3,896906
2,023449	3,897884
1,980210	3,900493
1,898721	3,900819
2,395972	3,903428
2,121569	3,905384
2,048395	3,907015
2,183102	3,909623
1,893732	3,910601
2,010145	3,910928
1,943623	3,913536
1,922004	3,914515
1,935308	3,916145
2,128221	3,918102
1,970232	3,918428
2,201395	3,921688
2,000167	3,922015
2,216363	3,923645
2,071678	3,925275
2,040080	3,926580
2,053384	3,927884
1,943623	3,931145
2,257939	3,930493
2,103276	3,931471
2,065026	3,934732
2,138200	3,935710
2,169798	3,937341
1,877101	3,938645
1,895395	3,939623
2,071678	3,940275
2,055047	3,942884
1,887080	3,943536
2,214700	3,943210
2,061700	3,946797
2,025113	3,949406
1,885417	3,949732
1,995178	3,951362
2,071678	3,953319
2,103276	3,954949
2,093297	3,954949
2,000167	3,956580
2,108265	3,959189
2,046732	3,960167
2,178113	3,960167
2,244635	3,963102
2,141526	3,965058
2,199732	3,965058
2,173124	3,967015
2,043406	3,968971
2,104939	3,971254
2,324461	3,971254
2,084982	3,972232
2,108265	3,975493
2,379341	3,977449
2,013471	3,977776
2,056710	3,977776
1,980210	3,980710
2,031765	3,982667
2,281222	3,984949
2,194743	3,983971
2,008482	3,985602
2,089971	3,988210
1,956928	3,990493
2,269580	3,992449
2,188091	3,991797
2,183102	3,992449
2,347744	3,994406
2,266254	3,996689
2,048395	3,998971
2,299515	4,000928
2,065026	4,000276
2,201395	4,002232
2,159819	4,003210
2,188091	4,006145
2,079993	4,007123
2,374352	4,009080
2,033428	4,009406
2,261265	4,011363
2,246298	4,013971
1,991852	4,015276
2,154830	4,016906
2,420918	4,017232
2,103276	4,017884
2,213037	4,019189
2,121569	4,021471
2,509059	4,024406
2,114917	4,025058
2,266254	4,027015
2,336102	4,027015
2,188091	4,028319
2,103276	4,030276
2,086645	4,032558
2,232993	4,033537
2,385994	4,035819
2,204722	4,035819
2,354396	4,037776
2,321135	4,039080
2,096624	4,039406
2,259602	4,042667
2,204722	4,043645
2,276233	4,045928
2,309494	4,046580
2,395972	4,048863
2,124895	4,049515
2,500744	4,051797
2,053384	4,051471
2,267917	4,053102
2,251287	4,054732
2,359385	4,056037
2,124895	4,058319
2,138200	4,059950
2,309494	4,061906
2,381005	4,063537
2,276233	4,064841
2,336102	4,066797
2,435885	4,067450
2,089971	4,069080
2,414265	4,071363
2,419255	4,072993
2,134874	4,073319
2,151504	4,075276
2,274570	4,076580
2,247961	4,077558
2,321135	4,078537
2,327787	4,079189
2,337765	4,081145
2,164808	4,082450
2,349407	4,083754
2,359385	4,085384
2,198069	4,087015
2,294526	4,088319
2,454179	4,090276
2,015134	4,090928
2,394309	4,092232
2,213037	4,094841
2,138200	4,095493
2,208048	4,097450
2,183102	4,098754
2,114917	4,100384
2,279559	4,102667
2,148178	4,103319
2,384331	4,105602
2,359385	4,106906
2,385994	4,107558
2,527353	4,108537
2,319472	4,110167
2,282885	4,112450
2,103276	4,113754
2,332776	4,115711
2,351070	4,116363
2,191417	4,117993
2,470809	4,119298
2,043406	4,121254
2,329450	4,122885
2,336102	4,123537
2,088308	4,124841
2,374352	4,126471
2,279559	4,129080
2,414265	4,129080
2,201395	4,131037
2,266254	4,132015
2,324461	4,134624
2,450852	4,135602
2,460831	4,136580
2,257939	4,137558
2,312820	4,140167
2,109928	4,142124
2,341091	4,142776
2,450852	4,145058
2,277896	4,145711
2,316146	4,147341
2,489103	4,148972
2,381005	4,150276
2,414265	4,151254
2,173124	4,153537
2,169798	4,154515
2,445863	4,157124
2,312820	4,157450
2,133211	4,158428
2,256276	4,159406
2,158156	4,161037
2,236319	4,162667
2,186428	4,165276
2,439211	4,165928
2,334439	4,167885
2,108265	4,169515
2,492429	4,171798
2,286211	4,173428
2,272906	4,174732
2,249624	4,176363
2,201395	4,177667
2,339428	4,179624
2,482450	4,178972
2,402624	4,180602
2,129884	4,181906
2,336102	4,182885
2,395972	4,185167
2,538994	4,187450
2,141526	4,187776
2,183102	4,190385
2,385994	4,192341
2,149841	4,193319
2,297852	4,194950
2,346081	4,195928
2,424244	4,195928
2,444200	4,197885
2,332776	4,199515
2,271243	4,202124
2,312820	4,203754
2,301178	4,205059
2,078330	4,207015
2,339428	4,208319
2,156493	4,209298
2,384331	4,209950
2,297852	4,211580
2,376015	4,212885
2,304504	4,214841
2,246298	4,216798
2,319472	4,218102
2,429233	4,219733
2,319472	4,221363
2,397635	4,222667
2,425907	4,223319
2,387657	4,223646
2,430896	4,225602
2,404287	4,227885
2,442537	4,230167
2,326124	4,231798
2,138200	4,233102
2,339428	4,233754
2,439211	4,236037
2,126558	4,236363
2,058373	4,237667
2,151504	4,238972
2,322798	4,241906
2,219689	4,243863
2,359385	4,243863
2,073341	4,245167
2,256276	4,245493
2,385994	4,248754
2,449189	4,250711
2,237983	4,252667
2,287874	4,253646
2,390983	4,255276
2,139863	4,255928
2,409276	4,256254
2,371026	4,257559
2,254613	4,260820
2,124895	4,262776
2,384331	4,263428
2,504070	4,264733
2,414265	4,264733
2,021786	4,267667
2,262928	4,268972
2,096624	4,271580
2,174787	4,272885
2,374352	4,272885
2,272906	4,273863
2,339428	4,276472
2,527353	4,278102
2,194743	4,280711
2,336102	4,280711
2,339428	4,281689
2,432559	4,282341
2,219689	4,285276
2,237983	4,286907
2,292863	4,288863
2,354396	4,289515
2,301178	4,291472
2,555624	4,293754
2,399298	4,294733
2,376015	4,295385
2,178113	4,296363
2,327787	4,297015
2,141526	4,300602
2,347744	4,301907
2,351070	4,301907
2,184765	4,303211
2,066689	4,306798
2,366037	4,307124
2,314483	4,307450
2,307830	4,310059
2,287874	4,312015
2,168135	4,312994
2,369363	4,313972
2,261265	4,315928
2,397635	4,317885
2,296189	4,318537
2,213037	4,318863
2,292863	4,322450
2,469146	4,324407
2,332776	4,323428
2,392646	4,326363
2,116580	4,328646
2,254613	4,328972
2,381005	4,329624
2,201395	4,331254
2,148178	4,334515
2,276233	4,333863
1,963580	4,335820
2,362711	4,337450
2,459168	4,339407
2,261265	4,340385
2,116580	4,341689
2,163145	4,344624
2,457505	4,345928
2,272906	4,346581
2,485776	4,349515
2,615494	4,350494
2,327787	4,350168
2,213037	4,351798
2,316146	4,354407
2,199732	4,355711
2,552298	4,356037
2,352733	4,359624
2,334439	4,360276
2,296189	4,360928
2,357722	4,362559
2,146515	4,365494
2,089971	4,365494
2,246298	4,366146
2,239646	4,369407
2,221352	4,370385
2,184765	4,370385
2,351070	4,374298
2,317809	4,374298
2,239646	4,374298
2,356059	4,378863
2,514048	4,378537
2,276233	4,379515
2,342754	4,382124
2,376015	4,383102
2,078330	4,384407
2,412602	4,386689
2,229667	4,387015
2,156493	4,389624
2,351070	4,390929
2,267917	4,391907
2,354396	4,393537
2,389320	4,394842
2,362711	4,395168
2,317809	4,400059
2,432559	4,399407
2,509059	4,400059
2,352733	4,402668
2,367700	4,403646
2,106602	4,405602
2,321135	4,407885
2,484113	4,406907
2,267917	4,410494
2,329450	4,410820
2,299515	4,412450
2,272906	4,414733
2,469146	4,414733
2,324461	4,417342
2,362711	4,418320
2,447526	4,419950
2,224678	4,421255
2,419255	4,421581
2,292863	4,426146
2,405950	4,424516
2,199732	4,427450
2,241309	4,429081
2,262928	4,428755
2,472472	4,432016
2,369363	4,432668
2,326124	4,435276
2,299515	4,436907
2,108265	4,437233
2,223015	4,439842
2,472472	4,440168
2,241309	4,441146
2,369363	4,443755
2,359385	4,444733
2,327787	4,447342
2,297852	4,447016
2,261265	4,449298
2,138200	4,452233
2,281222	4,450929
2,332776	4,454189
2,314483	4,454189
2,306167	4,455820
2,301178	4,457776
2,442537	4,459407
2,292863	4,461690
2,257939	4,461690
2,341091	4,464298
2,334439	4,464298
2,277896	4,467233
2,244635	4,466581
2,179776	4,468211
2,359385	4,471146
2,277896	4,472124
2,216363	4,474407
2,346081	4,475059
2,502407	4,476037
2,232993	4,477668
2,251287	4,479950
2,272906	4,480929
2,136537	4,483211
2,558951	4,483863
2,371026	4,485820
2,307830	4,486146
2,306167	4,489407
2,223015	4,490059
2,141526	4,492016
2,430896	4,492016
2,462494	4,494950
2,545646	4,495603
2,366037	4,497559
2,173124	4,498211
2,208048	4,500168
2,515711	4,501146
2,367700	4,503429
2,404287	4,504733
2,194743	4,506364
2,166472	4,507668
2,208048	4,508972
2,096624	4,510929
2,241309	4,512559
2,329450	4,513864
2,070015	4,513864
2,495755	4,517124
2,208048	4,517124
2,319472	4,520059
2,499081	4,520059
2,272906	4,523646
2,060037	4,522668
2,213037	4,526255
2,171461	4,525277
2,254613	4,528537
2,203059	4,528864
2,349407	4,532124
2,231330	4,531798
2,106602	4,534407
2,199732	4,534407
2,399298	4,537016
2,103276	4,537668
2,297852	4,539624
2,093297	4,542233
2,543983	4,541581
2,309494	4,544516
2,184765	4,545494
2,420918	4,547124
2,249624	4,549081
2,226341	4,549081
2,326124	4,552342
2,213037	4,551364
2,274570	4,554951
2,337765	4,555277
2,244635	4,556581
2,114917	4,559516
2,327787	4,559190
2,301178	4,560820
2,271243	4,562777
2,066689	4,564081
2,359385	4,567342
2,219689	4,566690
2,306167	4,568646
2,407613	4,571255
2,276233	4,571255
2,329450	4,573864
2,169798	4,575494
2,417592	4,575820
2,346081	4,577777
2,173124	4,579081
2,121569	4,580385
2,166472	4,582668
2,231330	4,582994
2,228004	4,585277
1,910362	4,586581
2,252950	4,586907
1,908699	4,590494
2,133211	4,588538
2,241309	4,591472
2,274570	4,594733
2,252950	4,595712
2,063363	4,595712
2,094961	4,598646
2,292863	4,599951
2,219689	4,600603
2,242972	4,602885
2,276233	4,603538
2,070015	4,604516
2,184765	4,608755
2,201395	4,609081
2,114917	4,609407
2,108265	4,612342
2,094961	4,612668
2,154830	4,612016
2,149841	4,614625
2,141526	4,617885
2,214700	4,618212
2,181439	4,620494
2,224678	4,622777
2,241309	4,622777
2,252950	4,621799
2,086645	4,625059
2,176450	4,628320
2,161482	4,628320
2,228004	4,630277
2,066689	4,633538
1,961917	4,632559
2,094961	4,634190
2,191417	4,636472
2,194743	4,637777
2,297852	4,640059
2,206385	4,641038
2,081656	4,642668
1,895395	4,644299
2,291200	4,643646
2,204722	4,646255
2,026776	4,648212
1,968569	4,649516
2,334439	4,649190
2,424244	4,652777
2,194743	4,654407
1,953602	4,653103
2,091634	4,655059
2,232993	4,658646
2,394309	4,659625
2,346081	4,660929
1,998504	4,662886
2,106602	4,662886
2,128221	4,666799
2,179776	4,666473
2,089971	4,666799
2,223015	4,668429
2,346081	4,672668
2,146515	4,673646
2,287874	4,673646
2,073341	4,675277
2,269580	4,677886
2,060037	4,679190
2,397635	4,680168
2,149841	4,680494
2,164808	4,682125
2,342754	4,685060
2,223015	4,687016
1,998504	4,687994
2,134874	4,688646
2,018460	4,689951
2,030102	4,692560
2,070015	4,694190
2,199732	4,695168
1,770666	4,695494
2,106602	4,696799
2,065026	4,699407
2,045069	4,701038
2,322798	4,702994
2,302841	4,702668
2,209711	4,705277
2,262928	4,705929
2,226341	4,708538
2,282885	4,710820
2,116580	4,711799
2,121569	4,712125
2,176450	4,711799
2,078330	4,714733
2,356059	4,717016
2,246298	4,718647
2,113254	4,720277
2,223015	4,721581
2,394309	4,722560
2,188091	4,723538
2,297852	4,724516
2,395972	4,727451
2,196406	4,729081
2,031765	4,730712
2,144852	4,731690
2,088308	4,730712
2,193080	4,733647
2,321135	4,734625
2,296189	4,736581
2,111591	4,738538
2,376015	4,739842
2,154830	4,742125
2,086645	4,744407
2,171461	4,745712
2,291200	4,747016
2,334439	4,747342
2,252950	4,748973
2,352733	4,749299
2,341091	4,750929
2,173124	4,752560
2,392646	4,754190
2,331113	4,754190
2,209711	4,759081
2,221352	4,759407
2,218026	4,761038
2,389320	4,762994
2,252950	4,763973
2,228004	4,765603
2,404287	4,766581
2,336102	4,767560
2,450852	4,768212
2,376015	4,770821
2,382668	4,773429
2,101613	4,774407
2,297852	4,776364
2,282885	4,777016
2,422581	4,779625
2,106602	4,780929
1,966906	4,782234
2,527353	4,783212
2,334439	4,784190
2,028439	4,786147
2,204722	4,786473
2,281222	4,789081
2,385994	4,790060
2,204722	4,791364
2,316146	4,792342
2,262928	4,793973
2,394309	4,795603
2,218026	4,797234
2,158156	4,798538
2,119906	4,800168
2,341091	4,800821
2,193080	4,803103
2,442537	4,804408
2,366037	4,806038
2,412602	4,807342
2,291200	4,809625
2,389320	4,811255
2,439211	4,812234
2,236319	4,814190
2,168135	4,815168
2,427570	4,817125
2,475798	4,818103
2,311157	4,820060
2,257939	4,822016
2,232993	4,822668
2,216363	4,824625
2,414265	4,826908
2,251287	4,827234
2,412602	4,827886
2,545646	4,829516
2,480787	4,830495
2,321135	4,832451
2,417592	4,833429
2,306167	4,835060
2,437548	4,837342
2,672038	4,838321
2,507396	4,839951
2,354396	4,842234
2,337765	4,843212
2,266254	4,844842
2,299515	4,845495
2,129884	4,846473
2,452516	4,847777
2,228004	4,849734
2,627135	4,851690
2,242972	4,853973
2,371026	4,855929
2,267917	4,855277
2,439211	4,857560
2,371026	4,858864
2,261265	4,860495
2,347744	4,863103
2,257939	4,864082
2,276233	4,865060
2,359385	4,865060
2,449189	4,866364
2,166472	4,868647
2,271243	4,871908
2,237983	4,873212
2,156493	4,873538
2,287874	4,873864
2,442537	4,875495
2,203059	4,878756
2,211374	4,881364
2,492429	4,881690
2,277896	4,882016
2,336102	4,882342
2,435885	4,885603
2,445863	4,887886
2,329450	4,888212
2,347744	4,888538
2,234656	4,890495
2,397635	4,893103
2,357722	4,894408
2,477461	4,895712
2,138200	4,896690
2,226341	4,897343
2,600527	4,900277
2,234656	4,902234
2,334439	4,902886
2,327787	4,903864
2,417592	4,905821
2,281222	4,908103
2,367700	4,910060
2,286211	4,909082
2,297852	4,911364
2,610505	4,914299
2,349407	4,914625
2,480787	4,914951
2,475798	4,917234
2,324461	4,920169
2,455842	4,921799
2,430896	4,921147
2,231330	4,923430
2,218026	4,926364
2,440874	4,927016
2,432559	4,926690
2,281222	4,929951
2,292863	4,931256
2,286211	4,931582
2,173124	4,933212
2,307830	4,935495
2,297852	4,935821
2,173124	4,937451
2,379341	4,940712
2,316146	4,941364
2,377678	4,941364
2,237983	4,945277
2,324461	4,944951
2,075004	4,946908
2,184765	4,949517
2,327787	4,949517
2,334439	4,950821
2,527353	4,953430
2,231330	4,952777
2,452516	4,955386
2,445863	4,957669
2,101613	4,958321
2,429233	4,960930
2,455842	4,960277
2,199732	4,962560
2,395972	4,965495
2,346081	4,965169
2,395972	4,967125
2,487440	4,969408
2,153167	4,969408
2,512385	4,972343
2,356059	4,972995
2,319472	4,973973
2,507396	4,976908
2,292863	4,975930
2,683679	4,979843
2,244635	4,979517
2,479124	4,981473
2,344418	4,984408
2,377678	4,983756
2,610505	4,986364
2,530679	4,987669
2,301178	4,989299
2,339428	4,991256
2,440874	4,991256
2,302841	4,994843
2,374352	4,994843
2,440874	4,996147
2,302841	4,998430
2,455842	4,998756
2,218026	5,001364
2,153167	5,001038
2,301178	5,004625
2,608842	5,005278
2,572255	5,006582
2,479124	5,008864
2,339428	5,009191
2,309494	5,011799
2,239646	5,011799
2,376015	5,014734
2,306167	5,015060
2,191417	5,017017
2,351070	5,018647
2,269580	5,020278
2,346081	5,021582
2,400961	5,022886
2,306167	5,024517
2,214700	5,025495
2,282885	5,028104
2,372689	5,027125
2,239646	5,031365
2,261265	5,030386
2,387657	5,033647
2,314483	5,033973
2,252950	5,037234
2,354396	5,036908
2,249624	5,040495
2,304504	5,039843
2,361048	5,042125
2,440874	5,043104
2,479124	5,045712
2,439211	5,045712
2,070015	5,048321
2,470809	5,048647
2,236319	5,051256
2,419255	5,052234
2,213037	5,054843
2,459168	5,054191
2,367700	5,056799
2,236319	5,056799
2,390983	5,060060
2,277896	5,059408
2,369363	5,062995
2,302841	5,063321
2,316146	5,065604
2,372689	5,067234
2,299515	5,068212
2,279559	5,069517
2,309494	5,071147
2,311157	5,072452
2,266254	5,072452
2,214700	5,077017
2,144852	5,076039
2,128221	5,078973
2,347744	5,079625
2,241309	5,080930
2,289537	5,083539
2,234656	5,083539
2,449189	5,086799
2,316146	5,087452
2,475798	5,088430
2,203059	5,090060
2,246298	5,091039
2,359385	5,094299
2,241309	5,093973
2,226341	5,096256
2,291200	5,097234
2,538994	5,098539
2,429233	5,101473
2,254613	5,101147
2,267917	5,103104
2,372689	5,105712
2,384331	5,106039
2,081656	5,107995
2,063363	5,107995
2,352733	5,109626
2,462494	5,112886
2,467483	5,113539
2,312820	5,114517
2,214700	5,117778
1,956928	5,118756
2,277896	5,119408
2,178113	5,121691
2,266254	5,122669
2,138200	5,123321
2,287874	5,126256
2,269580	5,126582
2,432559	5,127234
2,377678	5,129843
2,387657	5,131473
1,870449	5,132126
2,376015	5,134082
2,302841	5,136365
2,252950	5,136039
2,219689	5,137995
2,237983	5,140278
2,281222	5,141256
2,204722	5,142886
2,346081	5,145495
2,060037	5,145821
2,425907	5,146147
2,251287	5,148104
2,173124	5,150713
2,384331	5,151691
2,312820	5,153321
2,274570	5,154952
2,026776	5,155604
2,193080	5,156582
2,279559	5,158213
2,249624	5,161800
2,407613	5,162126
2,264591	5,163104
2,334439	5,164408
2,093297	5,167017
2,362711	5,167669
2,099950	5,167669
2,041743	5,169952
2,149841	5,172887
2,412602	5,174517
2,244635	5,174843
2,224678	5,175169
2,304504	5,177778
2,126558	5,180060
2,291200	5,182017
2,414265	5,182017
2,173124	5,182669
2,309494	5,185930
2,269580	5,186908
2,114917	5,187887
2,193080	5,189843
2,204722	5,191800
2,040080	5,193104
2,470809	5,194734
2,226341	5,195387
2,289537	5,196365
2,397635	5,198974
2,219689	5,200930
2,124895	5,201908
2,164808	5,201908
2,395972	5,203539
2,332776	5,205495
2,317809	5,207452
2,321135	5,210061
2,284548	5,211039
2,568929	5,211365
2,237983	5,211365
2,241309	5,213974
2,193080	5,215930
2,134874	5,218213
2,297852	5,219191
2,412602	5,220821
2,181439	5,220495
2,352733	5,222452
2,246298	5,224408
2,066689	5,225713
2,316146	5,228974
2,317809	5,229626
2,414265	5,232234
2,294526	5,232887
2,206385	5,234191
2,444200	5,234843
2,232993	5,235169
2,337765	5,236474
2,322798	5,238756
2,322798	5,240061
2,306167	5,242669
2,346081	5,243321
2,246298	5,245604
2,173124	5,247887
2,299515	5,248865
2,284548	5,250495
2,164808	5,251800
2,226341	5,253756
2,254613	5,254735
2,306167	5,256365
2,098287	5,257669
2,267917	5,258974
2,254613	5,260930
2,409276	5,261582
2,425907	5,263865
2,307830	5,264843
1,970232	5,267126
2,439211	5,268104
2,346081	5,269082
2,407613	5,269735
2,465820	5,271365
2,131548	5,272343
2,402624	5,274626
2,113254	5,276582
2,209711	5,278213
2,357722	5,278213
2,016797	5,280495
2,326124	5,281148
2,247961	5,282452
2,287874	5,284735
2,349407	5,286039
2,277896	5,286365
2,199732	5,288322
2,193080	5,289952
2,247961	5,291256
2,271243	5,292561
2,296189	5,294843
2,262928	5,296148
2,374352	5,297778
2,198069	5,300061
2,352733	5,301691
2,351070	5,302669
2,218026	5,304626
2,366037	5,305930
2,289537	5,307887
2,316146	5,308213
2,213037	5,309191
2,241309	5,310169
2,119906	5,312126
2,276233	5,313430
2,460831	5,314735
2,312820	5,317017
2,587222	5,318974
2,284548	5,320930
2,188091	5,322561
2,026776	5,323539
2,274570	5,324517
2,286211	5,326474
2,244635	5,327452
2,194743	5,328104
2,439211	5,329409
2,073341	5,331365
2,399298	5,332343
2,339428	5,334300
2,274570	5,335930
2,256276	5,338213
2,284548	5,339843
2,199732	5,342126
2,326124	5,342126
2,252950	5,343430
2,191417	5,344083
2,299515	5,344735
2,158156	5,347343
2,133211	5,348974
2,367700	5,349626
2,229667	5,353539
2,219689	5,354843
2,342754	5,355822
2,327787	5,357126
2,394309	5,357452
2,267917	5,359083
2,101613	5,361365
2,400961	5,362996
2,369363	5,364626
2,294526	5,365278
2,282885	5,365604
2,252950	5,367561
2,254613	5,370496
2,344418	5,371474
2,266254	5,373104
2,281222	5,373104
2,158156	5,374735
2,321135	5,377343
2,218026	5,378648
2,279559	5,380278
2,277896	5,380930
2,091634	5,382561
2,425907	5,385170
2,307830	5,387778
2,213037	5,387778
2,189754	5,387778
2,395972	5,389735
2,374352	5,391365
2,339428	5,393648
2,276233	5,394952
2,361048	5,394952
2,294526	5,397561
2,148178	5,399517
2,166472	5,399517
2,121569	5,401800
2,252950	5,403757
2,030102	5,406039
2,213037	5,407017
2,362711	5,407670
2,444200	5,408974
2,271243	5,412235
2,188091	5,412561
2,287874	5,413865
2,314483	5,415170
2,163145	5,416474
2,304504	5,419735
2,211374	5,419083
2,309494	5,420387
2,364374	5,423648
2,349407	5,423648
2,419255	5,424300
2,249624	5,427235
2,232993	5,428865
2,178113	5,428865
2,272906	5,431474
2,247961	5,433431
2,402624	5,433104
2,128221	5,435713
2,306167	5,438322
2,347744	5,438322
2,279559	5,439626
2,226341	5,441909
1,960254	5,441909
2,254613	5,445170
2,143189	5,446474
2,246298	5,447126
2,179776	5,449409
2,555624	5,450387
2,402624	5,450713
2,098287	5,454300
2,477461	5,454952
2,311157	5,455278
2,475798	5,458213
2,281222	5,457887
2,429233	5,460170
2,096624	5,462778
1,917015	5,462126
2,447526	5,464735
2,297852	5,466365
2,257939	5,467344
2,166472	5,469952
2,179776	5,470604
2,146515	5,471257
2,101613	5,474844
2,287874	5,473865
2,063363	5,477452
2,169798	5,476800
2,346081	5,480061
2,437548	5,480061
2,324461	5,481365
2,221352	5,484626
2,477461	5,484626
2,302841	5,486909
2,321135	5,487887
2,337765	5,490496
2,231330	5,491474
2,257939	5,491800
2,188091	5,494735
2,376015	5,494735
2,176450	5,497344
2,252950	5,498974
2,099950	5,499952
2,347744	5,500931
2,229667	5,502235
2,395972	5,504844
2,188091	5,506148
1,975221	5,507778
2,287874	5,509409
2,272906	5,511365
2,529016	5,511692
2,266254	5,514300
2,141526	5,514952
2,001830	5,516583
2,138200	5,517235
2,242972	5,519844
