2,086645	0,988205
2,063363	0,988531
2,016797	0,987878
1,822221	0,989509
1,825547	0,987226
2,000167	0,987226
1,848830	0,989835
1,798938	0,990813
1,805590	0,992444
1,880427	0,994726
1,887080	0,994074
1,885417	0,997335
1,870449	0,998313
1,865460	0,999944
1,820558	1,001574
2,036754	1,001574
2,066689	1,005161
1,930319	1,005161
1,852156	1,007770
1,860471	1,009074
1,830536	1,009400
1,853819	1,012987
1,825547	1,012335
1,928656	1,015270
1,892069	1,016248
1,941960	1,018205
1,765677	1,018531
2,055047	1,021139
1,858808	1,020487
2,008482	1,023422
1,812243	1,024074
1,769003	1,026683
2,021786	1,027661
1,923667	1,029618
1,996841	1,030596
2,001830	1,033205
1,922004	1,032879
1,755699	1,035813
1,976884	1,035813
1,847167	1,037770
1,848830	1,040053
1,810580	1,041357
1,888743	1,042987
1,875438	1,042987
1,742395	1,046574
1,966906	1,045922
1,913688	1,049183
1,729090	1,049183
1,752373	1,052444
1,940297	1,051466
1,940297	1,054074
1,933645	1,054726
1,946949	1,058313
1,978547	1,058640
1,998504	1,059944
2,033428	1,062226
2,003493	1,062226
1,853819	1,066140
1,945286	1,065161
1,908699	1,068422
2,001830	1,068422
1,895395	1,071683
1,951938	1,072335
2,036754	1,073313
1,955265	1,075270
2,026776	1,076574
1,847167	1,078205
1,803927	1,079183
1,933645	1,080487
1,823884	1,083096
2,046732	1,083096
1,897058	1,085705
1,995178	1,087335
1,913688	1,087335
2,003493	1,090596
1,862134	1,090596
1,672547	1,092227
1,812243	1,094835
2,016797	1,094835
1,975221	1,097444
1,868786	1,098748
1,880427	1,097770
1,912025	1,101357
1,797275	1,102987
1,872112	1,102987
1,902047	1,106574
2,025113	1,107227
1,895395	1,107553
1,837188	1,111140
1,873775	1,111792
2,031765	1,111466
1,883754	1,114727
1,852156	1,116683
1,971895	1,117009
2,053384	1,117661
1,940297	1,121248
2,023449	1,122553
1,920341	1,122553
1,810580	1,124509
1,873775	1,127118
1,777319	1,127770
2,025113	1,128748
1,968569	1,131357
1,815569	1,132661
2,040080	1,132987
2,174787	1,134292
1,902047	1,137227
1,918678	1,138531
2,046732	1,139183
2,033428	1,140161
1,842177	1,143096
1,915351	1,144727
2,098287	1,145379
1,981873	1,145705
2,071678	1,147988
1,887080	1,151248
1,793949	1,151901
2,216363	1,152227
1,980210	1,153857
1,931982	1,156140
1,694166	1,157770
1,850493	1,159401
1,850493	1,159401
2,006819	1,161031
1,852156	1,164292
1,887080	1,164944
2,066689	1,164944
2,030102	1,166248
2,103276	1,168857
1,850493	1,170814
1,995178	1,171792
1,813906	1,172770
1,888743	1,174401
1,873775	1,175705
2,021786	1,177988
1,858808	1,180922
1,887080	1,180922
1,951938	1,181248
1,727427	1,183531
1,868786	1,185161
1,749047	1,187118
1,835525	1,188748
1,970232	1,190379
2,013471	1,190379
1,940297	1,191357
1,993515	1,193314
1,729090	1,194618
1,817232	1,197553
1,853819	1,199183
1,975221	1,200488
1,873775	1,201140
2,201395	1,202444
1,872112	1,203096
1,902047	1,204401
1,747384	1,207009
1,880427	1,208966
2,015134	1,210922
1,897058	1,212227
2,078330	1,213531
1,966906	1,214183
2,005156	1,215814
1,877101	1,215488
1,800601	1,218749
1,993515	1,221031
1,867123	1,222009
1,900384	1,223966
1,903710	1,225270
2,061700	1,226249
2,018460	1,227879
2,156493	1,228857
1,917015	1,230488
2,043406	1,231140
2,050058	1,232770
2,154830	1,234075
1,918678	1,236357
1,843840	1,238314
2,146515	1,239292
2,001830	1,241901
1,978547	1,243531
1,970232	1,244509
2,001830	1,245488
1,926993	1,247770
2,053384	1,248096
1,754036	1,249075
1,986862	1,251031
2,046732	1,252336
1,759025	1,253966
2,068352	1,254292
1,772329	1,255922
2,021786	1,257879
2,204722	1,259509
2,021786	1,259836
1,941960	1,262770
1,946949	1,264075
1,990189	1,265053
1,902047	1,267009
1,890406	1,267988
2,008482	1,270596
1,674210	1,271575
1,883754	1,273205
1,900384	1,274836
2,136537	1,276466
2,038417	1,277770
2,043406	1,280053
2,020123	1,281357
1,813906	1,281357
1,783971	1,283314
1,823884	1,284618
2,191417	1,285923
1,931982	1,287879
1,843840	1,288857
1,986862	1,290162
1,858808	1,291466
1,900384	1,293749
1,762351	1,295053
2,055047	1,295053
2,053384	1,297336
2,021786	1,298314
1,961917	1,299292
1,890406	1,301901
1,943623	1,303531
1,882091	1,305162
1,830536	1,306792
1,928656	1,308423
1,890406	1,309727
1,679199	1,311683
1,935308	1,314292
2,045069	1,315597
1,843840	1,316575
1,902047	1,318205
2,006819	1,318531
1,948612	1,320162
1,790623	1,321140
2,063363	1,323097
2,060037	1,322770
1,951938	1,324727
1,953602	1,327988
2,028439	1,328966
2,061700	1,331901
1,958591	1,331575
2,060037	1,333205
1,936971	1,333531
1,797275	1,334510
2,060037	1,337444
2,232993	1,339075
1,810580	1,341684
1,933645	1,342988
2,151504	1,344618
1,808916	1,344618
1,945286	1,346575
2,086645	1,346901
2,028439	1,349184
1,993515	1,350814
2,046732	1,353097
1,832199	1,355053
2,031765	1,355705
1,882091	1,356684
1,898721	1,357988
1,960254	1,356357
1,800601	1,361249
1,993515	1,363531
1,792286	1,365814
2,023449	1,365488
2,104939	1,366792
1,968569	1,367771
2,035091	1,366792
2,269580	1,371031
2,111591	1,373966
2,439211	1,375597
2,031765	1,375923
2,266254	1,376575
2,563940	1,378205
2,519037	1,379184
2,475798	1,381466
2,176450	1,384401
2,347744	1,386031
2,548972	1,387010
2,643766	1,387988
2,771820	1,388314
2,956419	1,389618
2,846658	1,391575
2,986354	1,393531
2,755190	1,395814
3,041234	1,397118
3,252441	1,397771
3,121060	1,399075
3,066180	1,400379
3,274061	1,402988
3,259093	1,405271
3,192571	1,405271
3,225832	1,406249
3,252441	1,406249
3,260756	1,409510
3,410430	1,412118
3,107756	1,413423
3,365528	1,414075
3,337256	1,414727
3,272398	1,416684
3,465311	1,418640
3,383822	1,420923
3,340582	1,421901
3,039571	1,422879
3,370517	1,423532
3,052875	1,426792
3,190908	1,428423
3,044560	1,429075
2,914843	1,429727
2,796766	1,431684
2,835016	1,434292
2,999658	1,434618
2,445863	1,434945
2,652081	1,436901
2,430896	1,439836
2,364374	1,441792
2,319472	1,441792
2,346081	1,441792
2,291200	1,445379
2,114917	1,447662
2,116580	1,448966
1,943623	1,447988
2,088308	1,450923
2,091634	1,452227
2,108265	1,454836
2,006819	1,456466
2,126558	1,456466
2,124895	1,457445
1,926993	1,459727
2,432559	1,462336
2,098287	1,462988
2,158156	1,463966
2,204722	1,464292
2,199732	1,466249
2,006819	1,468858
2,156493	1,469836
2,216363	1,470814
2,297852	1,473749
2,232993	1,474727
2,101613	1,474727
2,136537	1,476032
2,036754	1,479619
2,218026	1,481249
2,284548	1,481901
2,023449	1,481901
2,146515	1,484184
2,183102	1,486466
2,216363	1,487445
2,053384	1,488097
2,119906	1,489075
2,060037	1,493314
2,173124	1,493314
2,196406	1,493966
2,016797	1,496575
2,208048	1,499184
2,134874	1,499510
2,003493	1,500162
2,094961	1,502119
2,176450	1,504401
2,196406	1,505379
2,312820	1,505706
2,302841	1,508314
2,199732	1,509945
2,385994	1,511249
1,983536	1,511249
2,294526	1,513206
2,246298	1,516140
2,219689	1,516466
2,010145	1,517119
2,136537	1,518749
2,169798	1,521684
2,535668	1,523966
2,259602	1,523966
2,128221	1,525271
2,183102	1,526901
2,163145	1,529510
2,379341	1,529510
2,060037	1,530488
2,006819	1,533097
2,018460	1,535053
2,189754	1,536032
2,299515	1,536684
2,073341	1,539619
2,379341	1,540597
2,119906	1,541249
2,001830	1,543206
2,124895	1,545162
2,151504	1,547771
1,880427	1,545162
2,297852	1,547445
2,073341	1,551684
2,060037	1,552662
1,985199	1,552662
1,945286	1,554293
2,146515	1,557554
2,188091	1,556901
2,088308	1,558532
2,299515	1,561793
2,371026	1,562771
1,926993	1,563423
2,046732	1,565380
2,184765	1,567662
1,961917	1,568967
1,983536	1,568640
1,870449	1,570923
2,113254	1,573206
2,186428	1,574510
2,134874	1,574184
2,133211	1,577771
2,176450	1,579401
2,226341	1,580054
1,880427	1,580706
2,018460	1,583314
2,001830	1,584619
2,199732	1,585271
2,086645	1,587227
2,226341	1,590162
2,306167	1,590488
2,342754	1,590814
2,111591	1,593097
2,381005	1,596032
2,524027	1,595706
2,286211	1,597010
2,361048	1,599945
2,524027	1,600271
2,548972	1,601249
2,477461	1,605162
2,374352	1,604836
2,583896	1,606141
2,510722	1,608749
2,449189	1,610054
2,455842	1,610054
2,377678	1,613967
2,593875	1,614945
2,610505	1,613967
2,524027	1,616249
2,449189	1,618532
2,439211	1,618532
2,361048	1,621141
2,470809	1,624401
2,327787	1,622445
2,545646	1,625706
2,347744	1,628641
2,409276	1,627662
2,394309	1,629945
2,415929	1,632228
2,464157	1,632228
2,326124	1,633858
2,113254	1,637119
2,048395	1,636141
2,010145	1,638423
2,306167	1,641358
2,006819	1,641684
1,976884	1,642662
2,070015	1,644619
2,051721	1,646249
2,143189	1,647228
1,928656	1,648206
1,857145	1,651467
1,960254	1,651141
1,923667	1,652771
1,941960	1,655706
1,880427	1,655706
2,030102	1,656358
1,813906	1,660923
1,978547	1,661249
1,902047	1,661249
1,960254	1,664836
1,948612	1,665162
1,892069	1,665488
1,948612	1,668423
1,845504	1,670380
2,040080	1,669728
1,910362	1,672336
1,888743	1,675271
1,990189	1,675271
2,013471	1,676575
2,028439	1,679184
2,199732	1,680162
2,327787	1,680162
2,209711	1,682771
2,366037	1,684402
2,139863	1,684402
2,036754	1,687010
2,184765	1,689619
2,249624	1,689945
2,256276	1,690271
2,176450	1,694510
2,382668	1,694184
2,241309	1,694510
2,194743	1,696793
2,452516	1,699402
2,479124	1,699402
2,432559	1,701358
2,405950	1,704619
2,494092	1,703967
2,424244	1,706249
2,332776	1,708858
2,645429	1,709184
2,367700	1,709836
2,547309	1,713423
2,409276	1,713097
2,485776	1,714728
2,550635	1,717010
2,538994	1,717663
2,552298	1,719619
2,563940	1,721576
2,595538	1,722228
2,534005	1,723858
2,485776	1,725815
2,073341	1,725815
2,201395	1,727445
2,089971	1,729728
2,407613	1,730054
2,469146	1,732010
2,327787	1,734293
2,252950	1,735271
2,262928	1,736576
2,143189	1,737880
2,214700	1,741141
2,053384	1,740489
2,051721	1,742445
1,890406	1,744402
2,083319	1,745054
1,933645	1,747989
2,108265	1,749619
1,857145	1,748967
1,908699	1,750923
1,968569	1,753858
1,850493	1,754510
1,910362	1,755163
1,832199	1,757771
1,792286	1,758423
1,973558	1,760380
1,923667	1,762663
1,883754	1,762010
1,980210	1,764619
2,213037	1,766902
2,033428	1,767880
2,018460	1,769184
2,078330	1,772119
2,146515	1,771793
2,086645	1,773097
2,134874	1,776032
2,136537	1,776032
1,933645	1,778315
1,966906	1,780271
2,126558	1,780271
2,045069	1,780923
2,081656	1,784837
2,229667	1,785163
2,377678	1,786793
2,379341	1,790054
2,432559	1,790380
2,685342	1,791032
2,538994	1,792989
2,833353	1,794619
2,869940	1,795271
2,876592	1,798206
2,966397	1,798858
2,758516	1,799184
2,856636	1,801793
2,934799	1,804402
2,864951	1,803097
3,064517	1,805706
2,951430	1,808967
3,230821	1,807663
2,926484	1,809945
3,014625	1,813206
2,944777	1,813532
3,179267	1,814184
2,823375	1,817119
3,057865	1,818424
3,034582	1,817445
3,039571	1,820380
2,846658	1,822663
3,009636	1,822663
2,771820	1,823315
2,828364	1,826902
2,761842	1,827554
2,677027	1,829184
2,425907	1,831141
2,527353	1,832771
2,859962	1,832771
2,635451	1,835380
2,623809	1,837337
2,585559	1,836358
2,524027	1,839619
2,327787	1,842554
2,321135	1,842228
2,119906	1,844511
2,018460	1,847119
2,289537	1,846141
1,928656	1,848098
2,035091	1,851358
2,030102	1,851032
2,216363	1,852663
1,986862	1,854945
1,875438	1,855598
1,913688	1,856576
1,961917	1,859185
1,956928	1,859837
1,892069	1,860489
1,950275	1,861141
1,813906	1,865054
1,918678	1,865054
1,998504	1,867337
2,015134	1,869619
1,902047	1,870598
1,857145	1,870924
2,098287	1,871902
1,813906	1,874837
1,970232	1,875815
1,976884	1,877772
1,813906	1,879728
1,933645	1,880054
1,833862	1,882663
1,679199	1,882663
1,917015	1,883967
2,164808	1,887554
2,006819	1,887554
1,835525	1,888532
2,066689	1,891467
2,116580	1,892119
1,898721	1,892445
1,863797	1,895706
1,739069	1,894402
1,780645	1,897663
1,860471	1,900924
1,747384	1,901902
1,953602	1,901250
1,970232	1,904837
2,033428	1,906141
1,862134	1,904185
1,837188	1,908424
1,787297	1,910054
1,710797	1,911359
1,850493	1,913967
1,961917	1,912337
1,858808	1,914293
1,895395	1,917554
1,705808	1,918859
1,828873	1,919511
1,936971	1,921141
1,993515	1,923424
1,991852	1,924728
1,802264	1,924728
1,767340	1,927011
1,966906	1,927989
1,910362	1,929293
1,867123	1,931576
1,762351	1,933859
1,892069	1,933532
1,935308	1,936467
1,712460	1,937772
2,016797	1,938098
1,953602	1,940054
1,773992	1,942989
1,863797	1,943315
1,883754	1,943967
1,853819	1,947228
1,785634	1,948206
1,704145	1,948533
1,931982	1,951793
1,936971	1,953098
1,838851	1,952446
1,730753	1,955706
1,892069	1,957663
1,747384	1,957663
1,975221	1,959619
1,843840	1,962228
1,697492	1,962228
1,963580	1,963859
1,817232	1,966141
2,025113	1,966141
1,907036	1,967772
1,647601	1,970706
1,975221	1,971685
1,840514	1,972011
1,953602	1,975598
1,971895	1,976250
1,897058	1,977880
1,848830	1,979511
2,035091	1,980163
2,070015	1,980815
2,026776	1,983750
2,060037	1,985380
2,063363	1,985706
1,853819	1,987989
1,752373	1,989620
2,070015	1,989946
2,094961	1,990598
1,986862	1,994185
2,439211	1,995489
2,246298	1,996467
2,108265	1,998424
1,893732	1,999402
2,209711	2,000707
2,179776	2,001685
1,995178	2,004293
1,991852	2,005598
2,199732	2,005924
2,116580	2,008207
2,259602	2,010489
2,149841	2,009837
2,119906	2,011794
2,153167	2,015707
2,021786	2,015054
2,028439	2,016359
2,118243	2,019294
2,128221	2,019620
2,352733	2,020598
2,168135	2,022554
2,139863	2,025489
2,163145	2,025163
2,109928	2,026467
2,008482	2,029402
2,188091	2,029728
2,011808	2,030707
2,045069	2,033967
1,912025	2,034946
2,199732	2,035924
2,143189	2,036576
1,968569	2,039837
2,164808	2,040163
2,098287	2,041141
2,289537	2,043098
2,138200	2,045707
2,073341	2,046359
2,053384	2,047011
1,943623	2,049620
2,038417	2,051250
2,244635	2,051576
2,093297	2,053533
2,289537	2,055815
2,326124	2,056794
2,502407	2,057446
2,191417	2,059402
2,010145	2,062011
2,169798	2,062011
2,081656	2,063315
2,106602	2,066576
2,430896	2,067554
2,390983	2,067881
2,136537	2,070163
2,104939	2,071794
2,005156	2,073098
1,948612	2,075054
1,913688	2,076033
2,226341	2,077337
2,003493	2,078315
2,118243	2,080272
2,113254	2,081250
2,133211	2,082228
2,154830	2,083859
2,351070	2,087772
2,208048	2,087120
2,184765	2,088098
2,028439	2,089728
2,178113	2,092663
2,061700	2,093968
2,116580	2,093968
1,893732	2,096576
2,213037	2,098533
2,341091	2,099185
2,332776	2,099185
2,204722	2,102446
2,291200	2,104728
2,133211	2,104402
2,031765	2,105707
1,981873	2,108642
2,021786	2,109946
2,279559	2,110598
2,099950	2,111902
2,404287	2,114185
2,213037	2,117120
2,159819	2,115815
2,204722	2,116794
2,003493	2,120055
2,173124	2,121685
1,991852	2,122337
2,106602	2,122989
2,256276	2,126250
2,267917	2,127555
2,341091	2,127229
2,015134	2,129837
2,356059	2,132446
2,036754	2,132120
2,332776	2,133424
2,312820	2,136685
2,134874	2,138315
1,941960	2,137663
2,028439	2,140272
2,281222	2,141902
2,282885	2,144511
2,247961	2,143859
1,985199	2,145489
2,103276	2,147772
2,359385	2,149402
2,199732	2,149729
2,277896	2,150707
2,016797	2,153968
2,179776	2,155924
2,008482	2,156576
2,277896	2,156576
2,063363	2,159511
2,153167	2,161794
2,154830	2,162446
2,116580	2,162120
2,108265	2,165381
2,229667	2,167337
1,980210	2,168968
2,239646	2,168968
2,329450	2,170598
2,204722	2,172881
2,317809	2,175163
2,332776	2,174837
2,372689	2,176468
2,179776	2,178098
2,241309	2,180707
2,138200	2,180707
2,159819	2,182663
2,249624	2,184620
2,332776	2,186250
2,272906	2,186576
1,998504	2,187229
2,465820	2,189837
2,362711	2,193098
2,226341	2,192772
2,128221	2,192446
2,553961	2,197011
2,131548	2,197663
1,996841	2,198316
2,126558	2,199294
2,166472	2,202229
2,218026	2,204511
2,000167	2,204511
2,332776	2,204837
2,199732	2,207772
2,216363	2,210055
2,031765	2,210381
2,199732	2,211359
2,103276	2,213642
2,093297	2,216250
2,232993	2,216250
2,204722	2,216577
2,084982	2,218533
2,267917	2,220816
2,414265	2,222120
2,169798	2,223098
2,213037	2,224403
2,131548	2,227337
2,262928	2,229294
2,045069	2,229620
2,402624	2,229946
2,246298	2,231903
2,070015	2,234185
2,186428	2,236794
2,252950	2,236142
2,241309	2,236794
2,099950	2,240707
2,322798	2,242337
2,277896	2,242664
2,374352	2,243968
2,108265	2,244946
2,291200	2,247881
2,111591	2,249185
2,066689	2,249185
2,346081	2,250816
2,349407	2,253098
2,319472	2,254729
2,289537	2,256685
2,188091	2,257011
2,201395	2,258642
2,179776	2,259946
2,156493	2,262555
2,317809	2,264511
2,104939	2,264511
2,231330	2,265490
2,229667	2,267446
2,023449	2,268751
2,071678	2,271685
1,966906	2,272011
2,321135	2,272011
2,184765	2,274620
2,121569	2,276251
2,119906	2,278207
2,226341	2,279837
2,226341	2,280816
2,101613	2,281142
2,013471	2,283098
2,381005	2,286033
2,211374	2,287990
2,392646	2,288316
2,061700	2,288968
2,209711	2,290598
2,068352	2,292555
2,131548	2,294838
2,289537	2,295816
2,106602	2,298424
2,094961	2,297446
1,802264	2,298751
2,209711	2,301685
2,309494	2,303642
2,124895	2,305598
2,203059	2,304946
2,279559	2,305598
2,119906	2,308859
2,395972	2,310490
2,199732	2,312772
2,346081	2,313098
1,880427	2,313751
2,186428	2,315055
2,143189	2,316033
2,141526	2,319294
2,108265	2,320925
2,201395	2,323533
2,144852	2,322881
2,256276	2,323859
2,156493	2,325816
1,966906	2,327120
2,214700	2,329729
2,337765	2,331359
2,237983	2,332664
2,083319	2,332664
2,181439	2,334294
2,088308	2,335925
2,189754	2,338207
2,055047	2,340164
2,216363	2,341794
2,066689	2,343098
2,161482	2,343425
2,218026	2,344403
2,364374	2,345707
2,239646	2,347338
2,086645	2,350599
2,252950	2,352555
2,131548	2,353859
2,113254	2,353859
2,144852	2,354512
2,221352	2,356468
2,286211	2,358751
2,342754	2,360055
2,084982	2,362990
2,271243	2,363968
2,149841	2,365272
2,164808	2,366577
2,339428	2,367555
2,362711	2,368207
2,262928	2,369512
2,109928	2,371142
2,394309	2,373751
2,081656	2,376033
2,284548	2,375707
2,229667	2,377012
2,113254	2,378642
2,206385	2,379946
2,045069	2,380925
2,123232	2,383533
2,351070	2,385490
2,188091	2,386794
1,910362	2,388751
2,003493	2,389403
2,186428	2,390055
2,286211	2,391359
2,171461	2,393642
2,232993	2,395599
2,171461	2,397881
2,073341	2,398533
2,000167	2,400164
2,119906	2,400816
2,060037	2,400490
2,043406	2,402773
1,986862	2,404729
1,912025	2,406033
2,131548	2,407990
1,963580	2,410273
2,252950	2,412229
2,008482	2,411903
2,081656	2,414512
2,005156	2,414512
2,186428	2,416794
1,928656	2,418099
1,975221	2,419403
1,808916	2,420381
1,970232	2,421686
2,013471	2,423316
1,893732	2,424620
2,209711	2,427229
2,221352	2,429186
2,053384	2,430816
2,114917	2,433099
2,259602	2,433099
2,075004	2,435381
1,798938	2,436033
1,885417	2,435055
2,030102	2,436686
2,104939	2,439294
2,035091	2,440925
2,015134	2,442555
2,028439	2,444838
2,219689	2,446142
2,003493	2,448751
2,098287	2,450055
2,146515	2,452012
1,938634	2,452990
1,783971	2,453968
1,923667	2,455273
2,070015	2,457555
1,918678	2,458207
1,827210	2,459186
2,013471	2,460490
1,931982	2,462120
2,154830	2,463751
1,913688	2,464729
2,134874	2,466360
2,045069	2,467338
1,802264	2,469620
1,825547	2,470925
2,070015	2,473534
1,885417	2,475164
1,925330	2,476794
1,853819	2,478099
2,006819	2,479403
2,173124	2,479077
2,149841	2,482338
2,063363	2,483642
1,996841	2,485599
1,948612	2,486577
1,818895	2,488207
2,073341	2,489512
2,254613	2,489838
1,888743	2,491794
1,858808	2,493099
2,013471	2,494077
2,226341	2,497012
1,923667	2,497990
1,923667	2,498968
1,883754	2,500273
2,151504	2,500925
1,968569	2,503534
1,976884	2,503534
2,098287	2,505816
1,895395	2,507447
1,971895	2,509077
1,981873	2,511360
1,770666	2,512664
2,020123	2,513642
2,188091	2,515599
1,913688	2,516903
1,960254	2,518534
2,237983	2,519838
2,209711	2,521794
2,016797	2,523425
2,018460	2,525381
1,923667	2,526360
2,045069	2,527664
2,114917	2,528968
1,966906	2,530599
2,066689	2,531251
2,084982	2,533534
1,868786	2,533860
1,902047	2,534838
1,998504	2,536795
1,665894	2,537447
2,098287	2,538425
2,101613	2,540055
1,960254	2,542012
2,061700	2,542990
1,847167	2,544621
1,897058	2,547229
1,832199	2,549512
1,948612	2,551468
2,181439	2,553099
1,953602	2,554077
1,981873	2,556034
1,933645	2,557012
2,030102	2,559295
1,773992	2,559621
1,835525	2,561577
2,046732	2,562555
1,885417	2,562882
2,061700	2,564186
1,887080	2,566142
1,917015	2,567447
1,780645	2,568751
2,006819	2,570382
1,908699	2,571686
2,025113	2,574295
1,935308	2,575925
2,133211	2,577555
1,835525	2,579512
2,035091	2,581142
1,612677	2,581469
1,877101	2,582447
2,066689	2,584077
1,915351	2,584403
1,855482	2,586034
2,013471	2,588642
1,892069	2,589947
2,043406	2,591577
2,033428	2,592882
2,058373	2,595490
2,079993	2,597447
2,050058	2,598425
1,818895	2,597773
2,131548	2,598751
1,883754	2,600708
1,941960	2,602664
2,098287	2,604621
1,885417	2,606903
1,946949	2,607882
2,046732	2,610164
2,114917	2,610490
2,065026	2,611142
2,106602	2,612121
1,900384	2,613751
1,898721	2,616360
1,938634	2,618969
1,872112	2,620925
2,031765	2,620599
1,848830	2,621903
2,015134	2,623208
1,882091	2,624186
1,694166	2,627447
1,975221	2,629077
1,848830	2,630382
1,912025	2,631360
1,867123	2,632012
2,169798	2,633643
1,981873	2,633969
2,025113	2,635925
2,003493	2,639186
2,186428	2,641795
1,875438	2,641795
1,858808	2,642773
2,016797	2,644077
2,013471	2,645708
2,079993	2,647990
2,021786	2,649295
1,960254	2,648969
2,119906	2,649947
1,795612	2,652230
1,991852	2,655490
1,863797	2,656469
1,936971	2,657447
1,963580	2,658099
1,986862	2,660708
1,892069	2,662664
2,204722	2,663643
2,058373	2,664295
2,028439	2,665273
2,058373	2,667882
1,993515	2,670490
2,031765	2,670817
2,040080	2,671795
1,875438	2,673099
2,094961	2,675056
1,862134	2,677664
2,001830	2,677664
1,938634	2,678317
2,056710	2,680925
2,094961	2,683534
2,141526	2,683860
1,897058	2,684186
2,194743	2,685817
1,965243	2,688751
2,111591	2,690708
2,086645	2,690382
2,153167	2,691360
2,055047	2,694947
1,986862	2,696251
2,066689	2,696251
2,261265	2,697882
2,138200	2,700164
2,241309	2,702447
2,078330	2,702773
2,119906	2,703425
2,058373	2,706034
2,139863	2,708643
2,101613	2,708643
2,046732	2,709621
2,030102	2,711251
2,020123	2,714838
1,973558	2,714186
2,188091	2,715491
2,219689	2,717773
2,173124	2,719404
2,106602	2,719404
2,163145	2,721360
2,297852	2,723643
1,996841	2,725273
2,191417	2,725925
2,326124	2,726904
2,284548	2,729186
2,244635	2,731795
2,241309	2,731795
2,223015	2,732773
2,412602	2,734730
2,329450	2,737664
2,399298	2,738969
2,465820	2,738317
2,497418	2,740925
2,422581	2,743534
2,405950	2,743534
2,492429	2,745491
2,598864	2,747121
2,567266	2,750056
2,540657	2,750056
2,577244	2,750382
2,678690	2,751686
2,815060	2,754947
2,652081	2,754947
2,803418	2,756578
2,638777	2,759186
2,640440	2,760165
2,914843	2,760817
2,632125	2,762773
2,971386	2,765382
2,919832	2,766034
2,889897	2,766686
2,795103	2,769295
3,192571	2,770925
3,047886	2,770273
2,991343	2,772882
3,400452	2,775817
3,438702	2,775817
3,450344	2,776143
3,555115	2,779404
3,787942	2,781034
4,067334	2,780708
4,162128	2,783969
4,438193	2,785273
4,461476	2,785599
4,855618	2,787882
4,912162	2,790491
5,791913	2,789838
5,853446	2,792447
6,405577	2,794404
6,620110	2,793752
7,420036	2,796034
8,236592	2,800599
8,718875	2,799947
9,555388	2,800273
10,267172	2,803534
10,796021	2,803860
11,552707	2,804512
12,192980	2,807773
12,881481	2,807773
13,531732	2,810056
14,137081	2,811686
14,551180	2,811686
14,725800	2,815273
15,452551	2,816252
15,470845	2,816578
15,736932	2,819512
15,805117	2,819839
15,730280	2,820165
15,969759	2,823425
16,004683	2,823425
16,022976	2,826360
15,916541	2,827339
15,913215	2,827665
15,527388	2,830926
15,397671	2,831904
15,131583	2,833208
15,091670	2,835165
14,715822	2,836143
14,655952	2,836469
14,268462	2,840056
14,000712	2,839730
13,877646	2,842012
13,606570	2,843643
13,237373	2,843643
12,678589	2,846252
12,297752	2,848208
11,657479	2,848534
11,027184	2,851469
10,290454	2,852121
9,132974	2,853426
8,278168	2,855708
7,148959	2,855056
5,730381	2,858969
5,136673	2,860273
4,384976	2,859947
3,809562	2,863534
3,696474	2,863860
3,031256	2,865165
2,795103	2,868099
2,768494	2,868099
2,800092	2,870056
2,701973	2,871686
2,434222	2,872339
2,472472	2,875600
2,442537	2,873969
2,123232	2,877556
2,306167	2,878860
2,186428	2,878860
2,055047	2,881795
2,269580	2,882773
2,169798	2,885056
2,078330	2,885382
2,114917	2,887013
2,232993	2,887991
2,065026	2,890600
2,191417	2,892882
2,010145	2,891578
1,953602	2,896143
1,983536	2,895817
1,978547	2,898426
1,986862	2,899078
2,123232	2,901034
2,050058	2,901687
2,086645	2,902991
2,133211	2,905926
2,133211	2,906252
2,216363	2,909187
1,998504	2,907882
2,301178	2,911143
2,031765	2,912121
2,114917	2,914078
2,021786	2,915708
2,088308	2,917665
2,282885	2,917339
2,030102	2,919621
2,021786	2,921578
1,961917	2,921578
2,026776	2,924513
2,176450	2,924839
2,126558	2,928100
2,010145	2,927447
2,163145	2,931034
1,750710	2,930382
2,109928	2,933317
2,173124	2,932665
2,159819	2,935926
2,023449	2,936578
2,040080	2,939513
2,146515	2,939839
2,219689	2,942121
2,096624	2,942447
2,214700	2,945056
1,975221	2,945056
2,231330	2,947339
2,056710	2,947665
1,922004	2,950926
2,036754	2,950274
2,164808	2,953861
2,041743	2,953534
1,926993	2,957121
2,066689	2,956795
2,216363	2,960708
1,986862	2,959404
2,154830	2,963643
1,961917	2,962665
2,269580	2,965274
2,089971	2,963643
2,169798	2,968208
1,767340	2,968861
2,099950	2,971143
2,307830	2,971795
2,056710	2,973100
2,198069	2,974404
2,138200	2,975708
2,079993	2,978643
1,900384	2,978317
2,128221	2,982230
2,194743	2,981252
2,101613	2,985491
2,075004	2,985165
2,228004	2,986143
2,075004	2,988100
2,136537	2,989730
2,361048	2,991361
1,928656	2,993317
2,203059	2,993643
2,302841	2,995600
2,450852	2,997556
2,457505	2,997882
2,568929	3,000817
2,364374	3,000491
2,504070	3,004078
2,580570	3,003752
2,635451	3,007013
2,933136	3,006035
2,785125	3,009622
2,770157	3,008969
2,848321	3,010926
2,963071	3,013861
2,963071	3,013535
3,144343	3,016469
3,039571	3,016795
2,961408	3,019404
3,104430	3,021361
2,888234	3,021361
3,124386	3,023643
3,112745	3,024295
3,029593	3,026904
3,002984	3,026252
3,169289	3,029513
3,119397	3,032448
3,032919	3,031469
3,170952	3,034404
3,054538	3,034730
2,958082	3,037339
3,107756	3,038643
2,923158	3,039295
3,096115	3,041578
3,267408	3,041904
3,250778	3,044187
2,886571	3,046143
2,884908	3,045491
2,938125	3,049078
2,753527	3,049404
2,716940	3,050709
2,808408	3,054296
2,545646	3,052991
2,740223	3,056578
2,653744	3,056578
2,417592	3,058209
2,088308	3,061143
2,294526	3,060165
2,103276	3,063426
2,176450	3,063752
2,257939	3,064730
2,123232	3,068969
2,229667	3,068969
2,075004	3,068969
2,113254	3,073209
1,903710	3,072882
1,775656	3,073861
1,998504	3,076796
1,903710	3,076143
1,955265	3,080056
1,945286	3,079404
1,968569	3,081035
2,013471	3,084622
1,948612	3,085600
1,843840	3,085600
2,020123	3,089187
2,040080	3,089187
1,893732	3,089839
2,116580	3,092774
1,912025	3,093752
2,008482	3,094078
1,883754	3,096687
2,061700	3,098317
2,030102	3,098970
1,935308	3,101252
2,070015	3,103209
1,920341	3,102230
1,990189	3,106470
2,046732	3,107774
2,073341	3,107448
2,053384	3,110056
2,154830	3,113317
2,101613	3,110383
2,113254	3,114948
1,897058	3,116578
1,995178	3,117230
1,980210	3,117230
2,030102	3,121143
2,284548	3,122774
2,104939	3,123426
2,033428	3,123426
2,099950	3,124730
2,267917	3,128317
1,936971	3,128317
2,106602	3,129622
2,104939	3,132883
2,141526	3,134513
2,312820	3,134513
2,086645	3,135491
2,086645	3,137774
2,015134	3,140057
2,218026	3,140383
1,970232	3,141687
1,975221	3,142665
2,208048	3,145600
1,862134	3,147230
2,008482	3,149187
1,777319	3,148535
1,917015	3,150491
1,991852	3,152448
2,111591	3,154078
1,965243	3,154404
2,101613	3,157013
2,141526	3,158970
2,021786	3,160274
1,993515	3,160274
1,918678	3,161904
2,046732	3,163535
2,146515	3,165817
1,980210	3,166470
2,091634	3,167122
2,159819	3,169404
2,186428	3,172991
2,158156	3,172991
2,214700	3,173317
2,344418	3,174948
2,119906	3,177883
2,106602	3,177231
2,229667	3,179839
2,045069	3,179187
2,367700	3,183426
2,203059	3,184078
2,269580	3,187013
2,292863	3,186361
2,216363	3,188644
2,497418	3,190926
2,494092	3,192883
2,405950	3,193861
2,567266	3,194187
2,665386	3,195165
2,479124	3,196470
2,745212	3,199731
2,813397	3,201361
2,795103	3,203318
2,921495	3,203970
3,177604	3,203970
3,380496	3,205926
3,373843	3,208209
3,704790	3,209187
3,460322	3,211796
3,911007	3,212774
3,668203	3,214405
4,030747	3,215057
4,068997	3,216361
3,782953	3,217665
4,105584	3,219948
4,343400	3,220926
4,355041	3,223535
4,202041	3,224839
4,370008	3,226144
4,534650	3,226470
4,360030	3,229078
4,293508	3,229078
4,413248	3,230383
4,270226	3,232991
4,182084	3,233970
4,078975	3,237231
4,230312	3,238535
4,225323	3,239513
4,301823	3,239513
4,088953	3,242122
4,044051	3,241796
4,009127	3,243752
3,846149	3,245709
3,934290	3,247339
3,980855	3,248970
3,767985	3,251252
3,671529	3,253209
3,555115	3,254839
3,658224	3,255818
3,476952	3,258100
3,430387	3,258100
3,174278	3,259731
3,032919	3,259731
2,958082	3,261361
2,713614	3,263644
2,425907	3,264948
2,422581	3,265274
2,482450	3,266579
2,151504	3,270492
2,091634	3,268861
1,797275	3,272448
2,106602	3,274079
1,963580	3,276361
1,925330	3,277013
2,118243	3,278318
1,975221	3,279622
1,956928	3,282557
1,907036	3,283535
1,943623	3,285166
1,925330	3,286470
1,862134	3,288100
1,897058	3,288426
1,840514	3,290383
1,931982	3,292992
2,084982	3,292992
1,675873	3,294622
1,773992	3,296579
2,101613	3,297231
2,079993	3,297557
2,005156	3,300492
1,813906	3,301144
1,679199	3,304405
1,865460	3,304405
1,961917	3,306035
2,084982	3,307992
1,833862	3,308644
1,812243	3,310274
1,955265	3,311579
1,928656	3,311579
2,040080	3,314839
1,792286	3,316144
2,023449	3,317122
1,827210	3,317448
2,121569	3,319405
1,860471	3,322339
2,055047	3,322666
2,021786	3,325274
1,955265	3,326579
1,915351	3,327883
2,000167	3,328861
1,750710	3,330818
2,188091	3,333100
2,028439	3,334405
2,060037	3,337340
2,126558	3,338318
1,790623	3,339296
2,066689	3,340600
2,046732	3,340926
1,895395	3,343535
1,988526	3,343209
1,900384	3,344513
2,041743	3,346144
2,218026	3,348100
1,908699	3,349405
2,010145	3,351687
2,208048	3,353318
1,976884	3,355274
1,981873	3,356579
1,990189	3,358209
1,923667	3,359513
1,978547	3,360166
1,991852	3,362122
1,971895	3,362774
1,793949	3,363753
1,985199	3,366035
1,749047	3,367340
1,800601	3,368318
2,071678	3,370927
1,900384	3,372557
2,075004	3,375166
2,020123	3,376470
1,948612	3,377122
1,880427	3,378753
1,963580	3,379731
1,900384	3,380709
1,850493	3,381035
2,148178	3,382992
1,893732	3,385600
2,136537	3,387883
1,873775	3,389840
1,963580	3,390492
2,089971	3,392448
1,968569	3,392122
2,133211	3,393101
2,005156	3,394405
2,045069	3,396035
2,126558	3,398970
2,010145	3,399948
2,213037	3,401905
2,213037	3,403535
1,993515	3,405492
2,331113	3,406144
2,553961	3,406796
1,926993	3,408753
2,021786	3,410057
1,933645	3,411687
2,139863	3,413970
2,154830	3,415601
2,138200	3,416905
2,151504	3,418535
1,988526	3,419188
1,991852	3,419514
2,114917	3,421796
1,697492	3,423101
2,109928	3,425709
1,970232	3,427340
2,118243	3,428318
2,066689	3,427992
2,136537	3,429622
2,093297	3,432557
2,126558	3,434840
2,008482	3,436796
2,179776	3,436470
2,036754	3,437448
1,912025	3,438753
2,228004	3,441035
2,048395	3,444296
2,377678	3,445275
2,063363	3,447231
2,133211	3,446579
1,975221	3,446579
1,998504	3,449840
1,926993	3,451796
2,203059	3,452448
2,066689	3,453427
1,966906	3,455383
2,020123	3,457992
2,143189	3,459296
1,976884	3,460275
2,241309	3,460927
2,279559	3,462231
2,046732	3,466144
1,827210	3,466470
2,169798	3,467122
2,143189	3,468753
2,005156	3,471362
2,193080	3,472666
2,070015	3,472992
2,048395	3,473644
2,159819	3,476579
2,036754	3,478209
2,104939	3,477883
2,063363	3,480818
1,981873	3,482449
2,121569	3,484405
1,983536	3,483753
2,269580	3,485709
2,302841	3,488318
2,025113	3,489949
2,055047	3,490601
1,877101	3,493209
2,204722	3,494514
2,219689	3,494514
1,905373	3,496470
2,053384	3,499079
2,058373	3,499079
2,221352	3,501035
1,960254	3,503970
2,104939	3,503318
2,156493	3,504949
2,159819	3,507231
2,186428	3,508209
2,166472	3,508862
2,131548	3,511796
1,863797	3,513427
2,376015	3,513427
2,035091	3,514731
1,953602	3,517992
2,013471	3,518644
2,001830	3,519949
2,066689	3,522557
2,023449	3,523536
2,211374	3,523862
2,121569	3,527122
2,129884	3,528753
2,218026	3,527775
2,079993	3,531362
2,234656	3,531688
2,163145	3,532014
2,153167	3,534949
1,907036	3,537883
2,153167	3,537231
2,119906	3,539188
2,164808	3,541144
2,094961	3,541144
2,204722	3,544079
1,948612	3,545709
2,272906	3,545383
2,013471	3,548644
2,158156	3,550275
2,201395	3,549949
2,211374	3,552883
2,081656	3,553862
2,269580	3,554840
2,179776	3,557775
2,254613	3,558427
1,988526	3,558753
2,099950	3,561362
2,297852	3,562666
2,055047	3,562992
2,046732	3,566253
2,099950	3,566253
2,153167	3,568210
2,075004	3,571144
2,153167	3,570492
2,149841	3,574405
2,271243	3,573753
2,109928	3,575057
2,367700	3,577666
2,084982	3,577014
2,179776	3,582231
2,296189	3,581905
2,159819	3,583536
2,089971	3,584840
2,346081	3,585492
2,264591	3,588753
2,307830	3,588427
2,194743	3,590057
2,252950	3,592340
2,103276	3,592340
2,329450	3,595275
2,312820	3,595601
2,168135	3,597884
2,063363	3,599840
2,399298	3,600166
2,317809	3,602123
2,201395	3,602775
2,239646	3,605710
2,394309	3,605057
2,148178	3,608970
2,119906	3,607666
2,201395	3,611905
2,123232	3,612231
2,213037	3,613536
2,151504	3,615166
2,103276	3,617449
2,163145	3,617775
2,149841	3,618753
2,046732	3,621036
2,128221	3,621362
2,139863	3,624297
2,008482	3,624297
1,918678	3,628536
2,099950	3,628210
2,311157	3,630492
2,026776	3,629840
1,980210	3,633427
2,138200	3,633753
2,324461	3,636362
2,051721	3,636036
1,995178	3,638971
2,262928	3,639297
2,186428	3,642231
2,254613	3,642884
2,329450	3,644840
2,114917	3,644840
2,060037	3,648753
2,289537	3,648753
2,164808	3,651362
2,242972	3,651036
2,158156	3,654623
2,272906	3,654297
2,317809	3,657231
2,008482	3,656579
2,329450	3,659514
2,066689	3,660492
2,043406	3,663101
2,131548	3,663753
2,109928	3,665710
2,274570	3,665710
2,410939	3,668318
2,356059	3,669297
2,269580	3,671579
2,307830	3,670927
2,075004	3,674514
2,274570	3,673536
2,083319	3,678101
2,239646	3,677449
2,356059	3,681362
2,108265	3,680384
1,988526	3,684297
2,244635	3,683318
2,131548	3,686253
1,986862	3,686905
2,369363	3,688536
2,319472	3,689514
2,203059	3,690818
2,327787	3,693101
2,228004	3,692123
2,079993	3,697014
2,136537	3,697014
2,163145	3,699297
2,347744	3,700927
2,352733	3,700927
2,341091	3,703536
2,033428	3,703210
2,075004	3,706471
2,178113	3,706471
2,056710	3,710058
2,123232	3,711036
2,133211	3,712014
2,173124	3,713971
2,262928	3,713971
2,327787	3,717232
2,228004	3,716579
2,206385	3,719188
2,372689	3,722123
2,236319	3,721797
2,415929	3,724405
2,134874	3,725710
2,221352	3,725710
2,129884	3,729623
2,307830	3,728645
2,269580	3,731579
2,232993	3,732232
2,091634	3,733210
2,267917	3,735819
2,354396	3,735819
2,359385	3,738427
1,936971	3,740710
2,191417	3,740710
2,502407	3,742992
2,271243	3,744297
2,008482	3,745275
2,093297	3,747232
2,252950	3,748536
1,935308	3,750819
2,399298	3,750819
2,352733	3,753101
2,247961	3,755384
2,056710	3,755058
2,096624	3,758319
2,178113	3,758645
2,239646	3,760601
2,211374	3,762558
2,043406	3,762884
2,271243	3,764514
2,111591	3,766797
2,289537	3,767123
2,188091	3,770384
2,231330	3,770384
2,148178	3,771688
2,224678	3,773971
2,133211	3,773971
2,005156	3,775601
2,247961	3,778210
2,262928	3,778536
2,188091	3,779188
2,457505	3,782775
2,154830	3,783753
2,008482	3,783427
2,121569	3,786362
2,306167	3,787666
2,201395	3,787340
2,154830	3,790927
2,191417	3,793210
2,098287	3,793536
2,128221	3,794514
2,131548	3,797775
2,124895	3,799080
2,079993	3,799080
2,153167	3,800384
2,191417	3,803971
2,136537	3,803645
2,221352	3,804623
2,229667	3,806906
2,341091	3,809188
2,164808	3,810167
2,234656	3,810493
2,116580	3,811797
2,089971	3,815710
2,342754	3,816688
2,424244	3,816688
2,198069	3,817993
2,193080	3,820275
2,025113	3,822232
2,284548	3,823536
2,271243	3,822232
2,040080	3,825493
2,068352	3,828101
2,104939	3,830058
1,968569	3,830710
2,279559	3,830710
2,395972	3,833319
2,266254	3,833319
2,322798	3,836580
1,968569	3,838536
2,387657	3,837232
2,344418	3,840819
2,114917	3,842123
1,922004	3,844406
2,267917	3,844406
2,003493	3,845058
2,061700	3,847667
2,244635	3,850927
2,065026	3,851580
2,272906	3,852558
2,106602	3,853536
2,010145	3,854514
2,237983	3,856797
2,040080	3,856145
2,173124	3,861036
2,078330	3,861688
2,020123	3,862667
2,148178	3,863645
2,023449	3,864297
2,056710	3,866254
2,266254	3,869188
2,108265	3,871145
2,066689	3,871797
2,070015	3,874080
2,186428	3,875058
2,146515	3,876362
1,981873	3,874406
2,084982	3,877667
2,199732	3,879623
2,025113	3,880275
1,882091	3,881906
1,912025	3,883536
1,928656	3,886471
2,186428	3,888101
2,001830	3,889732
1,958591	3,891688
1,739069	3,892341
2,058373	3,893645
2,068352	3,894949
2,101613	3,892993
2,267917	3,894297
2,051721	3,897884
2,094961	3,900167
1,898721	3,901145
2,048395	3,900493
1,933645	3,905058
2,121569	3,907015
1,923667	3,907993
2,070015	3,908971
2,013471	3,911906
1,860471	3,912558
2,030102	3,914188
1,923667	3,915819
2,084982	3,917449
2,119906	3,918754
2,048395	3,919406
2,093297	3,920384
1,958591	3,922993
1,971895	3,923645
2,026776	3,925275
2,070015	3,925275
1,875438	3,927558
2,101613	3,929188
2,025113	3,930493
2,133211	3,932123
2,021786	3,933754
1,868786	3,934732
2,051721	3,936689
2,038417	3,937993
2,144852	3,939297
2,048395	3,939949
2,094961	3,942232
2,021786	3,943536
1,910362	3,945493
2,201395	3,947123
1,737405	3,948754
1,930319	3,950058
2,139863	3,950384
2,035091	3,952341
2,119906	3,953971
1,925330	3,954297
2,020123	3,956580
2,058373	3,956254
2,079993	3,959515
1,892069	3,960493
2,005156	3,963102
2,081656	3,964732
2,164808	3,966036
2,146515	3,967341
1,780645	3,969623
2,061700	3,971906
1,862134	3,972558
2,324461	3,974515
2,023449	3,976471
2,128221	3,977449
2,005156	3,979406
2,060037	3,979080
2,050058	3,981689
1,918678	3,982667
2,166472	3,984297
1,903710	3,985276
2,149841	3,986580
2,006819	3,989189
1,855482	3,988863
2,168135	3,990819
1,973558	3,991471
1,787297	3,993754
2,121569	3,995058
1,993515	3,995710
1,946949	3,998319
1,837188	3,998645
2,093297	4,000928
1,940297	4,001906
2,015134	4,004189
2,188091	4,006797
2,109928	4,007450
2,108265	4,009732
1,892069	4,011036
2,098287	4,012993
2,058373	4,013319
2,013471	4,015276
2,299515	4,015928
2,164808	4,017558
2,076667	4,018210
2,051721	4,020167
2,381005	4,022123
2,109928	4,023102
2,096624	4,025384
1,960254	4,027667
1,986862	4,028971
2,344418	4,029623
2,311157	4,029950
2,178113	4,030928
2,405950	4,033210
2,279559	4,034841
2,216363	4,037123
2,201395	4,038754
2,244635	4,039406
2,173124	4,041037
2,109928	4,042015
2,194743	4,043971
2,214700	4,045602
2,279559	4,047558
2,575581	4,048537
2,241309	4,049189
2,354396	4,050493
2,314483	4,052450
2,352733	4,055058
2,322798	4,056689
2,084982	4,058645
2,036754	4,058645
2,267917	4,059624
2,148178	4,061580
2,141526	4,062558
2,103276	4,065493
2,342754	4,067124
2,158156	4,068428
2,083319	4,068754
2,045069	4,070058
2,021786	4,072667
2,174787	4,073971
2,031765	4,075928
2,043406	4,076580
2,254613	4,077232
2,196406	4,078537
2,232993	4,081797
2,056710	4,082776
1,985199	4,083102
2,164808	4,083754
2,326124	4,086689
2,073341	4,089297
1,978547	4,090276
2,013471	4,089950
1,931982	4,091254
2,035091	4,094841
2,066689	4,096145
1,848830	4,096471
2,098287	4,097776
2,075004	4,098754
2,000167	4,101363
2,146515	4,102993
2,036754	4,103645
2,158156	4,106254
1,898721	4,107884
2,184765	4,109841
2,000167	4,109189
1,963580	4,112124
1,975221	4,114406
2,108265	4,113754
1,990189	4,116363
2,041743	4,117667
1,928656	4,118645
2,075004	4,119298
1,955265	4,123211
2,058373	4,123537
2,083319	4,123537
1,868786	4,126471
2,016797	4,127450
1,943623	4,127776
2,124895	4,130711
2,272906	4,132341
1,961917	4,131689
2,149841	4,134950
2,138200	4,136580
1,938634	4,136906
2,126558	4,140167
1,971895	4,139841
2,000167	4,141472
2,035091	4,144732
1,902047	4,144406
1,986862	4,147667
2,036754	4,148319
2,079993	4,148972
2,005156	4,151580
2,101613	4,152885
1,807253	4,152885
1,951938	4,156472
1,780645	4,156472
2,046732	4,157776
2,071678	4,161037
2,046732	4,161363
2,109928	4,164624
2,126558	4,164624
1,842177	4,164624
2,073341	4,167885
2,094961	4,168863
1,827210	4,169515
2,223015	4,171798
2,153167	4,172776
2,031765	4,174406
2,173124	4,176037
1,960254	4,176363
2,161482	4,179950
2,134874	4,179624
2,040080	4,181906
2,000167	4,183211
1,990189	4,183863
1,990189	4,187776
2,158156	4,187124
2,070015	4,189732
2,063363	4,190059
2,061700	4,192667
1,853819	4,193972
2,153167	4,193972
1,928656	4,196580
2,264591	4,197232
2,081656	4,199189
1,850493	4,200493
2,264591	4,200819
2,058373	4,204406
1,918678	4,203102
2,153167	4,207667
2,028439	4,207015
1,790623	4,209950
1,965243	4,211580
1,958591	4,211580
1,945286	4,214841
2,119906	4,214189
1,890406	4,218102
1,833862	4,217776
2,031765	4,220385
1,818895	4,220059
2,226341	4,222667
2,046732	4,224298
2,001830	4,225928
1,860471	4,226254
1,893732	4,228863
1,903710	4,231146
1,933645	4,230820
1,956928	4,233102
1,695829	4,233428
1,857145	4,237015
1,926993	4,236689
2,048395	4,239950
1,850493	4,240276
2,237983	4,242885
2,259602	4,242559
2,088308	4,245493
2,128221	4,246146
2,023449	4,248102
2,076667	4,248754
1,980210	4,251037
1,960254	4,251037
1,955265	4,254624
2,053384	4,254298
2,101613	4,257885
1,948612	4,256580
2,099950	4,260167
1,888743	4,259515
2,183102	4,262450
1,963580	4,264407
1,976884	4,265711
2,203059	4,267667
1,910362	4,267015
2,001830	4,270602
2,076667	4,269950
2,138200	4,273537
2,036754	4,273863
1,985199	4,276146
2,093297	4,277450
1,965243	4,278102
1,943623	4,281037
2,036754	4,280711
1,946949	4,283972
1,990189	4,282667
2,001830	4,285602
1,922004	4,286254
2,156493	4,288863
2,364374	4,290494
2,086645	4,291146
1,938634	4,294080
2,141526	4,294407
1,995178	4,295711
2,144852	4,298320
2,033428	4,297667
2,124895	4,301581
1,857145	4,300928
1,966906	4,303211
1,966906	4,304189
1,883754	4,306146
2,116580	4,308102
1,935308	4,308428
2,201395	4,310059
1,961917	4,312667
2,271243	4,313320
2,126558	4,315928
2,086645	4,316581
2,053384	4,317233
1,900384	4,320494
2,023449	4,320167
2,126558	4,322124
1,975221	4,322776
1,920341	4,324733
2,136537	4,326363
2,050058	4,328646
1,853819	4,328646
1,983536	4,330602
2,111591	4,333211
1,823884	4,333211
2,031765	4,334841
2,106602	4,337776
1,948612	4,338428
2,070015	4,338428
2,078330	4,342668
2,101613	4,343320
1,810580	4,342668
2,013471	4,345602
2,196406	4,347885
1,882091	4,347885
1,933645	4,349515
1,908699	4,352124
1,808916	4,353428
2,093297	4,354081
2,028439	4,356037
1,913688	4,357668
2,178113	4,358320
2,050058	4,359298
1,968569	4,363211
2,018460	4,363537
2,013471	4,363863
2,088308	4,365168
2,232993	4,368102
2,158156	4,369081
1,880427	4,370059
2,045069	4,371689
2,123232	4,373972
2,109928	4,374950
2,108265	4,375602
1,885417	4,377233
2,050058	4,380494
1,820558	4,381472
1,930319	4,380820
2,001830	4,382450
2,119906	4,386037
1,998504	4,387668
2,218026	4,387994
2,236319	4,388320
2,173124	4,391255
2,048395	4,393537
1,963580	4,393863
2,103276	4,395168
1,923667	4,396472
1,888743	4,398429
2,213037	4,400711
1,893732	4,401689
2,118243	4,402015
2,083319	4,403646
2,103276	4,404624
1,991852	4,408211
1,996841	4,409189
1,920341	4,410820
2,257939	4,410494
2,331113	4,412124
1,862134	4,413755
2,123232	4,416037
1,912025	4,418320
1,970232	4,418320
1,950275	4,419950
1,795612	4,421581
2,272906	4,422885
2,156493	4,426146
2,146515	4,426472
1,966906	4,428755
2,186428	4,429081
2,149841	4,428755
2,103276	4,431689
2,051721	4,433972
2,366037	4,435603
2,111591	4,436581
2,089971	4,435276
2,184765	4,438863
2,276233	4,440494
2,392646	4,442450
2,176450	4,443429
2,184765	4,445711
2,116580	4,446037
2,181439	4,446037
2,146515	4,448972
2,377678	4,451255
2,321135	4,452559
2,291200	4,454842
2,231330	4,454842
2,242972	4,455820
2,194743	4,457450
2,291200	4,458103
2,184765	4,461037
2,073341	4,463972
2,048395	4,465276
2,405950	4,465603
2,138200	4,463972
2,228004	4,467885
2,098287	4,468211
2,048395	4,470168
1,935308	4,473103
2,163145	4,475059
2,291200	4,476690
2,223015	4,478320
2,103276	4,479950
2,271243	4,480603
2,159819	4,480929
1,966906	4,480929
1,930319	4,484190
2,226341	4,485494
1,976884	4,486798
2,194743	4,488755
1,953602	4,490385
1,920341	4,491690
1,970232	4,493972
2,306167	4,494298
2,213037	4,496907
2,060037	4,499190
1,980210	4,499842
1,872112	4,501472
2,021786	4,502124
2,038417	4,503755
2,189754	4,504733
1,935308	4,505711
1,862134	4,507342
2,006819	4,508646
2,061700	4,510277
2,106602	4,510929
1,773992	4,513211
2,020123	4,514842
1,951938	4,517450
1,867123	4,518755
1,975221	4,520059
2,179776	4,521690
1,945286	4,522994
2,055047	4,524624
1,719112	4,527559
1,960254	4,527885
2,041743	4,529516
1,993515	4,530494
2,006819	4,532124
1,960254	4,532451
1,941960	4,534407
2,041743	4,536037
2,163145	4,537016
2,086645	4,537668
1,966906	4,539951
2,076667	4,540929
1,872112	4,542233
1,807253	4,543537
1,960254	4,545168
1,978547	4,546472
1,858808	4,548103
1,965243	4,549407
1,855482	4,551690
1,807253	4,553646
2,055047	4,553646
2,045069	4,555277
2,088308	4,557885
2,006819	4,558538
2,129884	4,560494
2,001830	4,563103
2,043406	4,563755
1,898721	4,566038
1,863797	4,567668
2,206385	4,569298
1,998504	4,569951
2,223015	4,569951
2,071678	4,572559
2,228004	4,573211
1,838851	4,575168
2,021786	4,576146
1,946949	4,578103
1,830536	4,580059
1,998504	4,580711
1,963580	4,582994
2,086645	4,585603
2,141526	4,585603
2,084982	4,587885
1,828873	4,588538
2,040080	4,590494
2,035091	4,590820
2,041743	4,592125
2,239646	4,594081
2,372689	4,595712
1,880427	4,597016
2,166472	4,598320
1,966906	4,600277
2,159819	4,601907
2,021786	4,604190
2,311157	4,604842
2,098287	4,605168
1,996841	4,606798
1,793949	4,608429
2,218026	4,609407
2,294526	4,612016
1,961917	4,613972
2,070015	4,615603
2,232993	4,616907
2,109928	4,619190
2,181439	4,618864
1,973558	4,619516
2,193080	4,621799
2,106602	4,623103
2,143189	4,625385
2,209711	4,626364
2,040080	4,628646
2,241309	4,629625
2,213037	4,631255
2,203059	4,634842
2,181439	4,632885
2,133211	4,636146
1,971895	4,637125
2,159819	4,638755
2,093297	4,639407
2,306167	4,640712
2,070015	4,642668
1,850493	4,645277
2,084982	4,646581
2,234656	4,647233
2,081656	4,646255
2,276233	4,649516
2,040080	4,652125
2,060037	4,654733
1,920341	4,655712
2,098287	4,655386
1,895395	4,656364
1,998504	4,657668
1,965243	4,661581
2,359385	4,662233
2,061700	4,663538
2,161482	4,663538
1,943623	4,666146
2,184765	4,667125
2,179776	4,669733
2,026776	4,671690
1,917015	4,672016
2,075004	4,672668
2,103276	4,673973
2,128221	4,676907
1,912025	4,678212
1,968569	4,679190
2,023449	4,680168
2,010145	4,681146
1,998504	4,684081
1,925330	4,686038
2,035091	4,686038
2,116580	4,687016
2,060037	4,689299
2,071678	4,692233
2,131548	4,692560
2,109928	4,692560
1,885417	4,694516
2,154830	4,697777
1,910362	4,698429
1,940297	4,699081
2,063363	4,700060
2,099950	4,702994
1,912025	4,705929
2,006819	4,705929
2,206385	4,705929
2,021786	4,708538
1,991852	4,710820
1,883754	4,711799
2,015134	4,713103
2,317809	4,716038
2,119906	4,716364
2,104939	4,717016
2,050058	4,718647
2,089971	4,720929
2,329450	4,720929
1,887080	4,723538
2,346081	4,725494
1,938634	4,726473
1,996841	4,727125
2,089971	4,728429
2,269580	4,731038
2,174787	4,732342
2,173124	4,732668
2,204722	4,734951
1,875438	4,736581
2,055047	4,737560
1,820558	4,739190
2,366037	4,742125
2,166472	4,742125
1,885417	4,743429
1,981873	4,745386
1,933645	4,746364
2,071678	4,747994
2,033428	4,750603
2,060037	4,749951
2,075004	4,751907
1,966906	4,755494
2,163145	4,755168
2,055047	4,755821
1,951938	4,759734
2,191417	4,758755
1,991852	4,761364
1,913688	4,763321
1,926993	4,761364
1,833862	4,766255
1,973558	4,766581
2,213037	4,768538
1,722438	4,770494
2,038417	4,771147
1,933645	4,773103
1,857145	4,776038
1,890406	4,775712
2,091634	4,778647
1,908699	4,779299
1,850493	4,780929
2,071678	4,782560
2,156493	4,781908
2,149841	4,785494
1,920341	4,786147
1,873775	4,787451
1,971895	4,790060
2,036754	4,789408
1,950275	4,792668
1,892069	4,792994
1,955265	4,793973
1,827210	4,796581
2,036754	4,796908
2,046732	4,799516
1,837188	4,799842
2,045069	4,803429
1,762351	4,803103
2,010145	4,806038
1,998504	4,807016
1,903710	4,807342
1,910362	4,810603
1,986862	4,809951
2,013471	4,813212
1,892069	4,813538
2,013471	4,815821
1,991852	4,816147
2,001830	4,818429
1,955265	4,820386
1,873775	4,820712
1,961917	4,822668
1,976884	4,824299
1,920341	4,825277
1,993515	4,826582
1,925330	4,828864
2,088308	4,829516
1,838851	4,831473
1,986862	4,832451
1,862134	4,834408
1,752373	4,835712
1,958591	4,837342
1,880427	4,838973
1,963580	4,839625
1,985199	4,842234
1,988526	4,842234
1,805590	4,846147
1,902047	4,845169
1,803927	4,847451
1,907036	4,848103
1,943623	4,851364
1,650927	4,851364
1,925330	4,852342
1,697492	4,853973
1,905373	4,856255
1,976884	4,857886
2,000167	4,859190
2,176450	4,861799
2,028439	4,861473
1,938634	4,865386
1,838851	4,862777
2,156493	4,867016
1,933645	4,867342
1,752373	4,868647
1,920341	4,871256
1,847167	4,871582
1,823884	4,874842
1,843840	4,874842
1,865460	4,877451
1,895395	4,878429
1,830536	4,880060
1,868786	4,882016
1,808916	4,881690
1,925330	4,885277
1,941960	4,885277
1,991852	4,886582
1,780645	4,890495
1,956928	4,889190
1,832199	4,891799
2,033428	4,893429
1,885417	4,893756
2,076667	4,897343
1,913688	4,897016
2,020123	4,899299
1,893732	4,899625
1,918678	4,901256
1,895395	4,903864
1,953602	4,903864
1,946949	4,904190
2,151504	4,907451
1,793949	4,908429
2,099950	4,910060
1,926993	4,912016
2,153167	4,913321
1,890406	4,914951
2,021786	4,917234
1,963580	4,916908
1,998504	4,919843
1,955265	4,920169
2,035091	4,921147
2,065026	4,924082
1,920341	4,925712
2,051721	4,926364
2,016797	4,927995
1,948612	4,930277
2,001830	4,929951
2,058373	4,931582
2,081656	4,934843
2,128221	4,934843
2,133211	4,935495
1,870449	4,937451
2,061700	4,940712
1,908699	4,941038
1,883754	4,942017
2,081656	4,945277
1,973558	4,945603
1,975221	4,946582
1,883754	4,949517
2,018460	4,950495
1,808916	4,950169
1,961917	4,953103
1,965243	4,955386
2,143189	4,955712
1,980210	4,956364
2,045069	4,959625
1,960254	4,960277
1,978547	4,961256
2,025113	4,962234
1,991852	4,965495
1,858808	4,967451
1,988526	4,967125
2,079993	4,969082
1,983536	4,971364
1,953602	4,972343
2,050058	4,972343
1,802264	4,974951
1,975221	4,977234
1,907036	4,978212
1,850493	4,978538
1,903710	4,980169
1,895395	4,983104
2,018460	4,984734
2,254613	4,984734
1,991852	4,985712
1,988526	4,987017
2,218026	4,989951
2,053384	4,991256
1,968569	4,991908
1,840514	4,992886
2,098287	4,996799
1,961917	4,998430
2,048395	4,998104
2,096624	4,999082
2,184765	5,001038
1,792286	5,002995
2,058373	5,004625
2,050058	5,005278
1,980210	5,006256
1,822221	5,007886
2,079993	5,010495
1,752373	5,013430
1,820558	5,013430
1,897058	5,013430
2,096624	5,015060
2,020123	5,017017
1,900384	5,020278
2,201395	5,020278
1,880427	5,020930
1,961917	5,022234
2,076667	5,024843
1,870449	5,026473
2,055047	5,028430
1,852156	5,029734
1,988526	5,030060
2,119906	5,031365
2,076667	5,032343
2,166472	5,035604
1,910362	5,037560
1,795612	5,038538
1,993515	5,039517
2,129884	5,040495
2,169798	5,041799
1,875438	5,042778
1,898721	5,045060
2,040080	5,047343
2,181439	5,049299
2,109928	5,049625
2,041743	5,051256
1,898721	5,051582
2,113254	5,053865
1,976884	5,055169
1,913688	5,056799
1,953602	5,058104
2,096624	5,060386
1,951938	5,062669
2,013471	5,062669
2,035091	5,063973
1,955265	5,065278
1,802264	5,066582
1,840514	5,067886
1,926993	5,069517
1,948612	5,070169
1,983536	5,071799
1,913688	5,073756
1,875438	5,075386
1,928656	5,077343
2,020123	5,078973
1,832199	5,080930
2,056710	5,081908
1,920341	5,083539
1,907036	5,084843
1,975221	5,087125
1,956928	5,088430
1,941960	5,089734
1,842177	5,091365
1,792286	5,093321
2,061700	5,093321
1,855482	5,095930
1,928656	5,096908
2,076667	5,098212
2,089971	5,100821
2,055047	5,101473
1,852156	5,103104
2,151504	5,105386
2,083319	5,106039
2,081656	5,107669
1,822221	5,107669
2,084982	5,109626
2,040080	5,111256
2,251287	5,113212
2,015134	5,113539
1,880427	5,115821
1,803927	5,117452
1,953602	5,118430
1,990189	5,120060
1,961917	5,121365
2,015134	5,122669
2,043406	5,124952
2,158156	5,126908
1,872112	5,126582
1,976884	5,128213
2,038417	5,130495
2,153167	5,132778
2,104939	5,133104
2,033428	5,135713
2,164808	5,136365
2,018460	5,138321
1,880427	5,140278
1,823884	5,141256
1,981873	5,142560
2,060037	5,142560
2,119906	5,144517
1,936971	5,146147
2,023449	5,146473
2,051721	5,147778
1,827210	5,149734
1,923667	5,151691
1,902047	5,153647
1,902047	5,154626
1,926993	5,155930
1,749047	5,159191
1,948612	5,160495
1,976884	5,161147
1,915351	5,162126
1,988526	5,163104
2,126558	5,163756
2,045069	5,166691
2,131548	5,167017
1,968569	5,170278
1,998504	5,171256
2,071678	5,173213
1,963580	5,174517
1,827210	5,174843
2,040080	5,175821
2,065026	5,177452
1,883754	5,178756
1,955265	5,181365
1,998504	5,183647
1,812243	5,184626
1,991852	5,184952
1,996841	5,185604
1,913688	5,188865
1,983536	5,189843
1,835525	5,192126
2,183102	5,193430
1,734079	5,193756
2,055047	5,195713
1,973558	5,197343
1,922004	5,198647
1,933645	5,201908
1,865460	5,202234
1,868786	5,202560
1,980210	5,203539
1,872112	5,205495
2,055047	5,207778
2,031765	5,209734
1,973558	5,211365
2,065026	5,211691
1,925330	5,212343
2,013471	5,214300
1,910362	5,217561
2,066689	5,219191
2,048395	5,219191
2,143189	5,219517
1,961917	5,221800
2,103276	5,224734
2,109928	5,225713
1,642612	5,226039
1,820558	5,227669
2,239646	5,228974
2,021786	5,231582
2,003493	5,232887
2,036754	5,233865
2,079993	5,234843
1,975221	5,237778
2,208048	5,236474
2,088308	5,240061
1,917015	5,240061
2,023449	5,242343
2,046732	5,244626
2,070015	5,246582
2,021786	5,245930
2,151504	5,248213
2,010145	5,250495
1,935308	5,252452
2,099950	5,253104
1,908699	5,253756
1,968569	5,254735
1,883754	5,257343
2,149841	5,259626
1,842177	5,258974
1,941960	5,262561
2,028439	5,263539
1,917015	5,264191
2,066689	5,266148
2,084982	5,268756
2,040080	5,269082
1,815569	5,269735
2,075004	5,272017
1,903710	5,273974
1,951938	5,273648
2,156493	5,275604
1,855482	5,277561
1,895395	5,279191
2,109928	5,279191
1,918678	5,282778
2,040080	5,285061
1,855482	5,284408
2,101613	5,287343
1,908699	5,288648
1,767340	5,288648
1,828873	5,291256
1,941960	5,292561
1,925330	5,292887
1,961917	5,296148
1,950275	5,296474
1,857145	5,296800
1,925330	5,301039
1,970232	5,298430
1,907036	5,303322
2,093297	5,305278
2,121569	5,304952
2,040080	5,307235
1,872112	5,308213
1,990189	5,309843
1,848830	5,311800
1,765677	5,312126
2,040080	5,314735
2,221352	5,314735
1,845504	5,316691
1,951938	5,319300
1,887080	5,318322
2,096624	5,321909
2,018460	5,321582
2,045069	5,325822
1,975221	5,325822
1,778982	5,328756
2,003493	5,328756
1,928656	5,330387
2,001830	5,331365
1,918678	5,333648
1,807253	5,335278
2,101613	5,335930
2,224678	5,338539
2,114917	5,338213
1,961917	5,340822
1,981873	5,342126
1,953602	5,343430
1,910362	5,344409
1,925330	5,347343
1,991852	5,347017
2,094961	5,350278
2,169798	5,350604
1,857145	5,352235
1,852156	5,354843
2,006819	5,354843
1,920341	5,357452
2,058373	5,356800
2,208048	5,360713
2,013471	5,361365
1,943623	5,363322
2,076667	5,363974
2,070015	5,365278
2,089971	5,367561
2,083319	5,368539
1,887080	5,370822
2,025113	5,370496
1,903710	5,374083
1,968569	5,374409
2,021786	5,375713
1,988526	5,377670
2,219689	5,377670
1,995178	5,380930
2,176450	5,381256
1,971895	5,383213
2,066689	5,385496
2,048395	5,385170
2,094961	5,388757
2,131548	5,388757
2,133211	5,391365
1,948612	5,392670
1,833862	5,392343
2,046732	5,395278
1,923667	5,397235
1,790623	5,397887
2,008482	5,400496
1,880427	5,400822
1,926993	5,401474
2,084982	5,404409
2,109928	5,404735
2,040080	5,406365
2,134874	5,408648
1,998504	5,408648
1,995178	5,410604
1,882091	5,413539
2,063363	5,412887
1,808916	5,415822
1,980210	5,417126
1,973558	5,416800
1,907036	5,420387
1,843840	5,421691
1,986862	5,422344
2,035091	5,423322
2,099950	5,426583
2,026776	5,426583
2,111591	5,427887
2,096624	5,430822
2,123232	5,432126
1,926993	5,433104
1,830536	5,434409
2,005156	5,437017
2,063363	5,437344
1,928656	5,438322
1,998504	5,441583
1,991852	5,442235
1,922004	5,442887
1,912025	5,443539
1,926993	5,446148
1,965243	5,448104
1,893732	5,447452
1,966906	5,449409
2,066689	5,452996
2,033428	5,455278
1,973558	5,454626
1,788960	5,454626
1,907036	5,457561
1,933645	5,459844
2,111591	5,460170
2,084982	5,460822
1,895395	5,463431
1,887080	5,466365
2,048395	5,467018
2,146515	5,467670
1,948612	5,468648
1,895395	5,470931
1,837188	5,473865
2,045069	5,474844
1,978547	5,475822
1,945286	5,476800
2,060037	5,478105
1,908699	5,480387
2,045069	5,482018
2,001830	5,482996
2,015134	5,483648
2,186428	5,484300
1,850493	5,487887
1,838851	5,488865
1,970232	5,490822
2,058373	5,490822
1,765677	5,492126
2,025113	5,493757
2,016797	5,494083
2,075004	5,497344
2,138200	5,499952
2,221352	5,500931
2,088308	5,501909
2,025113	5,502561
2,050058	5,503213
2,094961	5,505496
1,840514	5,507126
2,003493	5,509083
1,827210	5,511365
2,081656	5,513322
1,807253	5,512996
1,995178	5,514626
2,043406	5,515931
1,838851	5,517235
2,121569	5,518539
2,016797	5,519844
2,124895	5,521800
2,123232	5,523757
2,050058	5,525713
1,907036	5,527018
2,061700	5,528648
1,923667	5,528648
