3,681507	0,985596
3,708116	0,986248
3,681507	0,987226
3,711442	0,987226
3,686496	0,987878
3,691485	0,986248
3,684833	0,987226
3,696474	0,987878
3,676518	0,989509
3,681507	0,990813
3,668203	0,992118
3,691485	0,993422
3,679844	0,995705
3,689822	0,997009
3,678181	0,998313
3,693148	1,000270
3,684833	1,001900
3,691485	1,003205
3,689822	1,004509
3,684833	1,006465
3,689822	1,008748
3,681507	1,010379
3,668203	1,011357
3,686496	1,012335
3,686496	1,014292
3,684833	1,015922
3,706453	1,017552
3,706453	1,017552
3,703127	1,020487
3,681507	1,021466
3,703127	1,022118
3,688159	1,023422
3,686496	1,023096
3,696474	1,024726
3,684833	1,027987
3,704790	1,028966
3,694811	1,029618
3,701464	1,033205
3,693148	1,033857
3,676518	1,037118
3,684833	1,037770
3,694811	1,040053
3,704790	1,039400
3,689822	1,040053
3,683170	1,042009
3,691485	1,043639
3,689822	1,045270
3,704790	1,045270
3,669866	1,048205
3,676518	1,050813
3,679844	1,052770
3,671529	1,053748
3,684833	1,054726
3,681507	1,055379
3,693148	1,057009
3,686496	1,057009
3,678181	1,060922
3,686496	1,063531
3,678181	1,063531
3,654898	1,063531
3,681507	1,064835
3,689822	1,067118
3,676518	1,069726
3,693148	1,071357
3,684833	1,071683
3,694811	1,073313
3,686496	1,075270
3,698137	1,077226
3,676518	1,078531
3,673192	1,078531
3,664877	1,080487
3,696474	1,083422
3,683170	1,085705
3,678181	1,085053
3,679844	1,087009
3,681507	1,087661
3,686496	1,090270
3,696474	1,091248
3,676518	1,091574
3,694811	1,095161
3,704790	1,096792
3,668203	1,097118
3,691485	1,097444
3,701464	1,101031
3,678181	1,102661
3,713105	1,101683
3,689822	1,104618
3,703127	1,107227
3,694811	1,107227
3,693148	1,108205
3,684833	1,110487
3,688159	1,112444
3,703127	1,113096
3,683170	1,114400
3,686496	1,117335
3,681507	1,117009
3,691485	1,118966
3,691485	1,121574
3,691485	1,121900
3,703127	1,123205
3,698137	1,126466
3,708116	1,126466
3,691485	1,127118
3,691485	1,130705
3,696474	1,130379
3,689822	1,129401
3,698137	1,134944
3,704790	1,135270
3,678181	1,136901
3,679844	1,139509
3,716431	1,139183
3,709779	1,141792
3,701464	1,143748
3,704790	1,143748
3,696474	1,146357
3,686496	1,147009
3,684833	1,148314
3,689822	1,150922
3,689822	1,151248
3,701464	1,153531
3,689822	1,155488
3,699801	1,155488
3,674855	1,158748
3,703127	1,158748
3,708116	1,160053
3,708116	1,162988
3,683170	1,162661
3,708116	1,165596
3,689822	1,166574
3,673192	1,166574
3,704790	1,169509
3,696474	1,170488
3,708116	1,172770
3,711442	1,173096
3,691485	1,174401
3,678181	1,177335
3,689822	1,177009
3,676518	1,179944
3,676518	1,180270
3,688159	1,181248
3,691485	1,184835
3,699801	1,185488
3,683170	1,186792
3,693148	1,189075
3,698137	1,188748
3,699801	1,192661
3,679844	1,192009
3,693148	1,194292
3,708116	1,196575
3,686496	1,195922
3,693148	1,198531
3,691485	1,199183
3,689822	1,201792
3,699801	1,202118
3,684833	1,206357
3,684833	1,205379
3,696474	1,208640
3,689822	1,208966
3,711442	1,211248
3,703127	1,212227
3,683170	1,213531
3,681507	1,215488
3,709779	1,215488
3,684833	1,218096
3,694811	1,218096
3,706453	1,221357
3,696474	1,221357
3,679844	1,224944
3,699801	1,223966
3,691485	1,226575
3,679844	1,226901
3,688159	1,229835
3,703127	1,230162
3,679844	1,233096
3,689822	1,233096
3,681507	1,235379
3,673192	1,236357
3,691485	1,238314
3,681507	1,239944
3,664877	1,240596
3,679844	1,243531
3,689822	1,244183
3,684833	1,246140
3,681507	1,246466
3,693148	1,249075
3,684833	1,249401
3,678181	1,251357
3,676518	1,252336
3,681507	1,254292
3,661550	1,255922
3,693148	1,256901
3,704790	1,259509
3,676518	1,259183
3,684833	1,263423
3,681507	1,262118
3,698137	1,265705
3,691485	1,265379
3,689822	1,268640
3,679844	1,268640
3,684833	1,270923
3,696474	1,272227
3,684833	1,273531
3,689822	1,275162
3,703127	1,276792
3,694811	1,278096
3,683170	1,278423
3,716431	1,282009
3,684833	1,281031
3,686496	1,284292
3,693148	1,283966
3,674855	1,287227
3,691485	1,287879
3,713105	1,290162
3,699801	1,291140
3,696474	1,292118
3,701464	1,295053
3,716431	1,294727
3,684833	1,297988
3,718094	1,298314
3,709779	1,299944
3,728072	1,301249
3,738051	1,301575
3,721420	1,305488
3,761333	1,305162
3,779627	1,307770
3,771312	1,308749
3,774638	1,310053
3,796257	1,312662
3,801246	1,312988
3,802909	1,315597
3,841160	1,316249
3,859453	1,317553
3,844486	1,320162
3,856127	1,320162
3,872757	1,323423
3,861116	1,322770
3,867768	1,324727
3,872757	1,327010
3,866105	1,326031
3,886062	1,329618
3,899366	1,330270
3,899366	1,331901
3,912671	1,334184
3,899366	1,333857
3,920986	1,336466
3,906018	1,338097
3,932627	1,338423
3,940942	1,341357
3,906018	1,340705
3,907681	1,343314
3,920986	1,344944
3,937616	1,345923
3,954247	1,349836
3,919323	1,349510
3,942605	1,351140
3,944268	1,353749
3,929301	1,354075
3,942605	1,356031
3,947594	1,357336
3,967551	1,357662
3,945931	1,360597
3,965888	1,361249
3,942605	1,362553
3,937616	1,365162
3,955910	1,366792
3,954247	1,367771
3,957573	1,370053
3,955910	1,369401
3,967551	1,371357
3,950921	1,373966
3,965888	1,373966
3,960899	1,375923
3,949258	1,378531
3,964225	1,378858
3,952584	1,380814
3,959236	1,382118
3,959236	1,384401
3,970877	1,385705
3,957573	1,387662
3,950921	1,387336
3,965888	1,389292
3,970877	1,391901
3,964225	1,392227
3,962562	1,393858
3,942605	1,396466
3,949258	1,395488
3,977529	1,397118
3,957573	1,400379
3,949258	1,401031
3,929301	1,402336
3,939279	1,405597
3,947594	1,406575
3,969214	1,406249
3,942605	1,408531
3,925975	1,410814
3,925975	1,410814
3,929301	1,412445
3,955910	1,415053
3,947594	1,415705
3,925975	1,416684
3,920986	1,419618
3,937616	1,420923
3,935953	1,419945
3,901029	1,424184
3,915997	1,424510
3,891051	1,423858
3,909344	1,427445
3,904355	1,431032
3,891051	1,430379
3,876083	1,432010
3,894377	1,433640
3,877747	1,435271
3,876083	1,435597
3,862779	1,438205
3,837833	1,440162
3,837833	1,440162
3,856127	1,441140
3,834507	1,444075
3,816214	1,444727
3,806236	1,445053
3,801246	1,448314
3,771312	1,450597
3,796257	1,449945
3,769648	1,452227
3,769648	1,454836
3,733061	1,454184
3,719757	1,456466
3,726409	1,459075
3,713105	1,461032
3,709779	1,460053
3,679844	1,462662
3,711442	1,465923
3,704790	1,464945
3,711442	1,465923
3,733061	1,469510
3,714768	1,471140
3,719757	1,471140
3,713105	1,471792
3,716431	1,474727
3,708116	1,477010
3,706453	1,477662
3,713105	1,478314
3,724746	1,480923
3,731398	1,482553
3,696474	1,483532
3,726409	1,483532
3,721420	1,485488
3,721420	1,487119
3,711442	1,489075
3,731398	1,490053
3,748029	1,491684
3,736388	1,493640
3,758007	1,495597
3,769648	1,495271
3,749692	1,497227
3,759670	1,500162
3,756344	1,501793
3,774638	1,503097
3,774638	1,502771
3,799583	1,504727
3,789605	1,507336
3,758007	1,509293
3,796257	1,508966
3,797920	1,509945
3,786279	1,512553
3,816214	1,514836
3,782953	1,516140
3,811225	1,517119
3,804572	1,517771
3,831181	1,520053
3,802909	1,521684
3,836170	1,523314
3,817877	1,524945
3,819540	1,525271
3,809562	1,526575
3,824529	1,528206
3,832844	1,530488
3,826192	1,532771
3,817877	1,533097
3,817877	1,534075
3,832844	1,535706
3,807899	1,538314
3,829518	1,540271
3,841160	1,540597
3,839496	1,540923
3,846149	1,542880
3,836170	1,545488
3,832844	1,546793
3,851138	1,548423
3,841160	1,549401
3,836170	1,550380
3,866105	1,551358
3,842823	1,554619
3,841160	1,555597
3,824529	1,558532
3,837833	1,557880
3,824529	1,558532
3,831181	1,560162
3,802909	1,563423
3,847812	1,565380
3,849475	1,565706
3,824529	1,566032
3,849475	1,567988
3,827855	1,569619
3,831181	1,572227
3,847812	1,573532
3,837833	1,574836
3,839496	1,574510
3,827855	1,577445
3,842823	1,579401
3,837833	1,580380
3,857790	1,581684
3,841160	1,582010
3,856127	1,584619
3,844486	1,586901
3,857790	1,587880
3,881073	1,588532
3,831181	1,589836
3,889388	1,591141
3,891051	1,594401
3,884399	1,596032
3,886062	1,596358
3,884399	1,597010
3,896040	1,598314
3,927638	1,600271
3,897703	1,602880
3,902692	1,605162
3,902692	1,606141
3,896040	1,606141
3,899366	1,606793
3,911007	1,608423
3,907681	1,611358
3,904355	1,612988
3,902692	1,615271
3,882736	1,615923
3,915997	1,616901
3,886062	1,617554
3,902692	1,618206
3,920986	1,619836
3,925975	1,622771
3,889388	1,626032
3,894377	1,626032
3,899366	1,627988
3,929301	1,627988
3,911007	1,628641
3,912671	1,630923
3,909344	1,633532
3,891051	1,635815
3,894377	1,636467
3,894377	1,637771
3,929301	1,638097
3,892714	1,638749
3,902692	1,642662
3,906018	1,643967
3,869431	1,645271
3,882736	1,645271
3,861116	1,646902
3,882736	1,648858
3,877747	1,651467
3,894377	1,652119
3,856127	1,652445
3,851138	1,654728
3,841160	1,657010
3,837833	1,658641
3,824529	1,659945
3,822866	1,660271
3,829518	1,661902
3,832844	1,664184
3,826192	1,666467
3,832844	1,666467
3,834507	1,667445
3,834507	1,669075
3,841160	1,672010
3,861116	1,672989
3,824529	1,674293
3,842823	1,674293
3,829518	1,677228
3,837833	1,679510
3,861116	1,680162
3,846149	1,680815
3,867768	1,682445
3,869431	1,684728
3,876083	1,687010
3,881073	1,687336
3,866105	1,687989
3,911007	1,689619
3,917660	1,692554
3,915997	1,694510
3,952584	1,695489
3,922649	1,695162
3,939279	1,695815
3,920986	1,699076
3,919323	1,701684
3,942605	1,702010
3,940942	1,702662
3,929301	1,704293
3,944268	1,707228
3,929301	1,709184
3,945931	1,709836
3,942605	1,709836
3,960899	1,711467
3,947594	1,714402
3,964225	1,716358
3,955910	1,716684
3,962562	1,717010
3,960899	1,718315
3,964225	1,720923
3,974203	1,723532
3,940942	1,725163
3,944268	1,726141
3,960899	1,726467
3,997486	1,727445
3,962562	1,729402
3,967551	1,731358
3,957573	1,733641
3,965888	1,734945
3,969214	1,734945
3,974203	1,735923
3,955910	1,737880
3,950921	1,740815
3,990834	1,743097
3,979192	1,743097
3,974203	1,743750
3,940942	1,744402
3,990834	1,747010
3,947594	1,749619
3,939279	1,750923
3,944268	1,751902
3,945931	1,752228
3,954247	1,753532
3,954247	1,756141
3,939279	1,758750
3,912671	1,760380
3,930964	1,759402
3,914334	1,760706
3,912671	1,762989
3,919323	1,765923
3,915997	1,767228
3,912671	1,768206
3,911007	1,768858
3,912671	1,771141
3,901029	1,773097
3,906018	1,775054
3,912671	1,776032
3,914334	1,776032
3,906018	1,777989
3,917660	1,779619
3,894377	1,782228
3,891051	1,783206
3,874420	1,784184
3,919323	1,785163
3,887725	1,785815
3,886062	1,788750
3,912671	1,790706
3,907681	1,792663
3,889388	1,792663
3,887725	1,793641
3,891051	1,794945
3,897703	1,796250
3,877747	1,798532
3,884399	1,801467
3,876083	1,802445
3,896040	1,802119
3,889388	1,802771
3,892714	1,806684
3,856127	1,809293
3,891051	1,809619
3,879410	1,809619
3,872757	1,810271
3,871094	1,810271
3,872757	1,816141
3,864442	1,816793
3,879410	1,816793
3,856127	1,818750
3,886062	1,820380
3,881073	1,822989
3,861116	1,824293
3,849475	1,824619
3,836170	1,826250
3,851138	1,828206
3,846149	1,829837
3,837833	1,831793
3,854464	1,831467
3,827855	1,834076
3,859453	1,835054
3,844486	1,836032
3,836170	1,838967
3,831181	1,840271
3,822866	1,840598
3,806236	1,841576
3,809562	1,844837
3,807899	1,846141
3,806236	1,847445
3,806236	1,848750
3,789605	1,849076
3,769648	1,851685
3,797920	1,853315
3,771312	1,855271
3,771312	1,855598
3,774638	1,856250
3,769648	1,858858
3,743040	1,860815
3,741377	1,862771
3,726409	1,863098
3,713105	1,864402
3,699801	1,866032
3,716431	1,868315
3,689822	1,869945
3,689822	1,870598
3,713105	1,870924
3,696474	1,873532
3,689822	1,875489
3,713105	1,876793
3,686496	1,876793
3,673192	1,879076
3,684833	1,882011
3,699801	1,882337
3,694811	1,882663
3,693148	1,884619
3,701464	1,887880
3,686496	1,888206
3,698137	1,888532
3,686496	1,890489
3,706453	1,892772
3,683170	1,895054
3,686496	1,896032
3,694811	1,896032
3,676518	1,897989
3,693148	1,901902
3,699801	1,902228
3,701464	1,902228
3,706453	1,902880
3,674855	1,905489
3,708116	1,907445
3,718094	1,909076
3,699801	1,910054
3,678181	1,910706
3,691485	1,912663
3,684833	1,915924
3,681507	1,915924
3,674855	1,917228
3,689822	1,918859
3,684833	1,921793
3,679844	1,922119
3,688159	1,923098
3,686496	1,924402
3,689822	1,926359
3,679844	1,929293
3,689822	1,928641
3,668203	1,929946
3,703127	1,932880
3,724746	1,934837
3,701464	1,935163
3,689822	1,936141
3,694811	1,938098
3,688159	1,940054
3,704790	1,941033
3,704790	1,941359
3,689822	1,943967
3,668203	1,946250
3,703127	1,947228
3,703127	1,947880
3,689822	1,948859
3,693148	1,951793
3,708116	1,953098
3,666540	1,953424
3,698137	1,955380
3,694811	1,957337
3,706453	1,958641
3,703127	1,958641
3,699801	1,960598
3,703127	1,963859
3,689822	1,965489
3,681507	1,964185
3,688159	1,966793
3,679844	1,969728
3,708116	1,970380
3,691485	1,969728
3,731398	1,973315
3,699801	1,975924
3,701464	1,975924
3,704790	1,976250
3,698137	1,979511
3,678181	1,981467
3,678181	1,981141
3,698137	1,982446
3,689822	1,985706
3,693148	1,986359
3,693148	1,987337
3,696474	1,988641
3,699801	1,991902
3,689822	1,991902
3,689822	1,993207
3,669866	1,996141
3,694811	1,996141
3,686496	1,997120
3,683170	1,999076
3,709779	2,002011
3,696474	2,002337
3,688159	2,002663
3,724746	2,006250
3,689822	2,006902
3,696474	2,007880
3,684833	2,010489
3,704790	2,011141
3,699801	2,011141
3,693148	2,013098
3,703127	2,016359
3,683170	2,017011
3,679844	2,017337
3,694811	2,020598
3,701464	2,022554
3,693148	2,022554
3,699801	2,024511
3,683170	2,027446
3,679844	2,026467
3,689822	2,027772
3,683170	2,030380
3,673192	2,032011
3,689822	2,031685
3,704790	2,035272
3,696474	2,036902
3,683170	2,037228
3,696474	2,039837
3,704790	2,041794
3,698137	2,041794
3,708116	2,044076
3,693148	2,046359
3,701464	2,045707
3,709779	2,048641
3,701464	2,049620
3,666540	2,050272
3,693148	2,052228
3,673192	2,054837
3,691485	2,055163
3,688159	2,056141
3,699801	2,058750
3,693148	2,058098
3,689822	2,060381
3,689822	2,063968
3,691485	2,062663
3,689822	2,064620
3,694811	2,068207
3,691485	2,066902
3,691485	2,069837
3,679844	2,070815
3,686496	2,072446
3,679844	2,073098
3,679844	2,075381
3,689822	2,076359
3,691485	2,078315
3,708116	2,081576
3,684833	2,080598
3,689822	2,083533
3,668203	2,086141
3,684833	2,084511
3,689822	2,087120
3,693148	2,089728
3,688159	2,089076
3,716431	2,089402
3,713105	2,092337
3,676518	2,093315
3,674855	2,097228
3,674855	2,096902
3,699801	2,099837
3,686496	2,101468
3,676518	2,101142
3,693148	2,104728
3,688159	2,105055
3,693148	2,105381
3,706453	2,108315
3,713105	2,107011
3,683170	2,110598
3,713105	2,112555
3,658224	2,112555
3,689822	2,116142
3,699801	2,115489
3,698137	2,118750
3,684833	2,120707
3,679844	2,120707
3,698137	2,123315
3,706453	2,125272
3,703127	2,124294
3,708116	2,126902
3,699801	2,128533
3,713105	2,128533
3,686496	2,129511
3,709779	2,133098
3,703127	2,133750
3,698137	2,136685
3,701464	2,136033
3,716431	2,139294
3,716431	2,140924
3,714768	2,140598
3,676518	2,143533
3,689822	2,143859
3,681507	2,146468
3,704790	2,149076
3,691485	2,148098
3,691485	2,150381
3,699801	2,152337
3,711442	2,152989
3,694811	2,155924
3,704790	2,156576
3,709779	2,158533
3,709779	2,160163
3,716431	2,160163
3,716431	2,162446
3,686496	2,162772
3,689822	2,165381
3,703127	2,167011
3,689822	2,167989
3,718094	2,169946
3,704790	2,170598
3,708116	2,173207
3,704790	2,173859
3,711442	2,174837
3,719757	2,178424
3,689822	2,177120
3,708116	2,180381
3,698137	2,181033
3,711442	2,182011
3,704790	2,183316
3,689822	2,185272
3,703127	2,186903
3,686496	2,189837
3,718094	2,189185
3,711442	2,192446
3,738051	2,193098
3,711442	2,194076
3,728072	2,196685
3,693148	2,197011
3,724746	2,199294
3,694811	2,200272
3,719757	2,202229
3,726409	2,203533
3,699801	2,204185
3,703127	2,207120
3,691485	2,206794
3,711442	2,210381
3,709779	2,210055
3,721420	2,212663
3,716431	2,213316
3,686496	2,214946
3,696474	2,217555
3,708116	2,217229
3,714768	2,219511
3,709779	2,220816
3,693148	2,222772
3,704790	2,223424
3,716431	2,224403
3,719757	2,227337
3,711442	2,227337
3,696474	2,230598
3,708116	2,229946
3,704790	2,232881
3,716431	2,233859
3,694811	2,234837
3,706453	2,237446
3,723083	2,237772
3,729735	2,241033
3,693148	2,240707
3,709779	2,243968
3,699801	2,243968
3,716431	2,245272
3,696474	2,247555
3,713105	2,248533
3,719757	2,251142
3,703127	2,250816
3,706453	2,254077
3,708116	2,253424
3,721420	2,256359
3,698137	2,256033
3,689822	2,258316
3,709779	2,261251
3,673192	2,260924
3,706453	2,263859
3,709779	2,263207
3,699801	2,267446
3,709779	2,266142
3,686496	2,271033
3,691485	2,270055
3,706453	2,273316
3,694811	2,273968
3,709779	2,275924
3,698137	2,276251
3,716431	2,278533
3,698137	2,278859
3,719757	2,281468
3,709779	2,281794
3,716431	2,284729
3,704790	2,285707
3,721420	2,286359
3,689822	2,288642
3,699801	2,290272
3,701464	2,290924
3,694811	2,293207
3,696474	2,293533
3,694811	2,295164
3,704790	2,297446
3,694811	2,298424
3,673192	2,300707
3,689822	2,300381
3,693148	2,303642
3,704790	2,303642
3,698137	2,306251
3,728072	2,306577
3,696474	2,308859
3,704790	2,309838
3,704790	2,312446
3,711442	2,312446
3,703127	2,315055
3,698137	2,316359
3,696474	2,317011
3,669866	2,320272
3,676518	2,319294
3,718094	2,323533
3,708116	2,323533
3,683170	2,325164
3,699801	2,325490
3,698137	2,328751
3,683170	2,328098
3,699801	2,330381
3,704790	2,332664
3,684833	2,333316
3,701464	2,335272
3,698137	2,335598
3,694811	2,339512
3,698137	2,338207
3,699801	2,341794
3,703127	2,342446
3,686496	2,343751
3,681507	2,345381
3,703127	2,346359
3,708116	2,349946
3,688159	2,348968
3,686496	2,351903
3,681507	2,352229
3,679844	2,353533
3,716431	2,356142
3,696474	2,356468
3,699801	2,359077
3,679844	2,360055
3,699801	2,361685
3,698137	2,363642
3,716431	2,363642
3,694811	2,366251
3,694811	2,366903
3,703127	2,367555
3,696474	2,371468
3,693148	2,370490
3,698137	2,373751
3,703127	2,375381
3,706453	2,375055
3,693148	2,378316
3,699801	2,379294
3,689822	2,380272
3,678181	2,382881
3,694811	2,383207
3,683170	2,384838
3,681507	2,387120
3,679844	2,386794
3,681507	2,389077
3,696474	2,390707
3,718094	2,391686
3,716431	2,393968
3,703127	2,394620
3,676518	2,396577
3,711442	2,398533
3,669866	2,399186
3,691485	2,401794
3,709779	2,404077
3,694811	2,403099
3,679844	2,405381
3,684833	2,407338
3,694811	2,407664
3,706453	2,410273
3,703127	2,411903
3,701464	2,412229
3,686496	2,415164
3,669866	2,415816
3,686496	2,416142
3,689822	2,419729
3,676518	2,418099
3,689822	2,420707
3,666540	2,423642
3,669866	2,425599
3,659887	2,424294
3,673192	2,428207
3,706453	2,428860
3,668203	2,429512
3,693148	2,433099
3,673192	2,431142
3,703127	2,433425
3,674855	2,437664
3,686496	2,437338
3,671529	2,436686
3,676518	2,441903
3,669866	2,441577
3,664877	2,443207
3,686496	2,445164
3,686496	2,446468
3,668203	2,447773
3,683170	2,450707
3,663214	2,450381
3,651572	2,449403
3,674855	2,454620
3,659887	2,455599
3,679844	2,455599
3,681507	2,458533
3,659887	2,459838
3,668203	2,460490
3,676518	2,462447
3,651572	2,464403
3,688159	2,462773
3,666540	2,467338
3,679844	2,468642
3,669866	2,468968
3,683170	2,470925
3,683170	2,473207
3,679844	2,474838
3,676518	2,474838
3,689822	2,478425
3,679844	2,478751
3,683170	2,479077
3,671529	2,481034
3,671529	2,483642
3,659887	2,483642
3,669866	2,485925
3,666540	2,488534
3,679844	2,489186
3,671529	2,490490
3,684833	2,491794
3,668203	2,494077
3,668203	2,494729
3,681507	2,495707
3,673192	2,498316
3,684833	2,499294
3,678181	2,500599
3,659887	2,499294
3,663214	2,503860
3,686496	2,504186
3,671529	2,506468
3,676518	2,506794
3,684833	2,511360
3,683170	2,511686
3,678181	2,512012
3,704790	2,512990
3,689822	2,516251
3,679844	2,517555
3,656561	2,517881
3,669866	2,519838
3,671529	2,521794
3,679844	2,521794
3,678181	2,522447
3,686496	2,526034
3,671529	2,527990
3,666540	2,528642
3,674855	2,529621
3,683170	2,532229
3,678181	2,533208
3,679844	2,533534
3,689822	2,535490
3,694811	2,538425
3,709779	2,539729
3,699801	2,539729
3,686496	2,541686
3,684833	2,543642
3,696474	2,545273
3,674855	2,546251
3,713105	2,547229
3,694811	2,549512
3,688159	2,551468
3,676518	2,551795
3,693148	2,553751
3,693148	2,554077
3,688159	2,557338
3,683170	2,558968
3,683170	2,558968
3,691485	2,559947
3,683170	2,561577
3,694811	2,564838
3,696474	2,566142
3,678181	2,566468
3,684833	2,567447
3,669866	2,569403
3,693148	2,572012
3,689822	2,573642
3,696474	2,573316
3,684833	2,574295
3,716431	2,577882
3,699801	2,578208
3,696474	2,579186
3,671529	2,580816
3,659887	2,583751
3,679844	2,584403
3,666540	2,585708
3,706453	2,586686
3,683170	2,589621
3,699801	2,591251
3,698137	2,592229
3,696474	2,593208
3,694811	2,593534
3,699801	2,595816
3,689822	2,597447
3,703127	2,599403
3,691485	2,600056
3,691485	2,600056
3,699801	2,604295
3,704790	2,605599
3,718094	2,606577
3,703127	2,607556
3,706453	2,607229
3,708116	2,609512
3,719757	2,612121
3,726409	2,614077
3,708116	2,616360
3,728072	2,617012
3,716431	2,616360
3,723083	2,618316
3,753018	2,621577
3,764659	2,624186
3,759670	2,623534
3,781290	2,624512
3,796257	2,625490
3,841160	2,628099
3,894377	2,630056
3,955910	2,632012
4,068997	2,633643
4,178758	2,633969
4,323443	2,634295
4,478106	2,635925
4,606161	2,637882
4,744194	2,640490
4,857281	2,642121
4,957064	2,642773
5,058510	2,644403
5,108401	2,645382
5,168271	2,647338
5,223151	2,649621
5,309630	2,650925
5,361184	2,652556
5,411076	2,652882
5,444336	2,653208
5,509195	2,655490
5,589022	2,657773
5,647228	2,659077
5,712087	2,661034
5,755326	2,662012
5,818522	2,662664
5,868413	2,664295
5,921631	2,666251
5,951566	2,667882
6,024740	2,670164
6,051349	2,671469
6,119533	2,672447
6,152794	2,674077
6,191044	2,674077
6,217653	2,675708
6,257566	2,677012
6,284175	2,679621
6,325751	2,682230
6,373980	2,682882
6,407241	2,684186
6,437175	2,684186
6,470436	2,685164
6,507023	2,688751
6,523654	2,690382
6,563567	2,692338
6,583523	2,693643
6,611795	2,694947
6,630089	2,694947
6,660024	2,696251
6,658361	2,696904
6,684969	2,699186
6,724882	2,702121
6,726545	2,703099
6,741513	2,704730
6,766459	2,706686
6,764796	2,708643
6,832980	2,709621
6,804709	2,710273
6,832980	2,712556
6,857926	2,712230
6,872894	2,713534
6,856263	2,714838
6,881209	2,716795
6,904491	2,719077
6,899502	2,721686
6,917796	2,722991
6,911144	2,723643
6,932763	2,725273
6,929437	2,726251
6,946068	2,727230
6,942742	2,729186
6,949394	2,729838
6,979329	2,731795
6,961035	2,733425
7,014253	2,735708
7,022568	2,736686
7,027557	2,738969
7,035872	2,740925
7,035872	2,740925
7,054166	2,742882
7,047513	2,743860
7,069133	2,745164
7,092416	2,746469
7,094079	2,747773
7,120688	2,749078
7,115698	2,750708
7,095742	2,751686
7,087427	2,754295
7,090753	2,755273
7,109046	2,756578
7,085764	2,759512
7,095742	2,760491
7,089090	2,762447
7,095742	2,763751
7,077448	2,765056
7,084101	2,767338
7,092416	2,767991
7,080774	2,770599
7,057492	2,770925
7,074122	2,772556
7,069133	2,773860
7,050840	2,774838
7,059155	2,776143
7,024231	2,777447
7,027557	2,778425
7,017579	2,781034
7,024231	2,781686
6,982655	2,783317
6,977666	2,785599
6,964361	2,787230
6,954383	2,787556
6,904491	2,788860
6,887861	2,790491
6,882872	2,793099
6,866241	2,794078
6,841296	2,796034
6,821339	2,796034
6,804709	2,798317
6,783089	2,800599
6,748165	2,801578
6,699937	2,803534
6,699937	2,804186
6,651708	2,805165
6,643393	2,807447
6,590176	2,809404
6,551926	2,810708
6,578534	2,812339
6,563567	2,813317
6,553589	2,814947
6,520328	2,816578
6,530306	2,818534
6,521991	2,819839
6,515339	2,821143
6,535295	2,821795
6,500371	2,824078
6,503697	2,824404
6,463784	2,826360
6,512012	2,827012
6,468773	2,828643
6,452143	2,829621
6,450480	2,831252
6,433849	2,832556
6,410567	2,834839
6,380632	2,836469
6,360675	2,838099
6,330740	2,840708
6,300806	2,841360
6,284175	2,842339
6,267545	2,842665
6,224305	2,844621
6,174414	2,844621
6,134501	2,847882
6,106229	2,849186
6,067979	2,851469
6,036381	2,853752
5,996468	2,854404
5,938261	2,855708
5,911653	2,856034
5,873403	2,857665
5,838479	2,858643
5,813533	2,860926
5,761978	2,862230
5,720402	2,864513
5,667185	2,866143
5,620619	2,867121
5,574054	2,868099
5,545782	2,870382
5,490902	2,871360
5,436021	2,872991
5,394445	2,874621
5,297988	2,875926
5,239782	2,877556
5,188227	2,878208
5,086781	2,879186
5,023586	2,880165
4,930455	2,882447
4,837324	2,884404
4,695965	2,886360
4,661042	2,887991
4,529661	2,888643
4,365019	2,890273
4,241954	2,890926
4,165454	2,892882
4,075649	2,895817
4,029084	2,897447
4,010790	2,896795
3,999149	2,898100
3,994160	2,901360
3,987508	2,902665
3,947594	2,904295
3,969214	2,905273
3,969214	2,905273
3,979192	2,908208
3,955910	2,911143
3,970877	2,911143
3,977529	2,911795
3,967551	2,913100
3,982518	2,915382
3,969214	2,917665
3,970877	2,918317
3,972540	2,918969
3,977529	2,921252
3,975866	2,924187
3,970877	2,923860
3,990834	2,925165
3,967551	2,926143
3,982518	2,928752
3,967551	2,930382
3,972540	2,929730
3,960899	2,932991
3,959236	2,936252
3,982518	2,935274
3,979192	2,937230
3,967551	2,940165
3,962562	2,939839
3,970877	2,940817
3,985845	2,942447
3,980855	2,944730
3,984182	2,946687
3,989171	2,946361
3,992497	2,948643
3,980855	2,951252
3,982518	2,951252
3,980855	2,952882
3,962562	2,955817
3,967551	2,955491
3,989171	2,956795
3,980855	2,959078
3,972540	2,961361
3,984182	2,961361
3,994160	2,963317
3,980855	2,965274
3,972540	2,966252
3,970877	2,968208
3,975866	2,970491
3,965888	2,970491
3,987508	2,971795
3,984182	2,974404
3,957573	2,974730
3,965888	2,975708
3,954247	2,979295
3,972540	2,979948
3,967551	2,980926
3,942605	2,983208
3,962562	2,983861
3,930964	2,984839
3,954247	2,987448
3,945931	2,989078
3,950921	2,989078
3,959236	2,991361
3,949258	2,994621
3,935953	2,993643
3,962562	2,995600
3,925975	2,998208
3,932627	2,997882
3,954247	3,000817
3,960899	3,002774
3,945931	3,002121
3,960899	3,005056
3,945931	3,006361
3,942605	3,007665
3,967551	3,009948
3,955910	3,012230
3,950921	3,011578
3,959236	3,014187
3,965888	3,014513
3,987508	3,015165
4,012453	3,019078
4,035736	3,019078
4,068997	3,020382
4,060682	3,022991
4,083964	3,022665
4,098932	3,025600
4,122214	3,026904
4,147160	3,026252
4,147160	3,030491
4,143834	3,030491
4,182084	3,033100
4,195388	3,034730
4,172106	3,034078
4,210356	3,038317
4,217008	3,037339
4,218671	3,039622
4,231975	3,041252
4,225323	3,041904
4,251932	3,045165
4,265236	3,044187
4,246943	3,047122
4,248606	3,048752
4,271889	3,049730
4,276878	3,052665
4,288519	3,052339
4,313465	3,055274
4,296834	3,054948
4,323443	3,057230
4,308476	3,058209
4,308476	3,060491
4,315128	3,062122
4,310139	3,061796
4,326769	3,065056
4,336747	3,065056
4,338410	3,068643
4,323443	3,068317
4,335084	3,070926
4,316791	3,071578
4,343400	3,073535
4,331758	3,074839
4,328432	3,075491
4,340074	3,078426
4,321780	3,079078
4,345063	3,082665
4,333421	3,082013
4,336747	3,084296
4,328432	3,084296
4,335084	3,087883
4,353378	3,087230
4,310139	3,090165
4,323443	3,090491
4,306813	3,092448
4,340074	3,093100
4,321780	3,096361
4,301823	3,095709
4,283530	3,099296
4,283530	3,098970
4,291845	3,101578
4,303486	3,101252
4,288519	3,105165
4,290182	3,104513
4,280204	3,107774
4,290182	3,107774
4,293508	3,110709
4,293508	3,110383
4,266899	3,113970
4,285193	3,112013
4,298497	3,114622
4,293508	3,116904
4,306813	3,118861
4,296834	3,120817
4,283530	3,122448
4,305150	3,123752
4,300160	3,124078
4,308476	3,127013
4,316791	3,126687
4,298497	3,130274
4,281867	3,130600
4,333421	3,132230
4,303486	3,133209
4,328432	3,134839
4,325106	3,137774
4,295171	3,136796
4,313465	3,140383
4,305150	3,140383
4,336747	3,142991
4,311802	3,142013
4,348389	3,144622
4,348389	3,145926
4,328432	3,147230
4,343400	3,150491
4,326769	3,149839
4,328432	3,153100
4,335084	3,152774
4,320117	3,154730
4,313465	3,157665
4,336747	3,157339
4,321780	3,160600
4,315128	3,158317
4,323443	3,162883
4,333421	3,165165
4,333421	3,164839
4,310139	3,166796
4,325106	3,169731
4,315128	3,169404
4,293508	3,172013
4,320117	3,172013
4,303486	3,173970
4,316791	3,176578
4,296834	3,176578
4,318454	3,178209
4,333421	3,181796
4,288519	3,181144
4,300160	3,183426
4,323443	3,185057
4,296834	3,186035
4,291845	3,187991
4,286856	3,189296
4,288519	3,190600
4,278541	3,193535
4,280204	3,192883
4,283530	3,194839
4,305150	3,196470
4,270226	3,197122
4,265236	3,198426
4,253595	3,200709
4,251932	3,202339
4,246943	3,203318
4,243617	3,205274
4,243617	3,206252
4,228649	3,206904
4,233639	3,210818
4,251932	3,210491
4,226986	3,211470
4,245280	3,214078
4,225323	3,215709
4,217008	3,214405
4,197051	3,219948
4,213682	3,220926
4,202041	3,220926
4,212019	3,223535
4,200378	3,223861
4,183747	3,225165
4,200378	3,228100
4,221997	3,228100
4,215345	3,229078
4,195388	3,232665
4,202041	3,233644
4,187073	3,233644
4,190399	3,236578
4,195388	3,238861
4,177095	3,238535
4,167117	3,239839
4,197051	3,242122
4,175432	3,243100
4,162128	3,244078
4,147160	3,247013
4,163791	3,247665
4,108910	3,248970
4,147160	3,250600
4,123877	3,252231
4,105584	3,253535
4,102258	3,252883
4,095606	3,256796
4,092280	3,256796
4,098932	3,259079
4,082301	3,260383
4,044051	3,263318
4,083964	3,263970
4,059019	3,264622
4,029084	3,266579
4,064008	3,268535
4,035736	3,269513
4,029084	3,270818
4,042388	3,270818
4,004138	3,272448
3,982518	3,276687
4,019105	3,277992
3,979192	3,278970
3,982518	3,277013
3,959236	3,281252
3,949258	3,283535
3,932627	3,284513
3,929301	3,283535
3,907681	3,286470
3,912671	3,289079
3,902692	3,289731
3,894377	3,291361
3,849475	3,292992
3,854464	3,293318
3,827855	3,295600
3,789605	3,298209
3,777964	3,299513
3,749692	3,301144
3,746366	3,300492
3,723083	3,302448
3,696474	3,304405
3,691485	3,307013
3,673192	3,308970
3,691485	3,308970
3,664877	3,310274
3,668203	3,310926
3,664877	3,314187
3,649909	3,316144
3,683170	3,317448
3,683170	3,318426
3,651572	3,318753
3,671529	3,320057
3,689822	3,322992
3,689822	3,324296
3,658224	3,325600
3,668203	3,325926
3,681507	3,327883
3,651572	3,330492
3,674855	3,331796
3,648246	3,333426
3,656561	3,334405
3,678181	3,335057
3,673192	3,336361
3,681507	3,337992
3,669866	3,339296
3,653235	3,341905
3,669866	3,343861
3,671529	3,344840
3,699801	3,346144
3,663214	3,346470
3,669866	3,348427
3,673192	3,349731
3,659887	3,352013
3,678181	3,353970
3,673192	3,355274
3,688159	3,357231
3,693148	3,356579
3,676518	3,357883
3,674855	3,359513
3,709779	3,361796
3,691485	3,364405
3,671529	3,365383
3,653235	3,366361
3,679844	3,368644
3,698137	3,370600
3,668203	3,370274
3,663214	3,371579
3,664877	3,372883
3,673192	3,373861
3,678181	3,376470
3,653235	3,377448
3,688159	3,380057
3,691485	3,381687
3,689822	3,382992
3,678181	3,384296
3,684833	3,386905
3,658224	3,387883
3,679844	3,388209
3,686496	3,389187
3,664877	3,390818
3,648246	3,392122
3,681507	3,393427
3,641594	3,394079
3,699801	3,396361
3,659887	3,397666
3,673192	3,398970
3,656561	3,400927
3,663214	3,401905
3,671529	3,403861
3,686496	3,405492
3,659887	3,407448
3,669866	3,409079
3,679844	3,411687
3,689822	3,413318
3,678181	3,414296
3,686496	3,415927
3,661550	3,417557
3,683170	3,417557
3,666540	3,419188
3,668203	3,421144
3,663214	3,422774
3,676518	3,423753
3,689822	3,424405
3,678181	3,426688
3,671529	3,427992
3,674855	3,429622
3,658224	3,430927
3,674855	3,432231
3,683170	3,433861
3,668203	3,434514
3,673192	3,436796
3,659887	3,438753
3,686496	3,440383
3,681507	3,441361
3,674855	3,442666
3,668203	3,445275
3,666540	3,445927
3,678181	3,447883
3,686496	3,448535
3,678181	3,450818
3,678181	3,451144
3,659887	3,453101
3,666540	3,454731
3,671529	3,456688
3,671529	3,457014
3,654898	3,458970
3,656561	3,458970
3,683170	3,460275
3,663214	3,462557
3,679844	3,463535
3,658224	3,466470
3,664877	3,469079
3,674855	3,469405
3,668203	3,470383
3,673192	3,471688
3,638268	3,472666
3,649909	3,473318
3,674855	3,475275
3,664877	3,476579
3,666540	3,479188
3,659887	3,480818
3,656561	3,481796
3,663214	3,484405
3,664877	3,485383
3,663214	3,487014
3,673192	3,487666
3,698137	3,488644
3,664877	3,489622
3,656561	3,491253
3,681507	3,493862
3,666540	3,495166
3,673192	3,497122
3,669866	3,499405
3,678181	3,500383
3,671529	3,501035
3,673192	3,502014
3,641594	3,502666
3,659887	3,504296
3,663214	3,506253
3,656561	3,508536
3,653235	3,511144
3,673192	3,512775
3,663214	3,513101
3,663214	3,514079
3,659887	3,514405
3,703127	3,516036
3,673192	3,519622
3,668203	3,521253
3,659887	3,521579
3,669866	3,521579
3,658224	3,522883
3,654898	3,525818
3,676518	3,529079
3,668203	3,529079
3,666540	3,529731
3,669866	3,530057
3,664877	3,532992
3,656561	3,535275
3,641594	3,536253
3,663214	3,537883
3,653235	3,538209
3,664877	3,540818
3,659887	3,543101
3,674855	3,543753
3,663214	3,544405
3,639931	3,546036
3,666540	3,548318
3,656561	3,549623
3,664877	3,550275
3,671529	3,551253
3,674855	3,553210
3,663214	3,555492
3,678181	3,556144
3,666540	3,557775
3,688159	3,558753
3,656561	3,561688
3,654898	3,562666
3,674855	3,563970
3,674855	3,563970
3,663214	3,566905
3,646583	3,568862
3,668203	3,570166
3,664877	3,570492
3,679844	3,572775
3,701464	3,574731
3,646583	3,576362
3,674855	3,577014
3,686496	3,577340
3,681507	3,580927
3,663214	3,582231
3,644920	3,581253
3,656561	3,582883
3,666540	3,586144
3,674855	3,587775
3,684833	3,588101
3,673192	3,589731
3,679844	3,592014
3,669866	3,593970
3,673192	3,593644
3,674855	3,596905
3,654898	3,597231
3,639931	3,599188
3,671529	3,600166
3,658224	3,603101
3,676518	3,604405
3,676518	3,604405
3,671529	3,606362
3,659887	3,608970
3,653235	3,609949
3,669866	3,609949
3,666540	3,612557
3,648246	3,614188
3,671529	3,614514
3,679844	3,617449
3,683170	3,618753
3,661550	3,618753
3,659887	3,620384
3,671529	3,623971
3,649909	3,623318
3,664877	3,623644
3,663214	3,628210
3,653235	3,628210
3,663214	3,628862
3,669866	3,632123
3,661550	3,633101
3,676518	3,634079
3,673192	3,636688
3,656561	3,635710
3,644920	3,638318
3,678181	3,641579
3,681507	3,640601
3,668203	3,642884
3,661550	3,644840
3,658224	3,645166
3,663214	3,647449
3,681507	3,649405
3,674855	3,649731
3,671529	3,652992
3,674855	3,653318
3,661550	3,653971
3,666540	3,656905
3,691485	3,656253
3,674855	3,659188
3,668203	3,660818
3,664877	3,662123
3,643257	3,664405
3,648246	3,664405
3,691485	3,666688
3,678181	3,667992
3,693148	3,668971
3,686496	3,670601
3,676518	3,671253
3,654898	3,674840
3,658224	3,674840
3,658224	3,677449
3,683170	3,678427
3,689822	3,679079
3,681507	3,681688
3,676518	3,681362
3,689822	3,684297
3,684833	3,684297
3,681507	3,687884
3,669866	3,687558
3,679844	3,690166
3,663214	3,690818
3,666540	3,693427
3,674855	3,694405
3,679844	3,695710
3,653235	3,697666
3,649909	3,698645
3,666540	3,700275
3,676518	3,701253
3,664877	3,703862
3,658224	3,703536
3,663214	3,706797
3,658224	3,706471
3,683170	3,709405
3,658224	3,710058
3,671529	3,712666
3,694811	3,712340
3,668203	3,715927
3,654898	3,715927
3,699801	3,717884
3,663214	3,717884
3,658224	3,720492
3,658224	3,721145
3,671529	3,724079
3,661550	3,724405
3,671529	3,727014
3,644920	3,727992
3,654898	3,730275
3,649909	3,730275
3,663214	3,732232
3,654898	3,733210
3,671529	3,734840
3,654898	3,736145
3,694811	3,737449
3,676518	3,740058
3,674855	3,740710
3,661550	3,743645
3,666540	3,743319
3,666540	3,746253
3,654898	3,746579
3,681507	3,748862
3,669866	3,748210
3,663214	3,752775
3,684833	3,751797
3,673192	3,754732
3,688159	3,754732
3,686496	3,756688
3,664877	3,759297
3,663214	3,760601
3,669866	3,763536
3,673192	3,762232
3,671529	3,766145
3,683170	3,766145
3,651572	3,768427
3,681507	3,769079
3,653235	3,770384
3,676518	3,772993
3,679844	3,772340
3,671529	3,774297
3,679844	3,776253
3,679844	3,777558
3,674855	3,779840
3,664877	3,779188
3,646583	3,782449
3,693148	3,783753
3,664877	3,785058
3,694811	3,787340
3,671529	3,787993
3,694811	3,789949
3,709779	3,791580
3,681507	3,791580
3,708116	3,794840
3,698137	3,794840
3,696474	3,796797
3,691485	3,798753
3,689822	3,798427
3,704790	3,800710
3,691485	3,802667
3,691485	3,802993
3,691485	3,806906
3,704790	3,806906
3,676518	3,807232
3,726409	3,810493
3,728072	3,812449
3,739714	3,812123
3,726409	3,814080
3,716431	3,816362
3,719757	3,817014
3,704790	3,817340
3,719757	3,820601
3,716431	3,822232
3,714768	3,821906
3,703127	3,824514
3,716431	3,826797
3,729735	3,827123
3,729735	3,827449
3,716431	3,831362
3,716431	3,832667
3,729735	3,832667
3,731398	3,833971
3,724746	3,836906
3,719757	3,837884
3,721420	3,838210
3,726409	3,841145
3,749692	3,843754
3,709779	3,843754
3,721420	3,844406
3,748029	3,846036
3,718094	3,848971
3,751355	3,849297
3,738051	3,849949
3,731398	3,851580
3,729735	3,854188
3,741377	3,855819
3,719757	3,856797
3,751355	3,856797
3,743040	3,860058
3,738051	3,862014
3,744703	3,862993
3,739714	3,863645
3,733061	3,864297
3,731398	3,866580
3,753018	3,868536
3,731398	3,870493
3,744703	3,871471
3,751355	3,872123
3,729735	3,873754
3,762996	3,875710
3,741377	3,878645
3,749692	3,878971
3,751355	3,880275
3,764659	3,880928
3,751355	3,882558
3,756344	3,884841
3,748029	3,885493
3,753018	3,888754
3,744703	3,888754
3,746366	3,890710
3,736388	3,891688
3,756344	3,892015
3,756344	3,893645
3,744703	3,895601
3,776301	3,897232
3,728072	3,899515
3,758007	3,900819
3,741377	3,902123
3,746366	3,904406
3,761333	3,905710
3,738051	3,907341
3,764659	3,907993
3,761333	3,909623
3,753018	3,910275
3,759670	3,911254
3,758007	3,913210
3,746366	3,914188
3,748029	3,915493
3,761333	3,917449
3,753018	3,918428
3,754681	3,917449
3,748029	3,921688
3,749692	3,923971
3,756344	3,924623
3,777964	3,926254
3,786279	3,927884
3,776301	3,929515
3,774638	3,931145
3,753018	3,931145
3,766322	3,934732
3,759670	3,936362
3,777964	3,936689
3,784616	3,938645
3,787942	3,940928
3,761333	3,942558
3,767985	3,943536
3,774638	3,944515
3,769648	3,946797
3,759670	3,948102
3,779627	3,949406
3,779627	3,950710
3,772975	3,950710
3,782953	3,953971
3,772975	3,956906
3,759670	3,955928
3,758007	3,957232
3,759670	3,956580
3,779627	3,960819
3,766322	3,962449
3,769648	3,964406
3,771312	3,965710
3,756344	3,967015
3,766322	3,967667
3,776301	3,969623
3,764659	3,972232
3,776301	3,973210
3,776301	3,973862
3,761333	3,974841
3,791268	3,976797
3,779627	3,977776
3,784616	3,979732
3,769648	3,979080
3,764659	3,981036
3,751355	3,983319
3,766322	3,985276
3,762996	3,985602
3,754681	3,988536
3,759670	3,989841
3,756344	3,991471
3,756344	3,992449
3,782953	3,995058
3,753018	3,996036
3,743040	3,996036
3,743040	3,997341
3,769648	3,998971
3,766322	3,999623
3,748029	4,002884
3,771312	4,005167
3,756344	4,006471
3,789605	4,008754
3,764659	4,009080
3,729735	4,009406
3,729735	4,010384
3,754681	4,012341
3,761333	4,013971
3,751355	4,016906
3,769648	4,019189
3,762996	4,020167
3,764659	4,020819
3,753018	4,021145
3,772975	4,021797
3,769648	4,023754
3,749692	4,025384
3,766322	4,027667
3,733061	4,030276
3,766322	4,030928
3,781290	4,032884
3,771312	4,033863
3,761333	4,033863
3,749692	4,035819
3,756344	4,038428
3,774638	4,040058
3,758007	4,042015
3,774638	4,043645
3,753018	4,043645
3,762996	4,043645
3,761333	4,045276
3,731398	4,048863
3,776301	4,051145
3,746366	4,051471
3,777964	4,052124
3,769648	4,053102
3,771312	4,054080
3,776301	4,057015
3,756344	4,060276
3,758007	4,059950
3,767985	4,060928
3,741377	4,061580
3,761333	4,063863
3,744703	4,065819
3,758007	4,068102
3,749692	4,070058
3,734725	4,069080
3,748029	4,071363
3,756344	4,073319
3,759670	4,075602
3,728072	4,076580
3,738051	4,077232
3,761333	4,078211
3,769648	4,080493
3,756344	4,083102
3,743040	4,083754
3,736388	4,084732
3,734725	4,084732
3,741377	4,087993
3,744703	4,090276
3,738051	4,091580
3,746366	4,091906
3,728072	4,092884
3,761333	4,095819
3,736388	4,097776
3,729735	4,097776
3,739714	4,098754
3,729735	4,102015
3,728072	4,102015
3,741377	4,103645
3,734725	4,103645
3,748029	4,107232
3,729735	4,108863
3,724746	4,110493
3,719757	4,111145
3,731398	4,113428
3,726409	4,114732
3,724746	4,115711
3,729735	4,117015
3,728072	4,119950
3,718094	4,118971
3,729735	4,121580
3,719757	4,122558
3,703127	4,123537
3,684833	4,124841
3,699801	4,129406
3,691485	4,128428
3,684833	4,129406
3,698137	4,132667
3,689822	4,132993
3,716431	4,133971
3,716431	4,136580
3,683170	4,138211
3,721420	4,139189
3,706453	4,140493
3,704790	4,142450
3,689822	4,142450
3,679844	4,145711
3,716431	4,147341
3,686496	4,147341
3,698137	4,150276
3,671529	4,151580
3,706453	4,151906
3,699801	4,153863
3,701464	4,155819
3,701464	4,155493
3,701464	4,159080
3,689822	4,160058
3,724746	4,160385
3,706453	4,162993
3,713105	4,163972
3,708116	4,163972
3,693148	4,167885
3,691485	4,168537
3,693148	4,168863
3,716431	4,171798
3,708116	4,172450
3,723083	4,173428
3,703127	4,177015
3,711442	4,176363
3,733061	4,178319
3,741377	4,180928
3,716431	4,181580
3,719757	4,182885
3,719757	4,185167
3,746366	4,184841
3,734725	4,188102
3,748029	4,189732
3,759670	4,189406
3,746366	4,192667
3,739714	4,193319
3,743040	4,194624
3,726409	4,196580
3,753018	4,197232
3,787942	4,199841
3,753018	4,200493
3,761333	4,201798
3,753018	4,204080
3,774638	4,203754
3,771312	4,207015
3,761333	4,207341
3,749692	4,208646
3,756344	4,211906
3,776301	4,211254
3,764659	4,214515
3,756344	4,214189
3,767985	4,216798
3,764659	4,218102
3,789605	4,220059
3,754681	4,221363
3,762996	4,222015
3,777964	4,223646
3,749692	4,223972
3,779627	4,227885
3,792931	4,226906
3,772975	4,230493
3,756344	4,229515
3,786279	4,233428
3,766322	4,233754
3,759670	4,235711
3,764659	4,236689
3,776301	4,238646
3,776301	4,239950
3,771312	4,241906
3,769648	4,243537
3,764659	4,244189
3,756344	4,244515
3,748029	4,248754
3,766322	4,247776
3,799583	4,251363
3,772975	4,250385
3,806236	4,253646
3,777964	4,253320
3,796257	4,256254
3,772975	4,257233
3,786279	4,259841
3,753018	4,260493
3,789605	4,263428
3,787942	4,262450
3,771312	4,265711
3,789605	4,265385
3,796257	4,269624
3,822866	4,269624
3,799583	4,271580
3,769648	4,272233
3,774638	4,274841
3,789605	4,275167
3,767985	4,276472
3,792931	4,278754
3,771312	4,278428
3,792931	4,281689
3,789605	4,282015
3,764659	4,285276
3,799583	4,285276
3,759670	4,286907
3,769648	4,288211
3,787942	4,289189
3,784616	4,292450
3,761333	4,291472
3,786279	4,295059
3,774638	4,295711
3,787942	4,297341
3,777964	4,298646
3,789605	4,298972
3,774638	4,302885
3,796257	4,301581
3,806236	4,304515
3,772975	4,306146
3,776301	4,307776
3,762996	4,310059
3,781290	4,309407
3,787942	4,312015
3,782953	4,312667
3,766322	4,314624
3,761333	4,316907
3,771312	4,317559
3,797920	4,319841
3,786279	4,321798
3,777964	4,320820
3,761333	4,323102
3,762996	4,326037
3,782953	4,324733
3,787942	4,328320
3,766322	4,329624
3,789605	4,329624
3,777964	4,333211
3,777964	4,335168
3,767985	4,334189
3,777964	4,336472
3,774638	4,339081
3,771312	4,339733
3,782953	4,340385
3,786279	4,343972
3,786279	4,343972
3,774638	4,344298
3,781290	4,347233
3,766322	4,348537
3,782953	4,348537
3,789605	4,352450
3,779627	4,354407
3,782953	4,354733
3,779627	4,355059
3,787942	4,357668
3,801246	4,358972
3,761333	4,359624
3,774638	4,360928
3,782953	4,363211
3,781290	4,365494
3,782953	4,366146
3,779627	4,366472
3,794594	4,368755
3,784616	4,370711
3,789605	4,372342
3,776301	4,372342
3,777964	4,374298
3,781290	4,376581
3,782953	4,378537
3,772975	4,379515
3,772975	4,379842
3,772975	4,381798
3,781290	4,384407
3,762996	4,386037
3,771312	4,387994
3,766322	4,388646
3,758007	4,388972
3,772975	4,391255
3,784616	4,393863
3,759670	4,395494
3,758007	4,395494
3,761333	4,395494
3,776301	4,396798
3,789605	4,400059
3,782953	4,402015
3,802909	4,403320
3,759670	4,403646
3,758007	4,403972
3,758007	4,406907
3,769648	4,408863
3,744703	4,411146
3,764659	4,411146
3,741377	4,412450
3,777964	4,413429
3,766322	4,415385
3,753018	4,418320
3,776301	4,419624
3,762996	4,419950
3,759670	4,420929
3,756344	4,422559
3,749692	4,424842
3,746366	4,427124
3,754681	4,428102
3,762996	4,429733
3,748029	4,430385
3,761333	4,431037
3,748029	4,432994
3,736388	4,435276
3,756344	4,435603
3,764659	4,438537
3,738051	4,439189
3,764659	4,440168
3,739714	4,441146
3,741377	4,443429
3,751355	4,444733
3,756344	4,447994
3,769648	4,447994
3,749692	4,449298
3,749692	4,449950
3,739714	4,450603
3,753018	4,452885
3,769648	4,455820
3,753018	4,457450
3,756344	4,459081
3,744703	4,460385
3,759670	4,459081
3,749692	4,462668
3,751355	4,463646
3,716431	4,464298
3,739714	4,464950
3,731398	4,468537
3,753018	4,470494
3,746366	4,470820
3,761333	4,471798
3,743040	4,474407
3,724746	4,475385
3,753018	4,477016
3,723083	4,477016
3,728072	4,479298
3,744703	4,480277
3,762996	4,481907
3,728072	4,483537
3,719757	4,485494
3,738051	4,486798
3,718094	4,487777
3,718094	4,490059
3,706453	4,488755
3,729735	4,492668
3,716431	4,493972
3,739714	4,496581
3,734725	4,497559
3,719757	4,500494
3,738051	4,501798
3,739714	4,500820
3,738051	4,503429
3,716431	4,506037
3,746366	4,506364
3,701464	4,507994
3,736388	4,507668
3,729735	4,509950
3,729735	4,511907
3,713105	4,513211
3,716431	4,515168
3,738051	4,515494
3,723083	4,517777
3,699801	4,519407
3,706453	4,520059
3,713105	4,520059
3,708116	4,522994
3,744703	4,524298
3,736388	4,525603
3,721420	4,526907
3,728072	4,528864
3,716431	4,530494
3,716431	4,531146
3,721420	4,532777
3,708116	4,534733
3,731398	4,536690
3,724746	4,537994
3,721420	4,539298
3,721420	4,540929
3,718094	4,542559
3,684833	4,545168
3,683170	4,546472
3,721420	4,547451
3,716431	4,550385
3,671529	4,550059
3,673192	4,552342
3,689822	4,553646
3,684833	4,554624
3,671529	4,554624
3,649909	4,556907
3,696474	4,558864
3,693148	4,560168
3,688159	4,561798
3,699801	4,564407
3,709779	4,566038
3,668203	4,567016
3,673192	4,568646
3,674855	4,569624
3,671529	4,571581
3,706453	4,571907
3,703127	4,572885
3,676518	4,575168
3,673192	4,577451
3,699801	4,578429
3,686496	4,580385
3,689822	4,581690
3,678181	4,582994
3,683170	4,584625
3,673192	4,584625
3,681507	4,585929
3,664877	4,587885
3,716431	4,590494
3,678181	4,592125
3,669866	4,593755
3,666540	4,594407
3,696474	4,595385
3,693148	4,597342
3,693148	4,598972
3,688159	4,601255
3,691485	4,602233
3,673192	4,603538
3,669866	4,604190
3,678181	4,605820
3,688159	4,606146
3,691485	4,608755
3,669866	4,612342
3,689822	4,612342
3,683170	4,613320
3,671529	4,614298
3,681507	4,616255
3,678181	4,617559
3,681507	4,619190
3,693148	4,620494
3,674855	4,621472
3,678181	4,622125
3,674855	4,625059
3,663214	4,627016
3,693148	4,627994
3,729735	4,628320
3,724746	4,630277
3,709779	4,632885
3,683170	4,633864
3,696474	4,634842
3,694811	4,635820
3,703127	4,638429
3,674855	4,640059
3,691485	4,640059
3,708116	4,642016
3,691485	4,644625
3,699801	4,645929
3,684833	4,646255
3,688159	4,648212
3,686496	4,650494
3,704790	4,652451
3,726409	4,651799
3,683170	4,653429
3,693148	4,656690
3,689822	4,658320
3,683170	4,656690
3,706453	4,660929
3,684833	4,662559
3,683170	4,661581
3,689822	4,663538
3,704790	4,666799
3,691485	4,667125
3,693148	4,668429
3,701464	4,671364
3,673192	4,671690
3,684833	4,671690
3,688159	4,675277
3,699801	4,675929
3,704790	4,677559
3,698137	4,680820
3,691485	4,680494
3,681507	4,681799
3,681507	4,684407
3,668203	4,684407
3,686496	4,687016
3,704790	4,688646
3,679844	4,688646
3,699801	4,692560
3,701464	4,691255
3,676518	4,693212
3,709779	4,696473
3,708116	4,696146
3,676518	4,698429
3,686496	4,699733
3,689822	4,701364
3,681507	4,703646
3,671529	4,702668
3,691485	4,706907
3,691485	4,706581
3,709779	4,709190
3,691485	4,709516
3,683170	4,711147
3,684833	4,713429
3,681507	4,713755
3,698137	4,716038
3,683170	4,716038
3,698137	4,719625
3,686496	4,720277
3,698137	4,721907
3,676518	4,723538
3,681507	4,725820
3,679844	4,725168
3,686496	4,727451
3,694811	4,729081
3,698137	4,729407
3,681507	4,731690
3,689822	4,732668
3,669866	4,734625
3,688159	4,735929
3,676518	4,738538
3,689822	4,739190
3,693148	4,740168
3,689822	4,742125
3,684833	4,743103
3,671529	4,745060
3,679844	4,746038
3,693148	4,747994
3,668203	4,749951
3,703127	4,751907
3,676518	4,752560
3,669866	4,754842
3,669866	4,754842
3,678181	4,757777
3,666540	4,758103
3,673192	4,761038
3,703127	4,760060
3,716431	4,763647
3,696474	4,764299
3,691485	4,765277
3,711442	4,767886
3,686496	4,767886
3,691485	4,770168
3,684833	4,769842
3,696474	4,774081
3,691485	4,773755
3,689822	4,777016
3,694811	4,777016
3,683170	4,777668
3,694811	4,780929
3,708116	4,780929
3,663214	4,783864
3,683170	4,783864
3,686496	4,786147
3,691485	4,787777
3,701464	4,788429
3,689822	4,791364
3,681507	4,791038
3,691485	4,792668
3,698137	4,795603
3,731398	4,796581
3,704790	4,799190
3,706453	4,797886
3,684833	4,801147
3,711442	4,802451
3,689822	4,802777
3,668203	4,806364
3,696474	4,807016
3,691485	4,807342
3,688159	4,810277
3,689822	4,810277
3,689822	4,812234
3,676518	4,814842
3,683170	4,814516
3,671529	4,816147
3,714768	4,818429
3,698137	4,818103
3,701464	4,821364
3,708116	4,822342
3,674855	4,823321
3,699801	4,826582
3,673192	4,826255
3,689822	4,828212
3,689822	4,830495
3,701464	4,830821
3,693148	4,831799
3,736388	4,834734
3,676518	4,835060
3,706453	4,836038
3,706453	4,839625
3,721420	4,841582
3,708116	4,841255
3,711442	4,842560
3,679844	4,844842
3,686496	4,846147
3,689822	4,846147
3,711442	4,849082
3,669866	4,850386
3,696474	4,850712
3,679844	4,852995
3,689822	4,855603
3,704790	4,856908
3,709779	4,856255
3,689822	4,859190
3,694811	4,861799
3,691485	4,862125
3,706453	4,863103
3,703127	4,865712
3,688159	4,866364
3,696474	4,867016
3,696474	4,868647
3,686496	4,871582
3,708116	4,872234
3,711442	4,872234
3,761333	4,874190
3,703127	4,876799
3,709779	4,879082
3,691485	4,880060
3,716431	4,880060
3,689822	4,882342
3,716431	4,885277
3,703127	4,884625
4,103921	4,886256
4,029084	4,888212
3,954247	4,890821
3,899366	4,890495
3,861116	4,891473
3,852801	4,894082
3,844486	4,897016
3,826192	4,897669
3,826192	4,898321
3,831181	4,899299
3,839496	4,902234
3,836170	4,903864
3,841160	4,904190
3,824529	4,904843
3,824529	4,907125
3,826192	4,909408
3,837833	4,911364
3,836170	4,911364
3,811225	4,912669
3,841160	4,914299
3,849475	4,916908
3,836170	4,918212
3,847812	4,920169
3,821203	4,920169
3,817877	4,920495
3,822866	4,922777
3,812888	4,925060
3,827855	4,926690
3,837833	4,928321
3,851138	4,929299
3,837833	4,929625
3,844486	4,931256
3,832844	4,933212
3,829518	4,935495
3,829518	4,937777
3,822866	4,938430
3,834507	4,940386
3,827855	4,941038
3,826192	4,942017
3,831181	4,943321
3,831181	4,945277
3,837833	4,947234
3,826192	4,949517
3,829518	4,950821
3,859453	4,952125
3,832844	4,953103
3,829518	4,954408
3,831181	4,956038
3,819540	4,956364
3,811225	4,958321
3,824529	4,959951
3,809562	4,960930
3,834507	4,962886
3,817877	4,964843
3,826192	4,967125
3,834507	4,969082
3,837833	4,970060
3,822866	4,971038
3,809562	4,972343
3,826192	4,973973
3,841160	4,975604
3,842823	4,976256
3,842823	4,976908
3,827855	4,979191
3,811225	4,979843
3,817877	4,981473
3,842823	4,983104
3,839496	4,984408
3,822866	4,986038
3,817877	4,987669
3,842823	4,988647
3,846149	4,989625
3,827855	4,991908
3,807899	4,992560
3,829518	4,994843
3,797920	4,995821
3,822866	4,997451
3,819540	4,999082
3,824529	5,001364
3,812888	5,002669
3,822866	5,003973
3,832844	5,005278
3,822866	5,006908
3,837833	5,009191
3,824529	5,010821
3,822866	5,011799
3,849475	5,013104
3,836170	5,015060
3,822866	5,016691
3,831181	5,017343
3,831181	5,019299
3,826192	5,019625
3,826192	5,021908
3,806236	5,021908
3,809562	5,023212
3,846149	5,024843
3,817877	5,026147
3,837833	5,028756
3,822866	5,029082
3,841160	5,031365
3,819540	5,034625
3,842823	5,035604
3,837833	5,037560
3,836170	5,038538
3,826192	5,038865
3,849475	5,040495
3,827855	5,041799
3,832844	5,042778
3,824529	5,044734
3,829518	5,046038
3,826192	5,048973
3,839496	5,050930
3,824529	5,051908
3,831181	5,052234
3,846149	5,053865
3,827855	5,054517
3,839496	5,055821
3,822866	5,057778
3,832844	5,060712
3,826192	5,061691
3,822866	5,063321
3,822866	5,064299
3,842823	5,064299
3,836170	5,066256
3,832844	5,067886
3,842823	5,070169
3,824529	5,071799
3,822866	5,072452
3,842823	5,075060
3,839496	5,075712
3,824529	5,076365
3,827855	5,078321
3,827855	5,080604
3,826192	5,083212
3,829518	5,083539
3,831181	5,084517
3,822866	5,085169
3,826192	5,086799
3,824529	5,090060
3,839496	5,090386
3,846149	5,091039
3,834507	5,092669
3,821203	5,093973
3,831181	5,096908
3,849475	5,098539
3,849475	5,098539
3,839496	5,099191
3,827855	5,101799
3,822866	5,104734
3,827855	5,104408
3,824529	5,105712
3,844486	5,107995
3,834507	5,109626
3,834507	5,111908
3,849475	5,111256
3,856127	5,113212
3,842823	5,115821
3,826192	5,116799
3,817877	5,118104
3,837833	5,119082
3,819540	5,120386
3,841160	5,122995
3,846149	5,124626
3,839496	5,123647
3,837833	5,126582
3,814551	5,129191
3,841160	5,129843
3,826192	5,130495
3,852801	5,132778
3,829518	5,135060
3,817877	5,135060
3,806236	5,136365
3,852801	5,139300
3,832844	5,140930
3,839496	5,140278
3,849475	5,141908
3,827855	5,145169
3,824529	5,146147
3,831181	5,147126
3,842823	5,149408
3,817877	5,150713
3,831181	5,151365
3,836170	5,154300
3,839496	5,155278
3,807899	5,155604
3,851138	5,158539
3,844486	5,159517
3,842823	5,159517
3,831181	5,162126
3,846149	5,165387
3,829518	5,165060
3,822866	5,167017
3,849475	5,168321
3,826192	5,169300
3,859453	5,172234
3,817877	5,171582
3,851138	5,173213
3,834507	5,175495
3,817877	5,175495
3,827855	5,178104
3,824529	5,180387
3,821203	5,181039
3,827855	5,182995
3,819540	5,182669
3,824529	5,185930
3,827855	5,187887
3,834507	5,188213
3,836170	5,190495
3,816214	5,191147
3,837833	5,192452
3,816214	5,194408
3,829518	5,194734
3,826192	5,197669
3,796257	5,198321
3,817877	5,199952
3,817877	5,201582
3,832844	5,202560
3,819540	5,205169
3,812888	5,204517
3,839496	5,208104
3,841160	5,208756
3,824529	5,210387
3,834507	5,212995
3,822866	5,212343
3,827855	5,215604
3,822866	5,215604
3,804572	5,217234
3,839496	5,219517
3,844486	5,220495
3,834507	5,222778
3,837833	5,223756
3,824529	5,225061
3,822866	5,225713
3,819540	5,228648
3,831181	5,229626
3,832844	5,230930
3,814551	5,232234
3,822866	5,233213
3,847812	5,236474
3,839496	5,236474
3,826192	5,238430
3,836170	5,239082
3,837833	5,242017
3,809562	5,241365
3,837833	5,244300
3,837833	5,244626
3,824529	5,248213
3,811225	5,247561
3,826192	5,251148
3,811225	5,250495
3,816214	5,253104
3,827855	5,253756
3,846149	5,257017
3,822866	5,255713
3,827855	5,258648
3,811225	5,259300
3,844486	5,261256
3,839496	5,261908
3,802909	5,264191
3,831181	5,266148
3,832844	5,267126
3,829518	5,268756
3,827855	5,270061
3,839496	5,272343
3,832844	5,272669
3,816214	5,274952
3,852801	5,275278
3,822866	5,277561
3,852801	5,278865
3,831181	5,280495
3,822866	5,282126
3,826192	5,282452
3,864442	5,285713
3,824529	5,285713
3,841160	5,288974
3,829518	5,289300
3,811225	5,289626
3,837833	5,292235
3,841160	5,291908
3,844486	5,295495
3,849475	5,296148
3,827855	5,298104
3,817877	5,300061
3,839496	5,300061
3,837833	5,302669
3,821203	5,304300
3,837833	5,305278
3,844486	5,306909
3,827855	5,307887
3,831181	5,310822
3,856127	5,310822
3,816214	5,311800
3,842823	5,315061
3,826192	5,314735
3,856127	5,315061
3,817877	5,318974
3,827855	5,318648
3,839496	5,322235
3,826192	5,323539
3,849475	5,323865
3,841160	5,325822
3,851138	5,328104
3,836170	5,328756
3,829518	5,330061
3,839496	5,332996
3,852801	5,333648
3,817877	5,333648
3,837833	5,335604
3,811225	5,337887
3,841160	5,337561
3,861116	5,339191
3,831181	5,342126
3,827855	5,343756
3,837833	5,344735
3,846149	5,345387
3,834507	5,348648
3,832844	5,350930
3,819540	5,350930
3,829518	5,351256
3,851138	5,353865
3,849475	5,355822
3,841160	5,356474
3,826192	5,357452
3,832844	5,358430
3,822866	5,360713
3,839496	5,362996
3,839496	5,364300
3,827855	5,364952
3,849475	5,365604
3,837833	5,368865
3,849475	5,369517
3,832844	5,371800
3,847812	5,372452
3,837833	5,373756
3,816214	5,374735
3,841160	5,376365
3,839496	5,379300
3,826192	5,380930
3,842823	5,382887
3,832844	5,382561
3,827855	5,384191
3,827855	5,385170
3,829518	5,384843
3,821203	5,389083
3,851138	5,391365
3,854464	5,391691
3,826192	5,392996
3,822866	5,394626
3,827855	5,394300
3,829518	5,396909
3,857790	5,398213
3,826192	5,398865
3,827855	5,401800
3,832844	5,403430
3,846149	5,405713
3,841160	5,406365
3,841160	5,407017
3,837833	5,409952
3,837833	5,410604
3,832844	5,410930
3,822866	5,412561
3,839496	5,415170
3,839496	5,415822
3,839496	5,418104
3,826192	5,420387
3,827855	5,421039
3,812888	5,422670
3,826192	5,423648
3,817877	5,423322
3,829518	5,425278
3,822866	5,426909
3,826192	5,428865
3,836170	5,429517
3,836170	5,433104
3,824529	5,434409
3,851138	5,436365
3,826192	5,437344
3,841160	5,438322
3,831181	5,441257
3,817877	5,441909
3,834507	5,443539
3,849475	5,445170
3,827855	5,446474
3,836170	5,448431
3,849475	5,450387
3,847812	5,451039
3,841160	5,452344
3,847812	5,453322
3,849475	5,453322
3,829518	5,456583
3,841160	5,458213
3,837833	5,459191
3,826192	5,460496
3,836170	5,461800
3,841160	5,463104
3,847812	5,465061
3,834507	5,466039
3,814551	5,467018
3,837833	5,468322
3,831181	5,469626
3,837833	5,471909
3,841160	5,473213
3,827855	5,475170
3,832844	5,476474
3,829518	5,478757
3,839496	5,480061
3,854464	5,480387
3,846149	5,482670
3,839496	5,483648
3,847812	5,485931
3,836170	5,486909
3,829518	5,488865
3,844486	5,490822
3,839496	5,491474
3,842823	5,493431
3,849475	5,494409
3,837833	5,496691
3,824529	5,497670
3,837833	5,499300
3,841160	5,499300
3,829518	5,500931
3,816214	5,501583
3,827855	5,503865
3,839496	5,504192
3,829518	5,506800
3,841160	5,509083
3,834507	5,510713
3,831181	5,511692
3,842823	5,513648
3,837833	5,515931
3,826192	5,515931
3,827855	5,517235
3,844486	5,518213
3,832844	5,518865
3,824529	5,520822
3,839496	5,524409
3,846149	5,525713
3,831181	5,527344
3,839496	5,528322
3,842823	5,529952
3,839496	5,530279
3,822866	5,531583
3,837833	5,534192
3,839496	5,536474
3,856127	5,537452
3,844486	5,538431
3,827855	5,538757
3,849475	5,540061
3,841160	5,542670
3,851138	5,544300
3,837833	5,545605
3,842823	5,546583
3,829518	5,547887
3,837833	5,548866
3,851138	5,551148
3,846149	5,553757
3,829518	5,555061
3,847812	5,554409
3,829518	5,555713
3,834507	5,558974
3,859453	5,560605
3,841160	5,561583
3,829518	5,562235
3,834507	5,564192
3,846149	5,566148
3,826192	5,567779
3,817877	5,568105
3,839496	5,569409
3,829518	5,572670
3,826192	5,572996
