1,163654	0,987226
1,522872	0,987552
1,699155	0,986248
1,594383	0,988857
1,411448	0,990813
1,622655	0,992118
1,349916	0,994400
1,233502	0,993422
1,760688	0,997335
1,557796	0,998313
1,599373	0,998639
1,803927	1,002552
1,755699	1,002226
1,845504	1,002552
1,492938	1,004835
1,601036	1,006465
1,724101	1,007118
1,354905	1,010379
1,394818	1,011357
1,438057	1,011683
1,582742	1,013966
1,511231	1,016574
1,441383	1,016574
1,674210	1,017879
1,491275	1,020161
1,700818	1,022770
1,556133	1,023096
1,541166	1,024074
1,611014	1,025705
1,517883	1,027661
1,496264	1,029618
1,557796	1,031248
1,526199	1,031574
1,715786	1,033205
1,649264	1,035487
1,581079	1,036466
1,522872	1,036792
1,807253	1,038096
1,566112	1,041031
1,582742	1,043313
1,551144	1,044618
1,572764	1,044618
1,396481	1,046248
1,542829	1,047226
1,496264	1,049509
1,419764	1,052118
1,529525	1,054400
1,574427	1,054726
1,650927	1,055053
1,456351	1,056031
1,519546	1,057661
1,832199	1,058966
1,509568	1,061574
1,374861	1,063531
1,467992	1,064509
1,551144	1,067118
1,602699	1,068096
1,556133	1,068422
1,780645	1,069400
1,629307	1,071357
1,378187	1,072335
1,446372	1,073966
1,341600	1,075596
1,481296	1,078205
1,561123	1,079835
1,519546	1,081466
1,674210	1,083422
1,705808	1,084400
1,649264	1,087009
1,737405	1,087009
1,685851	1,088966
1,645938	1,090270
1,689177	1,091574
1,474644	1,092227
1,463003	1,094509
1,526199	1,095487
1,428079	1,096792
1,674210	1,098748
1,409785	1,100379
1,522872	1,101357
1,767340	1,102661
1,755699	1,104618
1,677536	1,106900
1,622655	1,108205
1,501253	1,109835
1,361557	1,111466
1,647601	1,113096
1,526199	1,114074
1,419764	1,115705
1,551144	1,116683
1,521209	1,117009
1,576090	1,117661
1,576090	1,118966
1,629307	1,121248
1,602699	1,123857
1,694166	1,125814
1,657579	1,128096
1,767340	1,128748
1,507905	1,129074
1,472981	1,130053
1,594383	1,132661
1,609351	1,133966
1,783971	1,135596
1,694166	1,137227
1,496264	1,138205
1,773992	1,139835
1,522872	1,140161
1,401470	1,142118
1,389829	1,145379
1,339937	1,146357
1,519546	1,146357
1,630970	1,147335
1,592720	1,149944
1,614340	1,152227
1,652590	1,153857
1,512894	1,153205
1,531188	1,154835
1,521209	1,157770
1,511231	1,160379
1,700818	1,160379
1,662568	1,160379
1,717449	1,163640
1,501253	1,165922
1,546155	1,165922
1,532851	1,166901
1,644275	1,169835
1,536177	1,171140
1,592720	1,171140
1,504579	1,174075
1,431405	1,175705
1,667558	1,176683
1,547818	1,177661
1,401470	1,179292
1,454688	1,181248
1,339937	1,181901
1,544492	1,183857
1,554470	1,186466
1,729090	1,187444
1,541166	1,188096
1,827210	1,190705
1,592720	1,191683
1,521209	1,191031
1,371535	1,195270
1,616003	1,196575
1,524535	1,195922
1,339937	1,199509
1,614340	1,201792
1,474644	1,200488
1,639286	1,203096
1,544492	1,205379
1,536177	1,205379
1,454688	1,207988
1,499590	1,209944
1,574427	1,209618
1,507905	1,213205
1,534514	1,213205
1,559459	1,213205
1,497927	1,217444
1,406459	1,216466
1,487948	1,219401
1,443046	1,221031
1,353242	1,221357
1,398144	1,224944
1,567775	1,224944
1,554470	1,226575
1,426416	1,228857
1,329959	1,228205
1,486285	1,231792
1,351579	1,230162
1,354905	1,234075
1,384840	1,235379
1,364883	1,238314
1,497927	1,238640
1,514557	1,239618
1,349916	1,242553
1,514557	1,241575
1,188600	1,243857
1,384840	1,244509
1,434731	1,249075
1,181948	1,247444
1,306676	1,249727
1,308339	1,251683
1,403133	1,252662
1,196915	1,254944
1,640949	1,255270
1,356568	1,258205
1,226850	1,258531
1,431405	1,261466
1,305013	1,260814
1,401470	1,262770
1,321644	1,263749
1,463003	1,267336
1,389829	1,267009
1,336611	1,270270
1,464666	1,269618
1,424753	1,273205
1,366546	1,273531
1,394818	1,275488
1,381513	1,276792
1,448035	1,278423
1,298361	1,279727
1,491275	1,281031
1,328296	1,282988
1,408122	1,282662
1,378187	1,286901
1,411448	1,286249
1,577753	1,289183
1,531188	1,289836
1,216872	1,291140
1,486285	1,293749
1,308339	1,293096
1,393155	1,297010
1,414774	1,296683
1,361557	1,299618
1,509568	1,300923
1,662568	1,300923
1,419764	1,303857
1,526199	1,303531
1,489612	1,307444
1,453024	1,306792
1,582742	1,309075
1,354905	1,312010
1,612677	1,310705
1,374861	1,314618
1,295035	1,314292
1,326633	1,315597
1,324970	1,319183
1,413111	1,318857
1,323307	1,322118
1,486285	1,322770
1,384840	1,322770
1,433068	1,325705
1,487948	1,326031
1,268426	1,328314
1,364883	1,330270
1,356568	1,329944
1,482959	1,332227
1,433068	1,334836
1,551144	1,335488
1,421427	1,337770
1,547818	1,338423
1,446372	1,339401
1,321644	1,341684
1,581079	1,343966
1,295035	1,343314
1,409785	1,345923
1,230176	1,348531
1,521209	1,348205
1,634297	1,351140
1,571101	1,353097
1,552807	1,352444
1,589394	1,353423
1,660905	1,357010
1,587731	1,358314
1,642612	1,358314
1,793949	1,360271
1,707471	1,362879
1,587731	1,362553
1,953602	1,363857
1,991852	1,366792
2,306167	1,369075
2,229667	1,368749
2,146515	1,372010
2,321135	1,373314
2,312820	1,373966
2,502407	1,374292
2,344418	1,376901
2,627135	1,379184
2,720266	1,379836
2,607179	1,380814
2,314483	1,383097
2,477461	1,384401
2,558951	1,386031
2,680353	1,386684
2,728581	1,387336
2,547309	1,390597
2,615494	1,392553
2,775147	1,392553
2,625472	1,393858
2,813397	1,396792
2,657070	1,398749
2,502407	1,398749
2,723592	1,399075
2,949766	1,401358
2,746875	1,404292
2,879919	1,403966
2,696983	1,405923
2,859962	1,407227
2,567266	1,408858
2,859962	1,412118
2,753527	1,413097
2,741886	1,412118
2,504070	1,414075
2,427570	1,417336
2,623809	1,418640
2,964734	1,419292
2,740223	1,419945
2,484113	1,421901
2,382668	1,424836
2,487440	1,426140
2,640440	1,426466
2,425907	1,427118
2,232993	1,430053
2,400961	1,431358
2,193080	1,433640
2,302841	1,434292
1,986862	1,434945
2,292863	1,436575
1,986862	1,438858
2,091634	1,441792
1,988526	1,442445
1,767340	1,442771
1,599373	1,444401
1,536177	1,444727
1,353242	1,447662
1,458014	1,449945
1,635960	1,451249
1,463003	1,452879
1,722438	1,453532
1,448035	1,454184
1,604362	1,455814
1,591057	1,457445
1,497927	1,458749
1,428079	1,461684
1,579416	1,463640
1,494601	1,462988
1,524535	1,464292
1,418101	1,466249
1,481296	1,468206
1,497927	1,470814
1,438057	1,471792
1,434731	1,474075
1,261774	1,473749
1,496264	1,475379
1,562786	1,475706
1,295035	1,477662
1,303350	1,479945
1,481296	1,481901
1,519546	1,483532
1,783971	1,485162
1,489612	1,486792
1,561123	1,487771
1,464666	1,489075
1,614340	1,489727
1,396481	1,491358
1,433068	1,491684
1,486285	1,493640
1,489612	1,495597
1,386503	1,497553
1,438057	1,499510
1,369872	1,501793
1,654253	1,502445
1,512894	1,504727
1,679199	1,505053
1,537840	1,506684
1,517883	1,507662
1,501253	1,508640
1,243481	1,509945
1,514557	1,512553
1,301687	1,512227
1,403133	1,514836
1,301687	1,515814
1,576090	1,517445
1,541166	1,518749
1,614340	1,520380
1,675873	1,521358
1,564449	1,523640
1,541166	1,525271
1,443046	1,526901
1,401470	1,527880
1,574427	1,530814
1,456351	1,532119
1,695829	1,533749
1,569438	1,534727
1,343263	1,535706
1,522872	1,537988
1,283394	1,539945
1,374861	1,541249
1,499590	1,541901
1,767340	1,543206
1,612677	1,545162
1,531188	1,547119
1,581079	1,548423
1,391492	1,549075
1,514557	1,551358
1,596047	1,551684
1,341600	1,554293
1,419764	1,555597
1,662568	1,556575
1,364883	1,557554
1,667558	1,558858
1,547818	1,560488
1,740732	1,562119
1,616003	1,563423
1,449698	1,564727
1,729090	1,566032
1,895395	1,567336
1,571101	1,568967
1,850493	1,570923
1,732416	1,571249
1,898721	1,574184
1,936971	1,574510
1,707471	1,576793
1,785634	1,577771
2,030102	1,579075
2,070015	1,580380
2,344418	1,583314
2,164808	1,583967
2,119906	1,585597
2,252950	1,587227
2,151504	1,588532
2,143189	1,590814
2,028439	1,591141
2,153167	1,593749
1,983536	1,595706
2,106602	1,597336
2,415929	1,598314
2,138200	1,599945
2,076667	1,601249
2,094961	1,601901
2,203059	1,603532
2,252950	1,604510
2,133211	1,606793
1,858808	1,608423
2,124895	1,609075
2,153167	1,610380
2,058373	1,611032
2,213037	1,613314
2,199732	1,614293
1,888743	1,615271
2,033428	1,618206
2,119906	1,619184
2,035091	1,620814
1,865460	1,622119
2,031765	1,624401
1,953602	1,626684
1,990189	1,627988
1,915351	1,629293
2,040080	1,629945
2,040080	1,630923
1,986862	1,632554
1,935308	1,633206
1,780645	1,634836
1,873775	1,636141
1,760688	1,638097
1,790623	1,639728
1,679199	1,641032
1,822221	1,643641
1,699155	1,645271
1,642612	1,646249
1,700818	1,648206
1,564449	1,649836
1,695829	1,649836
1,777319	1,651467
1,752373	1,652119
1,599373	1,653749
1,569438	1,655706
1,705808	1,656684
1,827210	1,658967
1,660905	1,661575
1,514557	1,663532
1,867123	1,664510
1,740732	1,666467
1,915351	1,666141
1,744058	1,667771
1,905373	1,669075
1,840514	1,670054
1,727427	1,671358
1,793949	1,673967
2,013471	1,675923
2,068352	1,677228
2,013471	1,677880
2,070015	1,680489
1,908699	1,680815
2,093297	1,681793
2,223015	1,683423
2,194743	1,684728
1,960254	1,686358
2,071678	1,688641
2,000167	1,689945
1,986862	1,691576
1,936971	1,692554
2,204722	1,694184
2,046732	1,694836
1,983536	1,696141
2,332776	1,698749
2,226341	1,701032
2,006819	1,702010
1,978547	1,703967
2,267917	1,703967
2,035091	1,705271
2,058373	1,706576
2,003493	1,709184
2,046732	1,710162
2,118243	1,712119
2,040080	1,714076
1,993515	1,714728
2,206385	1,715706
1,910362	1,717336
1,898721	1,718315
2,093297	1,720923
1,820558	1,723532
2,116580	1,725163
2,010145	1,725815
2,156493	1,726793
2,038417	1,728097
2,129884	1,728097
1,976884	1,728097
1,822221	1,731684
2,086645	1,734945
1,973558	1,736576
1,965243	1,737228
2,063363	1,739184
1,822221	1,740163
2,119906	1,740815
1,872112	1,742119
1,737405	1,743097
1,800601	1,744728
1,665894	1,746358
1,689177	1,747010
1,529525	1,751250
1,677536	1,752880
2,033428	1,753206
1,773992	1,753858
1,863797	1,755489
1,813906	1,756467
1,872112	1,758423
1,773992	1,760706
2,266254	1,762989
2,211374	1,763315
1,975221	1,766250
2,389320	1,766250
2,065026	1,767228
2,269580	1,769184
2,349407	1,769510
2,287874	1,771793
2,241309	1,774728
2,465820	1,775706
2,351070	1,775380
2,563940	1,777989
2,765168	1,778315
2,766831	1,780923
2,540657	1,782228
2,652081	1,783206
2,440874	1,784837
2,703636	1,786793
2,538994	1,789076
2,545646	1,790706
2,751864	1,792663
2,657070	1,792337
2,795103	1,793315
2,816723	1,793967
2,808408	1,795924
2,612168	1,798206
2,904864	1,800489
2,680353	1,802445
2,976375	1,804402
2,598864	1,804728
2,738560	1,805706
2,726918	1,807011
2,844995	1,807989
2,906527	1,809619
3,031256	1,810271
2,851647	1,812228
2,645429	1,814837
2,648755	1,817445
2,730244	1,818424
2,562277	1,820054
2,612168	1,821032
2,753527	1,822011
2,612168	1,822989
2,376015	1,823967
2,642103	1,825597
2,780136	1,826250
2,731907	1,829184
2,693657	1,831467
2,657070	1,833424
2,510722	1,835054
2,439211	1,836358
2,287874	1,837663
2,580570	1,838315
2,218026	1,838967
2,349407	1,840924
2,213037	1,841902
2,439211	1,843206
2,169798	1,845815
2,128221	1,847771
2,104939	1,848750
1,838851	1,851358
1,808916	1,851685
1,825547	1,852989
1,790623	1,852663
1,795612	1,854293
1,660905	1,856902
1,622655	1,858858
1,620992	1,860815
1,910362	1,862445
1,727427	1,864402
1,833862	1,866032
1,828873	1,866685
1,734079	1,867663
1,735742	1,868641
1,694166	1,870598
1,805590	1,871576
1,985199	1,873206
1,714123	1,874185
1,719112	1,877119
1,576090	1,878424
1,892069	1,880380
1,710797	1,882011
1,699155	1,882337
1,635960	1,882663
1,499590	1,883967
1,694166	1,885924
1,544492	1,887880
1,536177	1,889837
1,960254	1,892772
1,740732	1,894076
1,880427	1,894402
1,778982	1,895380
1,662568	1,896359
1,858808	1,897663
1,551144	1,898967
1,542829	1,900924
1,822221	1,903859
1,734079	1,905163
1,519546	1,906467
1,714123	1,907445
1,659242	1,909076
1,754036	1,910706
1,760688	1,911359
1,725764	1,911685
1,777319	1,912989
1,813906	1,914619
1,624318	1,917228
1,805590	1,920489
1,734079	1,921793
1,675873	1,923098
1,662568	1,923424
1,609351	1,924728
1,625981	1,925054
1,833862	1,927011
1,827210	1,928641
1,685851	1,930598
1,800601	1,932880
1,571101	1,934185
1,670884	1,936141
1,647601	1,938098
1,597710	1,938424
1,616003	1,938750
1,635960	1,940380
1,720775	1,941685
1,767340	1,942989
1,788960	1,945598
1,644275	1,947228
1,632634	1,947880
1,637623	1,950163
1,735742	1,950489
1,606025	1,951467
1,634297	1,954728
1,634297	1,956033
1,759025	1,957337
1,709134	1,959293
1,807253	1,960598
1,674210	1,960924
1,956928	1,962228
1,778982	1,963533
1,584405	1,965815
1,659242	1,968098
1,694166	1,970380
1,862134	1,971359
1,803927	1,972663
1,890406	1,974293
1,991852	1,973641
1,606025	1,974946
1,877101	1,975598
1,785634	1,978206
1,778982	1,980489
1,865460	1,983098
1,670884	1,984728
1,594383	1,986033
1,797275	1,987011
1,669221	1,988641
1,847167	1,988967
1,888743	1,989620
1,888743	1,991902
1,642612	1,993207
1,677536	1,994837
1,645938	1,996467
1,642612	1,998750
1,645938	2,000707
1,783971	2,002011
1,780645	2,002989
1,576090	2,004620
1,798938	2,006250
1,652590	2,007554
1,925330	2,008207
1,620992	2,009185
1,870449	2,010489
1,572764	2,011794
1,843840	2,013750
1,810580	2,014402
1,828873	2,017011
1,529525	2,018967
1,684188	2,020924
1,557796	2,022228
1,931982	2,023533
1,630970	2,026141
1,667558	2,027120
1,669221	2,028098
1,562786	2,029728
1,760688	2,030707
1,559459	2,031685
1,790623	2,032663
1,654253	2,033967
1,496264	2,035924
1,699155	2,036576
1,419764	2,037881
1,692503	2,040163
1,720775	2,041467
1,607688	2,042772
1,522872	2,044402
1,582742	2,047011
1,581079	2,048315
1,522872	2,050272
1,532851	2,051576
1,632634	2,053207
1,398144	2,054837
1,566112	2,055815
1,589394	2,058424
1,730753	2,058750
1,542829	2,060381
1,441383	2,062011
1,624318	2,062989
1,501253	2,063315
1,492938	2,064620
1,596047	2,066576
1,499590	2,066902
1,386503	2,068859
1,374861	2,070815
1,579416	2,073098
1,494601	2,075054
1,596047	2,076359
1,542829	2,077011
1,654253	2,077989
1,592720	2,080272
1,326633	2,081902
1,291709	2,084511
1,539503	2,085163
1,389829	2,087120
1,514557	2,088750
1,481296	2,090055
1,549481	2,091033
1,489612	2,090707
1,429742	2,092989
1,635960	2,094946
1,426416	2,094946
1,428079	2,096902
1,288383	2,098859
1,296698	2,100489
1,569438	2,102120
1,463003	2,104728
1,343263	2,105707
1,566112	2,107989
1,444709	2,108315
1,448035	2,110272
1,448035	2,110272
1,170307	2,112881
1,492938	2,113859
1,747384	2,114837
1,611014	2,115815
1,531188	2,118098
1,424753	2,119402
1,537840	2,121359
1,514557	2,122989
1,659242	2,125272
1,378187	2,126250
1,311666	2,127229
1,655916	2,128859
1,672547	2,131142
1,411448	2,132120
1,645938	2,134076
1,178622	2,134729
1,366546	2,134729
1,240155	2,136359
1,574427	2,138968
1,574427	2,139620
1,426416	2,140272
1,637623	2,142555
1,635960	2,142229
1,577753	2,146142
1,539503	2,148424
1,557796	2,149402
1,386503	2,152011
1,376524	2,153316
1,564449	2,154620
1,311666	2,153968
1,567775	2,156576
1,561123	2,158533
1,564449	2,159185
1,529525	2,158859
1,557796	2,162120
1,584405	2,162772
1,386503	2,164729
1,379850	2,165707
1,644275	2,167989
1,569438	2,169294
1,439720	2,171250
1,268426	2,173207
1,497927	2,174511
1,650927	2,176142
1,547818	2,177772
1,634297	2,179403
1,770666	2,181033
1,717449	2,182337
1,564449	2,183642
1,484622	2,185272
1,616003	2,186903
1,717449	2,187881
1,499590	2,188859
1,694166	2,189837
1,689177	2,191794
1,414774	2,192446
1,421427	2,193098
1,589394	2,194403
1,434731	2,197011
1,389829	2,198316
1,328296	2,200598
1,620992	2,201903
1,256785	2,204511
1,516220	2,206142
1,368209	2,207446
1,489612	2,208098
1,489612	2,210707
1,311666	2,212663
1,609351	2,213642
1,531188	2,214294
1,519546	2,215598
1,479633	2,218533
1,567775	2,218207
1,504579	2,219185
1,574427	2,220163
1,356568	2,222120
1,419764	2,223750
1,408122	2,224403
1,527862	2,226359
1,521209	2,228316
1,632634	2,230272
1,479633	2,232229
1,624318	2,233533
1,228513	2,235163
1,489612	2,236468
1,438057	2,238750
1,532851	2,239729
1,625981	2,241359
1,421427	2,241685
1,378187	2,243316
1,694166	2,244946
1,712460	2,245598
1,544492	2,247229
1,584405	2,247881
1,529525	2,249837
1,421427	2,250816
1,537840	2,252772
1,664231	2,253424
1,446372	2,255055
1,383177	2,257011
1,504579	2,258642
1,524535	2,260272
1,418101	2,261577
1,616003	2,263533
1,491275	2,264837
1,386503	2,266468
1,602699	2,268098
1,586068	2,270381
1,504579	2,271359
1,526199	2,273968
1,449698	2,274946
1,466329	2,275598
1,522872	2,277881
1,536177	2,278207
1,409785	2,280490
1,717449	2,281142
1,344926	2,283098
1,487948	2,285055
1,494601	2,285055
1,366546	2,286359
1,487948	2,288642
1,477970	2,289620
1,394818	2,291577
1,477970	2,292881
1,549481	2,294185
1,459677	2,294838
1,604362	2,297446
1,512894	2,297446
1,536177	2,299729
1,418101	2,300707
1,414774	2,302664
1,471318	2,304620
1,584405	2,305598
1,351579	2,307229
1,296698	2,308859
1,443046	2,309838
1,664231	2,311794
1,501253	2,313425
1,634297	2,315055
1,524535	2,316033
1,396481	2,317011
1,409785	2,318968
1,434731	2,321577
1,472981	2,323207
1,456351	2,324185
1,323307	2,325816
1,396481	2,327120
1,456351	2,329403
1,509568	2,330381
1,481296	2,331359
1,662568	2,332990
1,680862	2,334946
1,451361	2,336577
1,481296	2,338207
1,411448	2,339512
1,444709	2,341142
1,489612	2,342120
1,507905	2,343751
1,398144	2,345707
1,627644	2,346033
1,594383	2,347990
1,539503	2,349620
1,624318	2,351251
1,695829	2,352881
1,471318	2,353533
1,516220	2,355490
1,492938	2,357120
1,404796	2,358751
1,398144	2,359077
1,413111	2,361033
1,364883	2,362012
1,482959	2,363968
1,517883	2,365925
1,406459	2,366903
1,502916	2,369185
1,404796	2,370816
1,474644	2,372120
1,399807	2,373099
1,271752	2,374077
1,348253	2,376686
1,379850	2,377012
1,602699	2,378316
1,428079	2,380272
1,521209	2,381577
1,566112	2,382555
1,509568	2,383533
1,479633	2,385164
1,507905	2,387120
1,378187	2,387772
1,517883	2,389077
1,564449	2,390707
1,547818	2,392664
1,409785	2,393642
1,744058	2,394946
1,584405	2,396251
1,482959	2,397555
1,433068	2,397881
1,609351	2,400816
1,655916	2,401794
1,398144	2,402773
1,344926	2,404403
1,418101	2,406359
1,566112	2,405707
1,546155	2,409620
1,719112	2,409620
1,632634	2,412229
1,210220	2,414186
1,541166	2,414838
1,336611	2,416468
1,554470	2,418099
1,501253	2,418751
1,358231	2,421686
1,571101	2,422338
1,604362	2,424620
1,406459	2,425273
1,351579	2,426903
1,609351	2,428533
1,256785	2,430490
1,714123	2,432446
1,497927	2,433425
1,742395	2,434077
1,574427	2,437338
1,366546	2,439620
1,343263	2,438642
1,456351	2,442229
1,434731	2,442881
1,614340	2,444186
1,371535	2,446468
1,682525	2,447773
1,798938	2,448099
1,594383	2,448425
1,664231	2,451360
1,722438	2,451686
1,704145	2,453316
1,582742	2,453642
1,464666	2,455599
1,747384	2,457555
1,690840	2,459186
1,667558	2,461142
1,800601	2,462773
2,089971	2,464729
1,730753	2,466034
1,918678	2,467990
1,754036	2,469620
1,579416	2,470925
1,616003	2,471577
1,574427	2,472229
1,599373	2,473207
1,764014	2,475490
2,066689	2,476142
1,704145	2,477773
1,760688	2,479077
1,783971	2,482012
1,832199	2,485273
1,773992	2,485925
1,611014	2,486903
1,749047	2,488534
1,845504	2,488860
1,640949	2,490490
1,582742	2,491142
1,619329	2,492773
1,591057	2,495707
1,858808	2,497338
1,765677	2,497664
1,991852	2,499947
1,577753	2,500925
1,637623	2,502881
1,539503	2,504512
1,702481	2,504512
1,853819	2,506142
1,898721	2,508099
1,946949	2,509403
1,850493	2,512338
1,647601	2,512338
1,878764	2,515273
2,371026	2,516903
1,800601	2,517555
1,759025	2,519186
1,820558	2,520490
1,684188	2,520490
1,930319	2,522121
1,912025	2,524077
1,857145	2,526034
2,033428	2,528316
1,724101	2,530599
1,659242	2,531903
1,840514	2,532229
1,917015	2,533208
1,843840	2,534186
1,660905	2,535164
1,724101	2,537773
1,965243	2,539729
1,747384	2,542012
1,697492	2,542990
1,820558	2,544295
1,882091	2,544947
1,620992	2,545599
1,883754	2,547229
1,960254	2,548534
1,848830	2,551142
1,862134	2,553099
1,817232	2,554729
1,780645	2,556034
1,828873	2,556360
1,777319	2,557664
1,885417	2,559295
1,747384	2,561251
1,788960	2,563860
1,847167	2,564512
1,800601	2,566142
1,910362	2,566795
1,813906	2,567447
1,705808	2,569403
1,958591	2,571686
1,832199	2,573968
1,635960	2,574947
1,785634	2,576577
1,720775	2,576577
1,654253	2,577229
1,848830	2,580490
1,843840	2,581795
1,724101	2,583751
1,787297	2,583425
1,938634	2,585708
1,704145	2,587012
1,968569	2,588316
1,862134	2,592229
1,732416	2,592882
1,438057	2,592555
1,812243	2,594838
1,792286	2,597121
1,552807	2,598425
1,780645	2,600382
1,657579	2,600056
1,767340	2,601360
1,754036	2,602990
1,719112	2,605925
1,662568	2,607882
1,689177	2,608208
1,680862	2,608860
1,709134	2,609512
1,737405	2,613425
1,740732	2,615708
1,872112	2,615056
1,923667	2,616360
1,689177	2,617990
1,722438	2,620273
1,630970	2,621251
1,682525	2,622229
1,399807	2,623208
1,554470	2,625490
1,399807	2,627773
1,582742	2,629077
1,910362	2,629729
1,619329	2,631034
1,599373	2,632990
1,745721	2,636577
1,740732	2,636903
1,647601	2,636577
1,561123	2,637882
1,587731	2,639838
1,752373	2,642773
1,887080	2,643751
1,652590	2,644403
1,514557	2,645382
1,300024	2,647990
1,702481	2,650599
1,551144	2,650925
1,640949	2,651251
1,798938	2,653860
1,489612	2,655816
1,677536	2,656795
1,517883	2,658099
1,476307	2,658425
1,511231	2,660382
1,434731	2,662990
1,669221	2,663969
1,667558	2,663643
1,632634	2,666577
1,486285	2,668860
1,504579	2,670164
1,614340	2,670164
1,662568	2,671795
1,645938	2,674403
1,665894	2,676686
1,667558	2,676686
1,795612	2,678317
1,694166	2,681251
1,664231	2,681903
1,695829	2,681577
1,531188	2,681577
1,659242	2,686469
1,654253	2,687447
1,486285	2,688751
1,497927	2,689404
1,318318	2,692338
1,574427	2,693643
1,527862	2,693969
1,514557	2,695925
1,629307	2,697882
1,659242	2,698534
1,524535	2,700164
1,589394	2,702121
1,571101	2,704404
1,808916	2,705056
1,684188	2,706360
1,620992	2,709621
1,472981	2,708969
1,616003	2,709947
1,569438	2,711251
1,514557	2,714838
1,601036	2,714512
1,581079	2,716795
1,773992	2,719077
1,534514	2,718751
1,680862	2,721034
1,649264	2,721686
1,393155	2,723643
1,562786	2,724621
1,760688	2,728534
1,554470	2,727556
1,742395	2,729186
1,780645	2,732447
1,792286	2,732447
1,800601	2,733751
2,153167	2,736360
2,003493	2,736686
2,254613	2,738969
2,051721	2,740925
2,296189	2,741251
2,262928	2,741251
2,785125	2,745164
3,067843	2,745491
3,510213	2,746469
4,408258	2,749078
5,128358	2,750708
6,442164	2,751034
6,329077	2,754295
7,095742	2,753969
8,274842	2,755273
8,567538	2,758208
8,431168	2,758860
9,455605	2,759838
9,725019	2,761795
10,069269	2,763751
10,759434	2,764078
10,677944	2,767338
11,180184	2,768317
11,630870	2,768643
12,259502	2,771578
12,402524	2,772230
12,911416	2,772556
13,127612	2,775817
13,584950	2,776795
13,907581	2,775491
14,221897	2,779730
14,627680	2,779730
14,769039	2,781686
14,639322	2,783969
15,086681	2,786252
15,124931	2,785599
15,219725	2,789838
15,640476	2,790491
15,652117	2,789838
15,761878	2,791795
15,888270	2,794404
15,884943	2,794730
16,091161	2,798317
16,192607	2,797338
16,131074	2,800273
16,179303	2,802556
16,734760	2,800925
16,322325	2,805165
16,688195	2,805491
16,654934	2,806469
16,656597	2,810382
16,393836	2,809730
16,498608	2,811686
16,518564	2,813317
16,573445	2,813969
16,470336	2,817882
15,833389	2,814295
16,205911	2,819186
16,079520	2,820165
15,597236	2,822121
15,643802	2,824404
15,005192	2,824404
14,953637	2,827665
14,695865	2,827012
14,519582	2,829621
14,306712	2,830273
14,085527	2,832230
14,203603	2,834186
13,914233	2,834512
13,877646	2,836795
13,523417	2,837447
13,328841	2,840708
13,343808	2,840382
13,197460	2,842991
12,951329	2,844621
12,382567	2,845273
12,169697	2,847556
11,665794	2,847230
11,316554	2,850817
11,073749	2,849513
10,448444	2,853752
10,252204	2,852773
9,989443	2,856686
9,650182	2,856360
9,269344	2,859621
8,587495	2,859947
7,912298	2,861252
7,421699	2,863860
6,616784	2,865165
5,594011	2,866143
4,338410	2,866795
3,420409	2,868752
2,592211	2,870056
2,129884	2,872339
1,867123	2,873643
1,893732	2,875600
1,945286	2,874947
1,682525	2,877882
1,903710	2,879839
1,670884	2,880491
1,735742	2,881795
1,582742	2,884078
1,682525	2,885056
1,644275	2,886360
1,517883	2,887991
1,454688	2,889295
1,624318	2,891252
1,858808	2,892556
1,773992	2,893534
1,795612	2,894839
1,695829	2,896795
1,592720	2,898100
1,780645	2,900382
1,654253	2,901360
1,642612	2,903317
1,730753	2,903317
1,644275	2,906252
1,602699	2,906578
1,752373	2,907882
1,785634	2,909187
1,690840	2,913100
1,627644	2,912447
1,620992	2,915708
1,780645	2,914730
1,695829	2,918317
1,647601	2,917665
1,812243	2,921578
1,730753	2,921578
1,912025	2,924187
1,813906	2,923860
1,912025	2,927447
1,807253	2,927121
1,885417	2,930382
1,785634	2,930382
1,587731	2,932339
1,832199	2,932991
1,611014	2,934295
1,591057	2,937230
1,582742	2,936904
1,875438	2,940817
1,847167	2,940491
1,792286	2,941795
1,609351	2,943752
1,827210	2,945056
1,918678	2,947991
1,812243	2,947013
2,093297	2,949947
1,945286	2,949947
2,174787	2,952556
2,063363	2,954187
2,186428	2,954187
2,291200	2,958100
2,425907	2,957774
2,347744	2,961034
2,485776	2,960708
2,131548	2,962339
2,239646	2,964621
2,311157	2,965274
2,272906	2,967882
2,297852	2,968534
2,257939	2,969839
2,565603	2,972448
2,487440	2,972121
2,314483	2,975708
2,497418	2,975708
2,538994	2,977665
2,657070	2,979621
2,595538	2,979621
2,663722	2,982556
2,563940	2,981904
2,394309	2,985165
2,613831	2,986795
2,755190	2,987121
2,736897	2,989078
2,733570	2,990382
2,721929	2,992013
2,725255	2,993969
2,653744	2,994295
2,548972	2,997230
2,776810	2,998208
2,725255	2,999513
2,652081	3,001143
2,682016	3,001143
2,592211	3,004730
2,768494	3,005708
2,803418	3,006687
2,598864	3,009295
2,622146	3,007339
2,607179	3,010600
2,515711	3,013535
2,790114	3,012882
2,595538	3,016795
2,736897	3,017122
2,785125	3,018100
2,663722	3,020056
2,678690	3,020056
2,381005	3,023643
2,637114	3,024295
2,615494	3,025274
2,553961	3,029187
2,713614	3,028208
2,465820	3,030817
2,342754	3,033100
2,136537	3,031795
2,381005	3,035709
2,558951	3,036687
2,557287	3,037339
2,600527	3,038643
2,465820	3,040926
2,532342	3,041252
2,465820	3,044839
2,394309	3,045817
2,347744	3,045165
2,267917	3,048752
2,400961	3,049730
2,354396	3,049730
2,327787	3,052991
2,173124	3,053969
2,297852	3,053969
2,136537	3,057230
2,229667	3,057230
2,256276	3,059187
1,968569	3,062122
2,106602	3,062122
2,156493	3,063426
2,010145	3,066035
2,061700	3,066035
1,990189	3,068969
1,960254	3,069948
1,735742	3,070274
1,943623	3,074839
1,797275	3,073861
1,522872	3,074187
1,539503	3,078752
1,526199	3,077448
1,271752	3,079078
1,418101	3,082991
1,416437	3,082339
1,401470	3,083317
1,554470	3,086904
1,567775	3,086904
1,519546	3,088535
1,657579	3,091143
1,496264	3,091469
1,444709	3,092448
1,388166	3,095709
1,459677	3,096361
1,443046	3,097339
1,448035	3,099622
1,454688	3,100274
1,687514	3,100274
1,516220	3,103861
1,413111	3,106143
1,326633	3,105165
1,466329	3,107122
1,461340	3,110383
1,413111	3,111361
1,504579	3,111361
1,559459	3,113643
1,310002	3,115926
1,644275	3,117230
1,607688	3,116904
1,649264	3,119187
1,722438	3,121796
1,769003	3,123100
1,800601	3,124078
1,484622	3,124730
1,632634	3,126361
1,587731	3,128970
1,679199	3,129948
1,519546	3,131252
1,625981	3,132230
1,394818	3,134513
1,625981	3,136143
1,557796	3,137774
1,601036	3,139078
1,521209	3,139730
1,745721	3,141035
1,614340	3,142013
1,729090	3,145600
1,888743	3,147557
1,893732	3,148535
2,450852	3,147883
2,246298	3,149187
2,499081	3,150491
2,648755	3,151796
2,492429	3,154404
2,791777	3,156687
2,761842	3,158644
3,079484	3,159622
2,833353	3,160600
3,112745	3,161252
3,308985	3,162557
2,948103	3,164187
3,244126	3,167122
3,244126	3,168100
3,378833	3,169731
3,147669	3,171361
3,493583	3,172665
3,744703	3,173317
3,611659	3,175600
3,854464	3,175274
3,859453	3,176904
3,543474	3,179187
3,777964	3,180165
3,911007	3,183426
3,999149	3,184731
3,934290	3,186361
3,896040	3,187991
3,952584	3,188644
4,009127	3,188644
3,944268	3,190926
4,147160	3,191578
4,009127	3,192883
4,035736	3,194187
3,994160	3,196470
4,065671	3,197448
4,152149	3,199404
4,295171	3,201361
4,125540	3,203318
4,193725	3,204622
4,093943	3,206578
4,009127	3,208209
4,291845	3,209513
3,955910	3,211144
4,315128	3,213426
4,461476	3,213752
4,128867	3,215057
4,280204	3,217013
4,285193	3,218318
4,250269	3,219622
4,208693	3,221252
4,163791	3,222231
4,168780	3,223861
4,062345	3,224187
3,762996	3,227122
3,839496	3,227774
4,118888	3,228752
3,970877	3,231361
3,924312	3,231687
3,909344	3,233644
3,716431	3,235600
3,718094	3,237231
3,689822	3,238209
3,633279	3,240165
3,797920	3,241796
3,528507	3,243752
3,641594	3,245383
3,546800	3,245709
3,643257	3,247665
3,586713	3,249296
3,455333	3,249948
3,433713	3,252231
3,333930	3,252883
3,393800	3,255165
3,179267	3,256470
3,034582	3,256796
2,891560	3,258100
2,964734	3,259079
2,904864	3,260383
2,878255	3,262665
2,663722	3,263644
2,785125	3,264948
2,640440	3,265600
2,417592	3,268209
2,344418	3,269187
2,148178	3,271796
1,868786	3,273426
1,828873	3,275057
1,637623	3,277339
1,739069	3,278318
1,436394	3,279948
1,527862	3,280600
1,574427	3,280926
1,602699	3,282231
1,314992	3,284187
1,474644	3,286144
1,607688	3,287122
1,321644	3,290057
1,536177	3,291687
1,394818	3,292666
1,596047	3,292992
1,542829	3,293970
1,489612	3,295600
1,496264	3,298209
1,680862	3,300166
1,640949	3,302774
1,389829	3,302122
1,507905	3,303426
1,411448	3,304405
1,403133	3,306361
1,639286	3,308970
1,579416	3,310600
1,384840	3,311253
1,428079	3,311905
1,576090	3,314187
1,499590	3,315492
1,472981	3,318100
1,491275	3,319405
1,439720	3,320057
1,537840	3,321361
1,552807	3,321687
1,507905	3,325274
1,557796	3,326579
1,511231	3,328209
1,188600	3,328861
1,647601	3,329840
1,734079	3,328535
1,619329	3,334731
1,574427	3,336687
1,426416	3,337013
1,602699	3,337340
1,477970	3,338644
1,464666	3,339948
1,542829	3,341579
1,639286	3,344187
1,519546	3,345166
1,629307	3,345492
1,556133	3,348100
1,551144	3,349079
1,544492	3,352013
1,597710	3,352013
1,531188	3,352013
1,368209	3,354622
1,448035	3,357231
1,419764	3,358861
1,517883	3,359187
1,684188	3,360166
1,524535	3,361796
1,536177	3,364731
1,680862	3,365709
1,514557	3,367013
1,596047	3,365383
1,477970	3,369622
1,640949	3,372231
1,734079	3,371579
1,584405	3,373861
1,564449	3,375166
1,644275	3,376144
1,630970	3,378753
1,644275	3,377448
1,241818	3,381361
1,504579	3,382666
1,534514	3,383970
1,720775	3,385600
1,504579	3,387883
1,562786	3,388535
1,406459	3,389840
1,602699	3,391796
1,629307	3,394079
1,630970	3,394731
1,494601	3,394731
1,790623	3,394731
1,652590	3,399296
1,717449	3,401905
1,635960	3,401253
1,635960	3,401905
1,421427	3,405166
1,472981	3,407122
1,650927	3,407122
1,521209	3,406470
1,502916	3,411361
1,630970	3,412666
1,902047	3,412992
1,664231	3,414622
1,594383	3,417557
1,782308	3,418209
1,433068	3,418209
2,040080	3,420818
1,634297	3,423427
1,707471	3,424731
1,798938	3,424405
1,712460	3,426035
1,690840	3,428644
1,946949	3,430274
1,601036	3,429948
1,690840	3,432231
1,872112	3,434840
1,625981	3,435818
1,793949	3,435818
1,730753	3,438753
1,616003	3,440709
1,825547	3,441035
1,853819	3,442666
1,788960	3,444622
1,835525	3,447231
1,689177	3,445927
1,702481	3,448535
1,777319	3,451144
1,431405	3,450818
1,547818	3,452448
1,652590	3,456035
1,637623	3,455383
1,589394	3,456688
1,556133	3,460275
1,687514	3,460275
2,010145	3,461253
1,783971	3,463862
1,770666	3,466144
1,707471	3,465166
1,709134	3,468753
1,810580	3,470709
1,699155	3,469731
1,764014	3,472666
1,620992	3,474622
1,867123	3,474622
1,730753	3,475927
1,800601	3,478862
1,863797	3,479840
1,764014	3,479840
1,777319	3,483427
1,737405	3,484079
1,778982	3,484731
1,634297	3,487666
1,873775	3,488970
1,737405	3,488318
1,654253	3,492231
1,742395	3,492883
1,647601	3,493535
1,727427	3,497449
1,674210	3,496796
1,769003	3,497775
1,737405	3,500709
1,546155	3,502340
1,616003	3,501688
1,458014	3,506253
1,521209	3,505275
1,549481	3,507557
1,727427	3,509840
1,616003	3,509840
1,672547	3,511796
1,602699	3,514405
1,963580	3,513101
1,815569	3,516688
2,001830	3,517666
1,537840	3,518318
1,732416	3,521579
1,755699	3,521253
1,694166	3,523536
1,747384	3,524840
1,637623	3,526144
1,660905	3,529405
1,857145	3,529405
1,654253	3,530057
1,907036	3,532992
1,833862	3,532666
1,497927	3,536253
1,655916	3,536253
1,890406	3,538209
1,640949	3,539514
1,895395	3,542123
1,752373	3,542775
1,867123	3,543753
1,838851	3,545383
2,136537	3,546688
1,783971	3,549623
1,687514	3,549296
1,790623	3,552557
1,556133	3,552883
1,592720	3,555166
1,862134	3,555166
1,654253	3,556470
1,604362	3,558753
1,880427	3,559079
1,659242	3,562014
1,689177	3,562666
1,635960	3,565275
1,762351	3,564623
1,782308	3,568536
1,660905	3,568536
1,699155	3,570818
1,654253	3,572775
1,700818	3,573427
1,710797	3,574731
1,800601	3,576036
1,659242	3,577666
1,670884	3,578318
1,667558	3,580927
1,715786	3,582231
1,792286	3,584188
1,772329	3,585166
1,567775	3,586470
1,727427	3,588101
1,640949	3,590057
1,700818	3,590383
1,773992	3,592666
1,817232	3,593644
1,749047	3,595601
1,707471	3,596579
1,725764	3,597884
1,750710	3,599840
1,880427	3,601144
1,764014	3,602449
1,677536	3,603101
1,815569	3,607014
1,589394	3,606362
1,669221	3,608970
1,803927	3,608644
1,835525	3,612231
1,872112	3,612231
1,567775	3,615492
1,883754	3,616144
1,587731	3,616470
1,672547	3,619405
1,607688	3,619731
1,714123	3,622340
1,778982	3,622666
1,702481	3,624623
1,800601	3,627231
1,803927	3,626579
1,747384	3,630166
1,609351	3,628862
1,664231	3,631797
1,557796	3,633427
1,667558	3,634079
1,649264	3,636688
1,853819	3,637340
1,682525	3,640601
1,792286	3,640275
1,644275	3,642884
1,880427	3,643862
2,093297	3,644840
1,850493	3,648101
1,602699	3,647449
1,662568	3,649405
1,722438	3,650384
1,712460	3,652340
1,750710	3,653971
1,669221	3,654623
1,511231	3,658210
1,827210	3,658536
1,760688	3,660166
1,710797	3,662123
1,642612	3,662449
1,597710	3,665058
1,752373	3,665058
1,725764	3,668971
1,635960	3,668645
1,521209	3,669623
1,509568	3,673210
1,677536	3,672884
1,773992	3,674840
1,775656	3,677123
1,674210	3,677123
1,612677	3,679405
1,780645	3,681036
1,793949	3,681036
1,860471	3,683971
1,685851	3,686253
1,617666	3,684623
1,534514	3,687884
1,642612	3,689188
1,622655	3,690492
1,805590	3,693427
1,850493	3,692123
2,003493	3,695710
1,953602	3,697340
1,805590	3,697340
1,482959	3,699623
1,596047	3,701253
1,699155	3,701579
1,611014	3,703862
1,790623	3,704840
1,705808	3,706145
1,604362	3,707775
1,616003	3,709079
1,640949	3,711362
1,557796	3,713319
1,654253	3,713971
1,760688	3,715275
1,732416	3,717558
1,627644	3,717232
1,529525	3,719514
1,635960	3,722449
1,660905	3,723101
1,667558	3,722775
1,682525	3,725710
1,522872	3,727014
1,640949	3,728319
1,827210	3,730601
1,506242	3,732558
1,418101	3,732558
1,426416	3,735166
1,775656	3,736471
1,547818	3,735819
1,773992	3,738753
1,396481	3,741688
1,737405	3,741362
1,765677	3,742666
1,630970	3,745601
1,823884	3,747232
1,707471	3,747558
1,611014	3,748210
1,607688	3,751145
1,838851	3,752449
1,657579	3,753101
1,620992	3,755710
1,616003	3,756362
1,785634	3,757666
1,624318	3,758319
1,617666	3,761906
1,559459	3,763862
1,567775	3,763536
1,620992	3,764840
1,413111	3,767123
1,599373	3,768101
1,777319	3,769079
1,499590	3,771362
1,577753	3,774297
1,822221	3,774297
1,449698	3,773971
1,709134	3,777558
1,534514	3,778862
1,616003	3,779188
1,504579	3,781145
1,694166	3,783101
1,672547	3,785710
1,601036	3,783753
1,594383	3,786688
1,516220	3,787666
1,868786	3,790927
1,702481	3,791580
1,775656	3,791580
1,571101	3,793210
1,546155	3,797123
1,712460	3,798101
1,807253	3,799080
1,818895	3,800058
1,210220	3,800058
1,529525	3,804297
1,757362	3,804623
1,747384	3,804623
1,640949	3,807232
1,667558	3,810493
1,431405	3,811471
1,534514	3,811797
1,599373	3,812123
1,625981	3,814732
1,517883	3,817014
1,689177	3,817993
1,423090	3,818645
1,486285	3,820927
1,714123	3,823210
1,463003	3,824188
1,587731	3,825167
1,632634	3,826145
1,378187	3,827775
1,739069	3,830058
1,368209	3,832014
1,650927	3,832993
1,358231	3,834297
1,577753	3,835275
1,645938	3,836580
1,712460	3,838862
1,744058	3,841145
1,682525	3,841145
1,624318	3,843427
1,709134	3,843101
1,793949	3,845058
1,597710	3,847014
1,734079	3,849623
1,507905	3,849623
1,313329	3,850927
1,499590	3,852232
1,581079	3,854188
1,581079	3,856797
1,810580	3,858101
1,760688	3,859080
1,650927	3,859080
1,720775	3,861362
1,873775	3,862993
1,579416	3,865275
1,632634	3,866906
1,526199	3,868862
1,531188	3,869188
1,635960	3,870493
1,735742	3,870819
1,627644	3,872123
1,725764	3,874080
1,645938	3,876362
1,709134	3,878319
1,760688	3,880275
1,576090	3,881906
1,406459	3,882558
1,649264	3,883210
1,531188	3,885167
1,669221	3,886471
1,642612	3,887449
1,669221	3,889080
1,632634	3,891688
1,481296	3,892667
1,637623	3,895275
1,348253	3,894949
1,662568	3,896580
1,336611	3,898210
1,627644	3,899515
1,670884	3,900819
1,561123	3,901797
1,665894	3,904406
1,742395	3,904732
1,476307	3,907015
1,695829	3,908319
1,516220	3,910928
1,517883	3,912232
1,576090	3,913536
1,547818	3,915493
1,491275	3,917123
1,537840	3,918428
1,353242	3,919406
1,431405	3,919732
1,660905	3,921688
1,338274	3,923319
1,482959	3,924297
1,527862	3,924623
1,587731	3,926906
1,494601	3,928862
1,679199	3,930493
1,564449	3,931471
1,556133	3,932449
1,504579	3,934732
1,521209	3,936036
1,461340	3,937015
1,685851	3,938645
1,571101	3,940928
1,664231	3,941906
1,650927	3,944841
1,434731	3,945819
1,544492	3,947123
1,574427	3,948754
1,762351	3,949732
1,612677	3,951362
1,401470	3,952341
1,655916	3,953645
1,522872	3,955928
1,660905	3,957232
1,682525	3,959189
1,579416	3,960167
1,659242	3,961797
1,770666	3,963102
1,714123	3,964406
1,639286	3,966362
1,650927	3,967667
1,810580	3,968645
1,775656	3,969949
1,872112	3,972232
1,742395	3,972884
1,863797	3,974841
1,867123	3,976471
1,870449	3,977776
1,840514	3,978754
1,853819	3,979732
1,908699	3,981363
2,001830	3,982993
1,833862	3,984949
1,800601	3,985602
1,805590	3,987884
1,981873	3,988536
1,815569	3,989515
2,181439	3,991471
1,976884	3,993102
2,008482	3,993428
2,045069	3,996036
2,045069	3,997667
1,654253	3,999297
1,840514	3,999949
1,702481	4,001254
1,722438	4,002884
1,660905	4,006145
1,902047	4,006797
2,000167	4,008754
1,807253	4,009732
1,920341	4,012015
1,664231	4,013319
1,828873	4,014623
1,933645	4,015928
1,953602	4,015928
1,625981	4,017558
1,694166	4,019189
1,782308	4,020819
1,793949	4,022776
1,970232	4,024732
1,945286	4,027015
1,818895	4,027667
1,664231	4,030602
2,076667	4,030928
1,606025	4,031254
1,933645	4,032232
1,754036	4,033537
1,709134	4,034841
1,933645	4,037776
1,943623	4,040058
1,958591	4,041363
1,888743	4,042341
1,827210	4,042993
1,953602	4,044623
1,685851	4,045602
1,516220	4,047558
1,788960	4,049189
1,930319	4,051797
1,805590	4,052124
1,690840	4,053102
1,685851	4,054406
1,627644	4,055710
1,822221	4,058319
1,707471	4,060928
1,830536	4,061254
1,566112	4,062232
1,700818	4,063210
1,640949	4,065493
1,561123	4,067124
1,657579	4,068754
1,601036	4,069080
1,592720	4,069732
1,502916	4,072015
1,581079	4,074624
1,571101	4,075928
1,680862	4,076906
1,532851	4,077558
1,489612	4,080493
1,665894	4,082124
1,492938	4,083754
1,692503	4,083754
1,685851	4,085058
1,619329	4,087667
1,750710	4,089950
1,323307	4,090602
1,511231	4,090602
1,547818	4,092558
1,537840	4,093863
1,534514	4,096798
1,788960	4,096798
1,295035	4,099080
1,634297	4,101037
1,301687	4,103319
1,604362	4,102993
1,349916	4,103319
1,291709	4,105602
1,629307	4,107884
1,316655	4,108211
1,428079	4,109189
1,484622	4,113428
1,591057	4,114406
1,627644	4,113428
1,602699	4,116037
1,369872	4,118645
1,233502	4,118971
1,446372	4,119624
1,486285	4,120928
1,604362	4,124515
1,604362	4,124515
1,524535	4,126798
1,607688	4,128428
1,589394	4,129732
1,679199	4,130385
1,504579	4,133319
1,386503	4,133971
1,566112	4,133971
1,132056	4,137558
1,687514	4,139189
1,566112	4,139189
1,734079	4,140819
1,581079	4,144080
1,883754	4,143754
1,413111	4,144406
1,609351	4,147993
1,584405	4,148319
1,762351	4,149624
1,634297	4,152232
1,838851	4,153863
1,642612	4,154189
1,534514	4,156145
1,744058	4,155819
1,614340	4,158428
1,587731	4,160711
1,873775	4,162015
1,664231	4,162341
1,632634	4,165276
1,699155	4,165602
1,534514	4,164298
1,443046	4,170493
1,472981	4,169841
1,574427	4,171145
1,833862	4,174080
1,607688	4,174732
1,514557	4,176689
1,592720	4,179298
1,737405	4,178645
1,674210	4,180928
1,712460	4,182559
1,674210	4,182885
1,602699	4,186146
1,634297	4,187450
1,512894	4,187450
1,601036	4,190385
1,655916	4,192015
1,877101	4,192015
1,589394	4,194950
1,577753	4,195602
1,735742	4,196580
1,833862	4,199841
1,562786	4,199515
1,509568	4,201798
1,517883	4,202776
1,627644	4,203428
1,619329	4,206037
1,828873	4,206037
1,619329	4,208972
1,647601	4,210928
1,715786	4,210276
1,559459	4,214515
1,765677	4,214841
1,582742	4,215819
1,504579	4,218102
1,650927	4,218754
1,624318	4,221037
1,581079	4,222015
1,800601	4,223319
1,567775	4,224950
1,632634	4,225276
1,702481	4,228537
1,725764	4,228211
1,657579	4,231472
1,793949	4,231798
1,797275	4,233428
1,820558	4,234733
1,697492	4,235385
1,790623	4,238320
1,690840	4,238320
1,679199	4,242559
1,714123	4,241580
1,943623	4,243863
1,790623	4,245493
1,521209	4,246798
1,788960	4,248754
1,729090	4,249080
1,802264	4,251363
1,827210	4,251689
1,735742	4,254950
1,557796	4,255276
2,005156	4,257559
1,737405	4,258211
1,669221	4,259189
1,599373	4,261146
1,461340	4,262776
1,614340	4,264733
1,529525	4,266363
1,645938	4,267015
1,635960	4,268320
1,923667	4,270602
1,662568	4,270928
1,569438	4,272885
1,727427	4,274841
1,551144	4,275820
1,820558	4,277450
1,818895	4,278102
1,835525	4,280711
1,818895	4,280059
1,900384	4,284298
1,572764	4,283972
1,409785	4,286580
1,755699	4,287559
1,739069	4,290494
1,669221	4,290167
1,752373	4,292450
1,827210	4,293754
1,793949	4,294407
1,760688	4,297994
1,730753	4,297341
1,712460	4,299624
1,546155	4,301581
1,655916	4,301907
1,863797	4,304189
1,657579	4,304841
1,556133	4,307124
1,739069	4,308102
1,667558	4,310059
1,725764	4,310385
1,529525	4,313972
1,433068	4,313972
1,640949	4,316254
1,767340	4,316907
1,828873	4,317885
1,556133	4,321146
1,760688	4,320494
1,847167	4,323428
1,827210	4,324407
1,853819	4,325059
1,855482	4,327994
1,742395	4,327341
1,815569	4,330928
1,567775	4,330602
1,519546	4,332233
1,620992	4,335820
1,597710	4,335494
1,619329	4,338428
1,840514	4,338102
1,413111	4,340711
1,720775	4,342668
1,720775	4,343972
1,737405	4,345276
1,739069	4,345276
1,747384	4,347885
1,155339	4,347885
1,645938	4,351472
1,509568	4,353102
1,542829	4,353428
1,474644	4,356363
1,409785	4,357015
1,825547	4,357341
1,747384	4,359298
1,579416	4,359950
1,652590	4,363863
1,694166	4,363537
1,783971	4,364841
1,501253	4,367776
1,577753	4,367124
1,644275	4,370385
1,818895	4,372015
1,991852	4,372015
1,722438	4,374624
1,908699	4,375928
1,762351	4,376255
1,953602	4,379189
1,792286	4,380168
1,828873	4,380820
1,735742	4,382124
1,562786	4,384733
1,722438	4,384733
1,926993	4,386363
1,843840	4,389950
1,782308	4,389950
1,744058	4,391255
1,707471	4,393863
1,955265	4,394842
1,742395	4,395494
1,848830	4,398429
1,817232	4,398755
1,787297	4,399407
1,850493	4,401037
1,795612	4,404298
1,734079	4,404298
1,820558	4,405602
1,810580	4,408537
1,762351	4,409515
1,890406	4,410820
1,777319	4,411798
1,647601	4,414407
1,762351	4,415711
1,607688	4,416363
1,772329	4,417668
1,880427	4,419950
1,853819	4,422233
1,714123	4,421907
1,941960	4,422559
1,827210	4,425168
1,882091	4,426798
1,855482	4,428755
1,902047	4,429407
1,572764	4,430385
1,732416	4,432994
1,730753	4,435603
1,581079	4,434950
1,665894	4,436581
1,729090	4,438211
1,629307	4,439516
1,772329	4,441798
1,549481	4,443429
1,639286	4,443429
1,616003	4,445059
1,602699	4,447342
1,749047	4,449624
1,443046	4,450929
1,612677	4,451581
1,645938	4,452233
1,542829	4,453863
1,594383	4,456798
1,709134	4,458429
1,499590	4,458755
1,722438	4,460711
1,419764	4,460059
1,374861	4,462668
1,466329	4,465929
1,526199	4,467233
1,665894	4,468863
1,428079	4,469516
1,569438	4,469516
1,596047	4,471472
1,477970	4,472450
1,559459	4,475059
1,497927	4,475711
1,654253	4,479298
1,556133	4,479950
1,617666	4,481255
1,627644	4,483537
1,306676	4,484190
1,328296	4,484842
1,251796	4,487124
1,364883	4,487450
1,010654	4,489081
1,539503	4,489733
1,477970	4,491363
1,238491	4,492994
1,276742	4,494624
1,344926	4,495603
1,241818	4,497885
1,095469	4,499516
1,030611	4,500820
1,002339	4,502777
1,175296	4,505059
1,241818	4,506364
1,339937	4,507994
1,522872	4,509950
1,270089	4,510929
1,507905	4,512233
1,361557	4,513864
1,075513	4,515168
1,399807	4,516472
1,133720	4,517124
1,497927	4,520385
1,280068	4,520059
1,050567	4,521364
1,318318	4,522994
1,419764	4,522994
1,065535	4,525603
1,408122	4,527233
1,123741	4,527885
1,283394	4,530168
1,193589	4,530820
1,110437	4,532451
1,331622	4,534081
1,196915	4,536037
1,474644	4,537994
1,306676	4,538646
1,314992	4,540277
1,206894	4,543211
1,165317	4,544190
1,226850	4,545168
0,969078	4,546798
1,117089	4,548103
1,170307	4,551364
1,090480	4,550385
1,514557	4,553972
1,429742	4,554951
1,190263	4,555929
1,318318	4,557559
1,311666	4,559842
0,995687	4,560820
1,401470	4,563103
1,250133	4,563103
1,135383	4,563755
1,178622	4,565711
1,153676	4,566364
1,138709	4,567342
1,215209	4,569624
1,030611	4,570603
1,386503	4,572885
1,338274	4,574190
1,140372	4,575820
1,283394	4,577451
1,398144	4,579733
1,303350	4,580711
1,155339	4,582668
1,314992	4,584298
1,366546	4,584625
1,326633	4,586581
1,145361	4,586581
1,476307	4,587885
1,130393	4,590168
1,118752	4,591146
1,037263	4,595385
1,097133	4,595712
1,033937	4,596690
1,245144	4,596038
1,235165	4,598646
1,190263	4,600277
1,298361	4,601907
1,356568	4,604842
1,353242	4,606472
1,201904	4,607777
1,133720	4,606472
1,110437	4,609081
1,281731	4,610385
1,203567	4,612668
1,163654	4,614298
1,414774	4,615603
1,110437	4,617233
1,205231	4,618212
1,022295	4,619190
1,401470	4,622125
1,426416	4,623755
1,391492	4,624407
1,113763	4,624733
1,190263	4,626364
1,070524	4,628972
1,381513	4,630603
1,170307	4,631255
1,191926	4,631581
1,270089	4,634190
1,318318	4,637125
1,250133	4,638755
1,148687	4,638429
1,153676	4,640059
1,123741	4,641690
1,401470	4,644625
1,122078	4,644951
1,203567	4,645277
1,240155	4,646907
1,065535	4,650494
0,922513	4,649842
1,338274	4,651472
1,256785	4,653429
1,458014	4,656038
1,226850	4,656364
1,163654	4,657668
1,260111	4,660929
1,223524	4,661581
1,394818	4,661907
1,404796	4,662886
1,132056	4,666799
1,115426	4,667451
1,123741	4,666799
1,349916	4,670386
1,283394	4,670712
1,376524	4,672668
1,314992	4,674299
1,311666	4,676581
1,152013	4,676581
1,305013	4,677559
1,280068	4,680494
1,298361	4,681146
1,301687	4,681799
1,175296	4,684733
1,339937	4,685712
1,303350	4,686690
1,145361	4,689951
1,288383	4,690603
1,157002	4,690929
1,374861	4,693212
1,255122	4,694516
1,193589	4,694842
1,108774	4,697777
1,323307	4,700386
1,308339	4,699081
1,185274	4,702668
1,348253	4,704299
1,429742	4,704299
1,268426	4,707560
1,265100	4,706907
1,472981	4,709842
1,305013	4,710820
1,113763	4,711147
1,313329	4,715060
1,220198	4,714407
1,258448	4,717016
1,218535	4,717994
1,344926	4,718320
1,290046	4,722233
1,281731	4,722560
1,283394	4,724842
1,173633	4,725820
1,314992	4,726147
1,105448	4,728755
1,534514	4,728755
1,303350	4,731690
1,428079	4,732342
1,196915	4,734625
1,336611	4,735603
1,213546	4,737234
1,127067	4,739190
1,165317	4,739516
1,250133	4,742451
1,341600	4,742125
1,354905	4,745060
1,161991	4,745712
1,013980	4,746690
1,228513	4,748320
1,238491	4,749625
1,481296	4,752560
1,155339	4,752886
1,349916	4,755168
1,263437	4,754842
1,211883	4,758103
1,223524	4,758429
1,261774	4,762016
1,176959	4,761364
1,318318	4,764299
1,055556	4,764299
1,012317	4,767886
1,310002	4,766581
1,300024	4,770494
1,291709	4,769516
1,228513	4,771799
1,078839	4,773103
1,280068	4,775712
1,195252	4,775712
1,150350	4,778647
1,168644	4,778647
1,163654	4,781581
1,507905	4,781581
1,301687	4,784190
1,038926	4,785168
1,438057	4,787125
1,171970	4,788755
1,017306	4,789734
1,186937	4,791690
1,210220	4,792342
1,087154	4,795277
1,097133	4,794625
1,268426	4,797234
1,448035	4,797886
1,083828	4,801147
1,128730	4,801799
1,035600	4,803755
1,120415	4,805060
1,258448	4,805386
1,221861	4,807995
0,949121	4,807995
1,083828	4,810929
1,196915	4,810929
1,240155	4,813212
1,295035	4,814516
1,103785	4,815821
1,083828	4,818103
1,200241	4,818429
1,534514	4,820060
1,072187	4,822342
1,072187	4,822995
1,281731	4,825603
1,463003	4,826582
1,020632	4,826908
0,945795	4,829842
1,205231	4,830168
1,122078	4,831799
1,502916	4,834408
1,514557	4,834082
1,474644	4,835712
1,393155	4,838973
1,092143	4,838321
1,386503	4,839951
1,474644	4,842560
1,165317	4,843538
1,238491	4,844842
1,324970	4,847451
1,369872	4,849082
1,489612	4,848755
1,228513	4,851364
1,208557	4,852995
1,193589	4,853321
1,095469	4,855277
0,987371	4,859190
1,216872	4,859190
1,225187	4,859190
1,379850	4,861799
1,316655	4,863755
1,195252	4,864734
1,308339	4,864734
1,316655	4,867016
1,303350	4,869625
1,161991	4,869951
1,147024	4,871256
1,260111	4,873538
1,137046	4,875169
1,120415	4,876473
1,042252	4,876473
1,193589	4,878429
0,979056	4,881038
1,185274	4,882669
0,895904	4,883321
1,150350	4,883647
1,235165	4,884951
0,970741	4,887886
1,010654	4,890169
1,338274	4,891147
1,314992	4,891473
1,168644	4,893103
0,846012	4,894082
1,168644	4,897343
1,097133	4,898647
0,829382	4,898647
1,005665	4,900929
1,125404	4,901908
1,165317	4,903864
1,290046	4,906473
1,048904	4,907451
1,082165	4,908103
1,050567	4,908756
1,068861	4,910712
1,168644	4,913321
0,979056	4,914625
1,173633	4,915930
1,092143	4,916582
1,095469	4,916908
1,078839	4,919190
1,324970	4,920821
1,135383	4,923103
1,145361	4,924734
1,137046	4,926038
1,128730	4,928321
1,145361	4,927995
1,190263	4,928973
1,038926	4,930603
0,895904	4,932886
1,321644	4,933538
0,899230	4,936799
1,152013	4,938430
1,463003	4,939082
0,992361	4,940712
1,311666	4,941364
1,152013	4,942017
0,842686	4,944299
0,970741	4,945930
0,880936	4,947234
0,846012	4,948212
1,010654	4,949843
1,210220	4,952777
1,098796	4,954734
0,980719	4,955712
1,088817	4,957017
1,132056	4,958647
0,974067	4,958973
0,979056	4,960930
1,108774	4,962234
1,138709	4,962560
1,004002	4,965169
1,057219	4,965821
1,175296	4,967777
1,063872	4,968756
1,055556	4,971364
1,180285	4,971690
1,095469	4,973321
0,784480	4,975930
1,063872	4,976256
0,794458	4,978864
0,693012	4,979843
0,827719	4,981799
1,155339	4,984082
1,148687	4,986038
0,977393	4,986691
0,930828	4,987343
1,122078	4,989625
0,959100	4,990277
0,877610	4,992234
1,122078	4,993864
1,163654	4,995821
0,844349	4,997125
0,904219	4,998430
1,150350	5,000060
1,000676	5,001038
1,200241	5,002343
0,980719	5,004299
0,884263	5,005604
1,143698	5,006582
0,977393	5,008212
1,236828	5,009517
1,273415	5,011473
0,846012	5,012125
0,994024	5,013430
1,052230	5,015712
0,942469	5,016364
0,885926	5,017017
0,919187	5,018321
1,030611	5,019625
1,481296	5,021582
0,822730	5,022560
1,027285	5,025169
0,917523	5,027451
1,241818	5,028756
1,143698	5,030060
1,321644	5,030712
1,117089	5,033647
1,150350	5,035278
1,261774	5,036582
1,168644	5,036908
1,373198	5,038538
1,419764	5,039517
1,191926	5,040821
1,022295	5,041799
1,170307	5,044082
1,216872	5,045712
1,168644	5,048321
1,300024	5,048973
1,150350	5,050930
1,128730	5,052234
1,271752	5,053865
1,115426	5,053538
1,150350	5,055169
1,231839	5,056799
1,276742	5,058756
0,924176	5,061691
1,028948	5,062343
1,020632	5,063973
1,005665	5,063973
1,176959	5,065278
1,356568	5,067234
1,100459	5,069517
1,022295	5,071147
1,132056	5,072125
1,409785	5,073104
1,170307	5,073756
1,022295	5,075386
1,013980	5,078321
1,158665	5,079625
1,328296	5,081256
1,206894	5,081908
1,205231	5,083539
1,030611	5,085169
1,371535	5,087125
1,020632	5,088756
1,218535	5,089734
1,135383	5,090060
1,161991	5,092343
1,255122	5,094952
1,321644	5,095604
1,178622	5,096582
1,028948	5,097560
1,072187	5,099843
1,286720	5,102126
1,201904	5,102126
1,238491	5,103104
1,088817	5,106365
1,085491	5,107669
0,900893	5,108647
1,166980	5,109626
1,178622	5,112560
1,102122	5,114191
1,105448	5,114843
0,980719	5,115495
0,944132	5,117452
1,161991	5,118756
1,158665	5,120060
1,263437	5,121039
1,253459	5,124299
1,113763	5,125278
1,423090	5,124626
1,366546	5,127886
1,225187	5,129843
1,240155	5,129191
1,235165	5,131473
1,088817	5,134082
0,975730	5,134734
0,979056	5,136691
1,025621	5,138647
1,221861	5,139626
0,950784	5,139626
1,298361	5,142234
0,967415	5,144843
1,303350	5,143865
1,085491	5,146800
1,250133	5,148430
1,148687	5,149408
1,078839	5,150060
1,303350	5,153321
1,038926	5,154300
1,072187	5,154626
1,090480	5,157234
1,193589	5,159191
1,102122	5,159517
0,970741	5,161800
1,379850	5,163756
1,102122	5,163756
1,008991	5,166039
1,383177	5,167995
1,070524	5,167995
1,088817	5,170604
1,183611	5,170604
1,303350	5,172234
1,152013	5,175821
1,391492	5,175821
1,057219	5,177126
1,148687	5,179082
1,241818	5,179408
1,137046	5,181365
1,181948	5,184300
1,137046	5,183647
1,374861	5,187887
1,135383	5,186908
1,002339	5,178756
1,235165	5,191800
1,255122	5,191147
1,165317	5,193756
1,338274	5,194734
1,060545	5,196365
1,310002	5,198974
1,201904	5,198974
1,048904	5,201582
1,087154	5,200930
1,130393	5,203539
1,283394	5,204843
1,552807	5,207126
1,306676	5,208756
1,321644	5,209408
1,446372	5,211365
1,358231	5,211691
1,150350	5,213974
0,984045	5,214300
1,152013	5,216908
1,122078	5,219191
1,196915	5,219517
1,245144	5,222452
1,401470	5,222126
1,298361	5,224734
1,346590	5,225061
1,256785	5,227995
1,393155	5,228321
1,023958	5,229626
1,270089	5,230930
1,130393	5,233213
1,326633	5,233213
1,263437	5,236474
1,243481	5,238430
1,374861	5,238104
1,258448	5,240387
1,306676	5,241039
1,334948	5,243974
1,474644	5,244300
1,391492	5,247561
0,900893	5,246256
1,165317	5,249843
1,097133	5,249843
1,178622	5,253104
1,195252	5,252126
1,215209	5,255713
1,082165	5,255387
1,186937	5,258321
1,454688	5,258974
1,366546	5,261582
1,246807	5,260604
1,265100	5,265169
1,260111	5,264517
1,429742	5,267452
1,063872	5,267126
1,188600	5,270387
1,364883	5,270713
1,281731	5,272995
1,245144	5,274300
1,246807	5,276582
1,401470	5,275930
1,286720	5,278213
1,127067	5,279191
1,243481	5,280169
1,329959	5,283104
1,522872	5,282778
1,220198	5,287017
1,413111	5,285713
1,396481	5,288974
1,354905	5,288322
1,048904	5,291582
1,110437	5,292561
1,208557	5,295495
1,524535	5,294843
1,245144	5,297452
1,085491	5,298756
1,067198	5,300387
1,238491	5,302669
1,283394	5,302669
1,235165	5,305278
1,453024	5,304626
1,438057	5,307235
1,085491	5,309517
1,201904	5,309517
1,185274	5,313104
1,321644	5,313104
1,053893	5,314735
1,112100	5,317017
1,316655	5,317343
1,238491	5,319300
1,226850	5,321582
1,300024	5,320930
1,467992	5,324191
1,291709	5,325169
1,477970	5,325496
1,260111	5,328756
1,028948	5,329409
1,068861	5,330713
1,143698	5,333974
1,487948	5,334300
1,453024	5,334626
1,248470	5,336256
1,153676	5,338213
1,240155	5,339191
0,975730	5,342126
1,170307	5,343104
1,063872	5,343104
1,152013	5,345387
0,935817	5,347996
1,303350	5,348648
1,210220	5,349626
1,243481	5,351583
1,280068	5,353539
1,166980	5,353213
1,152013	5,355169
1,123741	5,357452
1,290046	5,358756
1,276742	5,360387
1,110437	5,361365
1,210220	5,363322
1,313329	5,365604
1,152013	5,365278
1,188600	5,367235
1,125404	5,369517
1,152013	5,371148
1,055556	5,371474
1,233502	5,373430
1,248470	5,375061
0,904219	5,375713
1,127067	5,376691
1,255122	5,378974
1,439720	5,381909
1,408122	5,382887
1,313329	5,383213
1,223524	5,384843
1,291709	5,387452
1,388166	5,388757
1,283394	5,389083
1,163654	5,390713
1,236828	5,392996
1,055556	5,395930
1,203567	5,394952
1,310002	5,396583
1,313329	5,398865
1,348253	5,400496
1,193589	5,401800
1,436394	5,402452
1,291709	5,403430
1,318318	5,405061
1,062209	5,407017
1,055556	5,409626
1,052230	5,411257
1,268426	5,411583
1,171970	5,412561
1,270089	5,414517
1,386503	5,416800
1,358231	5,418104
1,290046	5,417452
0,949121	5,419735
1,188600	5,420713
1,238491	5,423648
1,376524	5,425278
1,295035	5,426583
1,371535	5,428539
1,245144	5,430170
1,310002	5,429844
1,476307	5,431474
1,379850	5,433104
1,145361	5,435061
1,185274	5,437344
1,301687	5,438322
1,331622	5,440278
1,348253	5,441257
1,070524	5,440931
1,930319	5,444191
1,592720	5,443865
1,373198	5,446148
1,517883	5,447778
1,487948	5,449735
1,389829	5,451691
1,406459	5,452996
1,481296	5,453974
1,280068	5,456909
1,449698	5,456583
1,544492	5,458213
1,383177	5,460170
1,419764	5,460170
1,507905	5,461800
1,346590	5,464409
1,484622	5,465387
1,356568	5,467344
1,391492	5,468648
1,660905	5,471583
1,576090	5,471583
1,454688	5,473213
1,283394	5,475822
1,344926	5,476474
1,509568	5,477778
1,581079	5,478757
1,463003	5,480061
0,962426	5,480387
1,181948	5,482018
1,228513	5,483322
1,087154	5,485605
1,394818	5,486583
1,677536	5,487887
1,361557	5,490496
1,426416	5,492452
1,353242	5,494409
1,389829	5,494409
1,389829	5,496365
1,253459	5,497344
1,434731	5,498648
1,334948	5,501257
1,394818	5,501909
1,285057	5,504518
1,439720	5,505496
1,215209	5,506800
1,409785	5,508431
1,433068	5,510387
1,336611	5,511039
1,413111	5,512996
1,451361	5,513974
1,499590	5,515278
1,132056	5,516583
1,206894	5,518213
1,393155	5,519518
1,354905	5,520170
1,306676	5,521800
1,476307	5,523105
1,296698	5,525061
1,288383	5,527018
1,396481	5,527018
1,448035	5,529952
1,476307	5,532561
1,672547	5,533213
1,601036	5,535170
1,438057	5,536800
1,487948	5,538105
1,534514	5,539083
1,386503	5,540387
1,574427	5,541365
1,544492	5,541692
1,082165	5,543648
1,296698	5,546257
1,386503	5,547887
1,378187	5,549192
1,341600	5,550822
1,449698	5,552452
1,459677	5,553431
1,241818	5,554409
1,409785	5,556039
1,223524	5,557670
1,336611	5,558322
1,190263	5,559952
1,185274	5,561583
1,376524	5,564518
1,428079	5,566148
1,444709	5,567126
1,401470	5,567452
1,526199	5,569083
1,639286	5,570387
1,472981	5,571366
3,891051	5,574300
3,540148	5,577235
2,953093	5,577561
2,480787	5,578539
2,381005	5,579192
2,450852	5,580496
2,301178	5,582779
2,189754	5,583757
