3,831181	0,987226
3,839496	0,987226
3,829518	0,988531
3,831181	0,985922
3,817877	0,989183
3,829518	0,989835
3,831181	0,991465
3,829518	0,994074
3,842823	0,994726
3,829518	0,997335
3,836170	0,997661
3,819540	0,999944
3,829518	1,000270
3,847812	1,003531
3,811225	1,004835
3,842823	1,005487
3,831181	1,006465
3,836170	1,007770
3,831181	1,009400
3,809562	1,011683
3,816214	1,013313
3,839496	1,014292
3,829518	1,015922
3,827855	1,018205
3,829518	1,019835
3,836170	1,022444
3,836170	1,020813
3,839496	1,024726
3,822866	1,025052
3,831181	1,025705
3,822866	1,027987
3,831181	1,029618
3,817877	1,030270
3,816214	1,033531
3,826192	1,034835
3,839496	1,035161
3,832844	1,038422
3,839496	1,039400
3,821203	1,039074
3,822866	1,043313
3,829518	1,042661
3,856127	1,043966
3,861116	1,046900
3,812888	1,049509
3,844486	1,049835
3,839496	1,049835
3,859453	1,053096
3,849475	1,055053
3,827855	1,055705
3,837833	1,055705
3,844486	1,058640
3,847812	1,060922
3,844486	1,062226
3,837833	1,062553
3,839496	1,063531
3,834507	1,066792
3,849475	1,068748
3,827855	1,069726
3,852801	1,069400
3,837833	1,072009
3,854464	1,072661
3,839496	1,075596
3,851138	1,077553
3,852801	1,078857
3,846149	1,079835
3,844486	1,080487
3,849475	1,081792
3,849475	1,083422
3,849475	1,084727
3,854464	1,087661
3,854464	1,089618
3,851138	1,090596
3,871094	1,093205
3,852801	1,094509
3,836170	1,095161
3,849475	1,096466
3,857790	1,097118
3,854464	1,098096
3,849475	1,099400
3,852801	1,101357
3,857790	1,102987
3,851138	1,103966
3,854464	1,106574
3,859453	1,107879
3,862779	1,109183
3,862779	1,110487
3,859453	1,112444
3,849475	1,114074
3,849475	1,115705
3,847812	1,117335
3,862779	1,117987
3,864442	1,118966
3,864442	1,121248
3,856127	1,122227
3,844486	1,123531
3,859453	1,124835
3,841160	1,126140
3,857790	1,128096
3,841160	1,129074
3,844486	1,130379
3,862779	1,132661
3,869431	1,134618
3,852801	1,136248
3,866105	1,138531
3,862779	1,140161
3,871094	1,141792
3,864442	1,143422
3,854464	1,144401
3,852801	1,145379
3,866105	1,147335
3,847812	1,148966
3,849475	1,148966
3,862779	1,150270
3,856127	1,152227
3,857790	1,153857
3,849475	1,154835
3,854464	1,157770
3,852801	1,159074
3,842823	1,161031
3,864442	1,162009
3,857790	1,162661
3,857790	1,163314
3,867768	1,165596
3,849475	1,167879
3,841160	1,170488
3,837833	1,170814
3,846149	1,172118
3,852801	1,172770
3,864442	1,175705
3,882736	1,177661
3,852801	1,178314
3,844486	1,178640
3,849475	1,179944
3,857790	1,182553
3,846149	1,184509
3,829518	1,184835
3,841160	1,185161
3,861116	1,188748
3,842823	1,187444
3,846149	1,192009
3,836170	1,191683
3,846149	1,193966
3,849475	1,196575
3,846149	1,197227
3,844486	1,196901
3,844486	1,199183
3,841160	1,202444
3,834507	1,203096
3,849475	1,203422
3,809562	1,205705
3,832844	1,208314
3,844486	1,208966
3,856127	1,209618
3,826192	1,213205
3,829518	1,213857
3,849475	1,213857
3,839496	1,216140
3,837833	1,219075
3,829518	1,219075
3,841160	1,221031
3,826192	1,223314
3,832844	1,223314
3,844486	1,225922
3,834507	1,227879
3,836170	1,227227
3,831181	1,230814
3,851138	1,231792
3,837833	1,231792
3,829518	1,235379
3,832844	1,235705
3,826192	1,237335
3,842823	1,239944
3,832844	1,239618
3,841160	1,241575
3,826192	1,243531
3,831181	1,244836
3,839496	1,247118
3,836170	1,246792
3,814551	1,249401
3,837833	1,250705
3,814551	1,252662
3,842823	1,253314
3,839496	1,254292
3,834507	1,257227
3,829518	1,257227
3,849475	1,259836
3,844486	1,260488
3,834507	1,263423
3,836170	1,263096
3,844486	1,265705
3,826192	1,267009
3,842823	1,268966
3,824529	1,269618
3,836170	1,270923
3,827855	1,273205
3,822866	1,273205
3,832844	1,275814
3,839496	1,276466
3,839496	1,279075
3,846149	1,279727
3,831181	1,282009
3,821203	1,283314
3,832844	1,285270
3,822866	1,286249
3,824529	1,287879
3,814551	1,289183
3,832844	1,291140
3,839496	1,291466
3,831181	1,293096
3,852801	1,295379
3,846149	1,295705
3,846149	1,298314
3,806236	1,298966
3,827855	1,302227
3,829518	1,301575
3,824529	1,303531
3,829518	1,305162
3,839496	1,306140
3,824529	1,308749
3,824529	1,309075
3,841160	1,312988
3,822866	1,312010
3,827855	1,314944
3,824529	1,314944
3,824529	1,317879
3,852801	1,318205
3,837833	1,319183
3,816214	1,322770
3,827855	1,322770
3,841160	1,324727
3,827855	1,326031
3,834507	1,326683
3,817877	1,329618
3,817877	1,329944
3,832844	1,332227
3,844486	1,335162
3,832844	1,333857
3,822866	1,336792
3,829518	1,337444
3,822866	1,338423
3,829518	1,341357
3,829518	1,340053
3,822866	1,342988
3,831181	1,345923
3,826192	1,346575
3,832844	1,347553
3,827855	1,351140
3,837833	1,350488
3,802909	1,352118
3,831181	1,353097
3,822866	1,355053
3,827855	1,357010
3,822866	1,360923
3,817877	1,359292
3,827855	1,362227
3,842823	1,363531
3,797920	1,363857
3,839496	1,366466
3,822866	1,366466
3,824529	1,368749
3,836170	1,369727
3,827855	1,370705
3,817877	1,372662
3,829518	1,374618
3,827855	1,377879
3,821203	1,377879
3,834507	1,378205
3,817877	1,381792
3,832844	1,383749
3,837833	1,382771
3,826192	1,385053
3,849475	1,387988
3,837833	1,387662
3,842823	1,388966
3,844486	1,392553
3,844486	1,393531
3,842823	1,392879
3,831181	1,395814
3,831181	1,398423
3,859453	1,397771
3,836170	1,399401
3,852801	1,402336
3,861116	1,403966
3,861116	1,405597
3,836170	1,405923
3,846149	1,406901
3,854464	1,409510
3,862779	1,411466
3,839496	1,411466
3,849475	1,412771
3,852801	1,414727
3,871094	1,417662
3,849475	1,418314
3,851138	1,418640
3,849475	1,419945
3,871094	1,423205
3,849475	1,424510
3,862779	1,425162
3,852801	1,426140
3,857790	1,427118
3,871094	1,430379
3,867768	1,432010
3,867768	1,433966
3,861116	1,433314
3,844486	1,434618
3,842823	1,436575
3,842823	1,439184
3,847812	1,441140
3,852801	1,441140
3,876083	1,442771
3,862779	1,443749
3,859453	1,445705
3,859453	1,447988
3,841160	1,449945
3,852801	1,450597
3,867768	1,450923
3,837833	1,452553
3,867768	1,454184
3,849475	1,456466
3,831181	1,459075
3,859453	1,459075
3,849475	1,460705
3,844486	1,461032
3,846149	1,462662
3,854464	1,465271
3,857790	1,466901
3,856127	1,468206
3,847812	1,469510
3,841160	1,470162
3,829518	1,471466
3,849475	1,473749
3,861116	1,474401
3,846149	1,477336
3,854464	1,479619
3,841160	1,480271
3,866105	1,481249
3,839496	1,482227
3,869431	1,483532
3,871094	1,484510
3,876083	1,485488
3,864442	1,487771
3,844486	1,489075
3,862779	1,491358
3,844486	1,493314
3,854464	1,495923
3,864442	1,495271
3,857790	1,498532
3,854464	1,500488
3,867768	1,501466
3,849475	1,502445
3,857790	1,504727
3,872757	1,505053
3,872757	1,506032
3,849475	1,507010
3,846149	1,508640
3,859453	1,509619
3,854464	1,511249
3,876083	1,513206
3,851138	1,514510
3,849475	1,516140
3,837833	1,518423
3,834507	1,519727
3,844486	1,521358
3,866105	1,522988
3,864442	1,523314
3,846149	1,526575
3,846149	1,528206
3,839496	1,529184
3,842823	1,531140
3,847812	1,531793
3,854464	1,534075
3,867768	1,534401
3,864442	1,537010
3,834507	1,537336
3,851138	1,538640
3,834507	1,539945
3,859453	1,540923
3,862779	1,542553
3,851138	1,544510
3,852801	1,546140
3,854464	1,546793
3,839496	1,549075
3,872757	1,550053
3,857790	1,551358
3,856127	1,552988
3,876083	1,554293
3,852801	1,555597
3,856127	1,557554
3,857790	1,558206
3,851138	1,560488
3,847812	1,562119
3,866105	1,563423
3,842823	1,564075
3,837833	1,566032
3,871094	1,568314
3,844486	1,569293
3,846149	1,570597
3,869431	1,572880
3,849475	1,573858
3,866105	1,577119
3,844486	1,576467
3,849475	1,578749
3,862779	1,580380
3,871094	1,582010
3,866105	1,583314
3,849475	1,584619
3,854464	1,586249
3,836170	1,588206
3,846149	1,589184
3,846149	1,591141
3,829518	1,591793
3,849475	1,593097
3,846149	1,594075
3,847812	1,594075
3,856127	1,596684
3,864442	1,598314
3,842823	1,599945
3,837833	1,601249
3,851138	1,601575
3,851138	1,604836
3,854464	1,606141
3,851138	1,609401
3,831181	1,610380
3,857790	1,610706
3,839496	1,610706
3,846149	1,612336
3,844486	1,614619
3,851138	1,616249
3,867768	1,619184
3,847812	1,621467
3,842823	1,621467
3,834507	1,622119
3,836170	1,622771
3,834507	1,624401
3,854464	1,626032
3,856127	1,624401
3,839496	1,630271
3,821203	1,631901
3,846149	1,634184
3,837833	1,631901
3,826192	1,636141
3,859453	1,635488
3,839496	1,637771
3,836170	1,639728
3,826192	1,642010
3,836170	1,644293
3,837833	1,645597
3,851138	1,646249
3,822866	1,646575
3,832844	1,648858
3,827855	1,650488
3,834507	1,652445
3,857790	1,654728
3,837833	1,656684
3,846149	1,656358
3,841160	1,657336
3,842823	1,659293
3,832844	1,660923
3,817877	1,661902
3,834507	1,664184
3,842823	1,666467
3,829518	1,668097
3,837833	1,669402
3,842823	1,669402
3,829518	1,670380
3,836170	1,672010
3,851138	1,673315
3,837833	1,677228
3,836170	1,677554
3,846149	1,679184
3,826192	1,679510
3,837833	1,680489
3,831181	1,682119
3,832844	1,685054
3,842823	1,686358
3,834507	1,688641
3,851138	1,689619
3,819540	1,688967
3,842823	1,690923
3,826192	1,693206
3,854464	1,695162
3,852801	1,696793
3,849475	1,697771
3,844486	1,698423
3,824529	1,699402
3,819540	1,702336
3,834507	1,703967
3,826192	1,705923
3,839496	1,706576
3,839496	1,707228
3,842823	1,708858
3,819540	1,711793
3,841160	1,712771
3,836170	1,715380
3,836170	1,715380
3,836170	1,715706
3,834507	1,718641
3,826192	1,720271
3,839496	1,722880
3,857790	1,722554
3,824529	1,723532
3,822866	1,725815
3,839496	1,727771
3,841160	1,729402
3,834507	1,730380
3,827855	1,730706
3,834507	1,732663
3,827855	1,733315
3,832844	1,737228
3,816214	1,739184
3,837833	1,738532
3,851138	1,739510
3,837833	1,741793
3,841160	1,743750
3,842823	1,746032
3,824529	1,746032
3,834507	1,747010
3,824529	1,748967
3,829518	1,750597
3,836170	1,753532
3,842823	1,754184
3,839496	1,754836
3,839496	1,755815
3,841160	1,758097
3,832844	1,761032
3,849475	1,761032
3,831181	1,761358
3,821203	1,763315
3,811225	1,766902
3,812888	1,767554
3,846149	1,767554
3,842823	1,768858
3,834507	1,772119
3,849475	1,774076
3,816214	1,774076
3,839496	1,774402
3,831181	1,777010
3,842823	1,779945
3,829518	1,779619
3,834507	1,781250
3,834507	1,783532
3,819540	1,785163
3,842823	1,785815
3,817877	1,786793
3,831181	1,789402
3,832844	1,791684
3,819540	1,791684
3,837833	1,792010
3,816214	1,794293
3,824529	1,797554
3,844486	1,797880
3,827855	1,798858
3,839496	1,801467
3,841160	1,801793
3,844486	1,803424
3,831181	1,804402
3,831181	1,807337
3,826192	1,808967
3,826192	1,810271
3,836170	1,810597
3,829518	1,813206
3,824529	1,815163
3,819540	1,815163
3,834507	1,816141
3,824529	1,819076
3,849475	1,821032
3,824529	1,820706
3,839496	1,822011
3,831181	1,825271
3,817877	1,825924
3,847812	1,826902
3,836170	1,826902
3,842823	1,830489
3,867768	1,832445
3,832844	1,832119
3,844486	1,834402
3,829518	1,837011
3,857790	1,837989
3,846149	1,838641
3,876083	1,840271
3,844486	1,842554
3,844486	1,843858
3,827855	1,844511
3,827855	1,846467
3,844486	1,849076
3,822866	1,849402
3,817877	1,850380
3,839496	1,852663
3,844486	1,854619
3,846149	1,854293
3,824529	1,855924
3,819540	1,859511
3,846149	1,860163
3,831181	1,860489
3,827855	1,860489
3,834507	1,864728
3,841160	1,865706
3,829518	1,866358
3,826192	1,868315
3,822866	1,870924
3,841160	1,868641
3,821203	1,871902
3,837833	1,875489
3,834507	1,874185
3,817877	1,876467
3,827855	1,876793
3,832844	1,881032
3,822866	1,880380
3,834507	1,882663
3,829518	1,883315
3,837833	1,887228
3,844486	1,886902
3,817877	1,888532
3,809562	1,891467
3,801246	1,891793
3,792931	1,892445
3,834507	1,894402
3,841160	1,896359
3,834507	1,897663
3,806236	1,898315
3,827855	1,901576
3,824529	1,903206
3,831181	1,901250
3,829518	1,905489
3,832844	1,907119
3,824529	1,905163
3,826192	1,909402
3,817877	1,911359
3,822866	1,911685
3,822866	1,913967
3,854464	1,916902
3,842823	1,916902
3,812888	1,917554
3,842823	1,919837
3,834507	1,922446
3,816214	1,922119
3,849475	1,923098
3,821203	1,927011
3,831181	1,926032
3,839496	1,927989
3,851138	1,930924
3,827855	1,930598
3,834507	1,933532
3,846149	1,935489
3,837833	1,936141
3,831181	1,937772
3,842823	1,940380
3,812888	1,939402
3,827855	1,941033
3,846149	1,944293
3,834507	1,944619
3,851138	1,945924
3,836170	1,948859
3,829518	1,947880
3,827855	1,951141
3,849475	1,953098
3,852801	1,953098
3,834507	1,954402
3,849475	1,958315
3,849475	1,958315
3,837833	1,958967
3,857790	1,961902
3,831181	1,961250
3,842823	1,963859
3,836170	1,965489
3,856127	1,966141
3,854464	1,969076
3,849475	1,969728
3,846149	1,970380
3,839496	1,973967
3,854464	1,974946
3,862779	1,974620
3,841160	1,977554
3,841160	1,979185
3,854464	1,979185
3,841160	1,982120
3,861116	1,983424
3,866105	1,983750
3,857790	1,985380
3,859453	1,987011
3,847812	1,987989
3,859453	1,990924
3,841160	1,991250
3,841160	1,993533
3,837833	1,996141
3,849475	1,995163
3,871094	1,997772
3,837833	1,999402
3,857790	2,000054
3,832844	2,002989
3,854464	2,003641
3,857790	2,003641
3,864442	2,007554
3,854464	2,008207
3,849475	2,009185
3,857790	2,012120
3,857790	2,012120
3,879410	2,014728
3,856127	2,015707
3,857790	2,015054
3,852801	2,018641
3,867768	2,018641
3,869431	2,019946
3,874420	2,023859
3,852801	2,023533
3,837833	2,025815
3,869431	2,028098
3,869431	2,027772
3,852801	2,031359
3,869431	2,031359
3,857790	2,032011
3,852801	2,035598
3,856127	2,035924
3,854464	2,037228
3,859453	2,039511
3,852801	2,038859
3,869431	2,042120
3,871094	2,044076
3,867768	2,044076
3,857790	2,046359
3,879410	2,048641
3,854464	2,048315
3,859453	2,051250
3,841160	2,051250
3,857790	2,052881
3,857790	2,055815
3,862779	2,055815
3,846149	2,058098
3,861116	2,058750
3,846149	2,060381
3,859453	2,062989
3,844486	2,063315
3,849475	2,065272
3,849475	2,067881
3,849475	2,067228
3,869431	2,069837
3,852801	2,071141
3,871094	2,072120
3,859453	2,075054
3,862779	2,075707
3,854464	2,076359
3,847812	2,079294
3,849475	2,078641
3,862779	2,082228
3,856127	2,083533
3,852801	2,082881
3,866105	2,087120
3,864442	2,088098
3,861116	2,087446
3,869431	2,090055
3,842823	2,092011
3,844486	2,092337
3,839496	2,095598
3,869431	2,095272
3,857790	2,096902
3,837833	2,100163
3,849475	2,099185
3,841160	2,103098
3,834507	2,104402
3,852801	2,104402
3,846149	2,107011
3,842823	2,107989
3,844486	2,109294
3,836170	2,111250
3,849475	2,111902
3,846149	2,113533
3,829518	2,116468
3,829518	2,115815
3,827855	2,118750
3,837833	2,119728
3,846149	2,120055
3,842823	2,123642
3,841160	2,124294
3,806236	2,125924
3,824529	2,127555
3,846149	2,127555
3,849475	2,130815
3,827855	2,131468
3,824529	2,131794
3,841160	2,135707
3,842823	2,135707
3,839496	2,137663
3,837833	2,139294
3,841160	2,140272
3,832844	2,141576
3,836170	2,142881
3,846149	2,143533
3,842823	2,146794
3,836170	2,147446
3,864442	2,148424
3,847812	2,151359
3,841160	2,152011
3,832844	2,152337
3,822866	2,155924
3,826192	2,155924
3,824529	2,157881
3,826192	2,159837
3,826192	2,160163
3,839496	2,162446
3,849475	2,163098
3,829518	2,164402
3,854464	2,167663
3,822866	2,168316
3,827855	2,167989
3,836170	2,171250
3,837833	2,172555
3,846149	2,172881
3,837833	2,176142
3,834507	2,177446
3,812888	2,177446
3,849475	2,180055
3,827855	2,181033
3,814551	2,182663
3,851138	2,184620
3,849475	2,184946
3,802909	2,187229
3,819540	2,189837
3,864442	2,189185
3,836170	2,191142
3,819540	2,194076
3,837833	2,193424
3,824529	2,195055
3,854464	2,197663
3,841160	2,197990
3,826192	2,199946
3,832844	2,202229
3,829518	2,202881
3,822866	2,204185
3,839496	2,207772
3,814551	2,208098
3,806236	2,208750
3,819540	2,211033
3,839496	2,212337
3,836170	2,212663
3,822866	2,216250
3,822866	2,217229
3,846149	2,217229
3,824529	2,219511
3,851138	2,222446
3,832844	2,222120
3,829518	2,223750
3,836170	2,226685
3,841160	2,226033
3,834507	2,227990
3,829518	2,230272
3,837833	2,230272
3,822866	2,232555
3,844486	2,235490
3,826192	2,236142
3,832844	2,236794
3,842823	2,239403
3,841160	2,240055
3,837833	2,241033
3,849475	2,243316
3,822866	2,244946
3,831181	2,245272
3,831181	2,246577
3,836170	2,249837
3,834507	2,249837
3,821203	2,250490
3,834507	2,252772
3,831181	2,255707
3,831181	2,256033
3,844486	2,256685
3,861116	2,259294
3,842823	2,260924
3,837833	2,261577
3,837833	2,262881
3,836170	2,266142
3,844486	2,267120
3,839496	2,266468
3,822866	2,268751
3,816214	2,271685
3,834507	2,272990
3,816214	2,272990
3,834507	2,274294
3,839496	2,277229
3,851138	2,279185
3,832844	2,278859
3,809562	2,279185
3,857790	2,283751
3,841160	2,283751
3,827855	2,285381
3,831181	2,286033
3,834507	2,289620
3,852801	2,290598
3,824529	2,289620
3,826192	2,292881
3,826192	2,294838
3,842823	2,296142
3,837833	2,295816
3,826192	2,297446
3,844486	2,301359
3,831181	2,300381
3,836170	2,302011
3,819540	2,304294
3,824529	2,307555
3,816214	2,308207
3,816214	2,307881
3,819540	2,310164
3,847812	2,312772
3,832844	2,313751
3,827855	2,315381
3,849475	2,315381
3,846149	2,317990
3,839496	2,320272
3,842823	2,321577
3,849475	2,321903
3,847812	2,323533
3,849475	2,325816
3,846149	2,326794
3,854464	2,327120
3,849475	2,328098
3,844486	2,332012
3,859453	2,333642
3,822866	2,334294
3,857790	2,334946
3,836170	2,336903
3,849475	2,339185
3,872757	2,339838
3,849475	2,340816
3,849475	2,341794
3,861116	2,344403
3,849475	2,346359
3,866105	2,347990
3,857790	2,347664
3,841160	2,349946
3,851138	2,351903
3,862779	2,353533
3,847812	2,354838
3,859453	2,354838
3,852801	2,357446
3,849475	2,360055
3,854464	2,361359
3,874420	2,360707
3,852801	2,362664
3,861116	2,365599
3,867768	2,367229
3,849475	2,367229
3,852801	2,368859
3,872757	2,371142
3,866105	2,373099
3,854464	2,374403
3,871094	2,374403
3,849475	2,375055
3,852801	2,377338
3,857790	2,380272
3,839496	2,381577
3,866105	2,382555
3,862779	2,382555
3,849475	2,385490
3,876083	2,387446
3,871094	2,388425
3,854464	2,390055
3,841160	2,390707
3,854464	2,392012
3,871094	2,394294
3,857790	2,396577
3,851138	2,397229
3,861116	2,397881
3,856127	2,399186
3,871094	2,401794
3,861116	2,404077
3,846149	2,405707
3,862779	2,404729
3,857790	2,407012
3,842823	2,407990
3,861116	2,410273
3,862779	2,412555
3,856127	2,414186
3,837833	2,414512
3,849475	2,415164
3,837833	2,416468
3,852801	2,418099
3,852801	2,421686
3,866105	2,423316
3,861116	2,422990
3,876083	2,423642
3,852801	2,425273
3,871094	2,427881
3,857790	2,429512
3,871094	2,431468
3,851138	2,431794
3,844486	2,433099
3,856127	2,434729
3,837833	2,436033
3,876083	2,438316
3,829518	2,440599
3,866105	2,440925
3,862779	2,442229
3,866105	2,443533
3,864442	2,444512
3,847812	2,447447
3,854464	2,449729
3,862779	2,450381
3,851138	2,451686
3,857790	2,452990
3,849475	2,453316
3,836170	2,455273
3,844486	2,456251
3,842823	2,458860
3,837833	2,459512
3,841160	2,462120
3,849475	2,463099
3,871094	2,464403
3,816214	2,464403
3,844486	2,467012
3,832844	2,467990
3,842823	2,470599
3,831181	2,471251
3,839496	2,474186
3,827855	2,476142
3,841160	2,475164
3,844486	2,477120
3,836170	2,478425
3,814551	2,479077
3,829518	2,480381
3,841160	2,482990
3,834507	2,485273
3,834507	2,487881
3,841160	2,488860
3,827855	2,490164
3,824529	2,491468
3,832844	2,492773
3,829518	2,493099
3,846149	2,495055
3,854464	2,496360
3,846149	2,498968
3,846149	2,500925
3,834507	2,501577
3,861116	2,501903
3,827855	2,503860
3,839496	2,505164
3,837833	2,507773
3,836170	2,510055
3,834507	2,509729
3,844486	2,511686
3,821203	2,512664
3,837833	2,514294
3,819540	2,515599
3,832844	2,517555
3,852801	2,518534
3,829518	2,520490
3,822866	2,521794
3,836170	2,522773
3,844486	2,523751
3,822866	2,526034
3,841160	2,527664
3,814551	2,529947
3,824529	2,530925
3,831181	2,532881
3,819540	2,532229
3,836170	2,534186
3,826192	2,535490
3,824529	2,537447
3,822866	2,538425
3,837833	2,541686
3,824529	2,543642
3,826192	2,544621
3,844486	2,544947
3,826192	2,545925
3,827855	2,547229
3,832844	2,548860
3,832844	2,551468
3,826192	2,553751
3,842823	2,554403
3,852801	2,556034
3,814551	2,557338
3,807899	2,558316
3,851138	2,558642
3,837833	2,560599
3,804572	2,562555
3,831181	2,564186
3,827855	2,566142
3,839496	2,568425
3,837833	2,570055
3,827855	2,570382
3,836170	2,571686
3,822866	2,573316
3,837833	2,573968
3,832844	2,575273
3,846149	2,576251
3,837833	2,577882
3,814551	2,580490
3,844486	2,582773
3,842823	2,584729
3,827855	2,585382
3,842823	2,586686
3,852801	2,588969
3,854464	2,590599
3,827855	2,590925
3,844486	2,592229
3,839496	2,593534
3,824529	2,593860
3,824529	2,595164
3,842823	2,596795
3,822866	2,599077
3,824529	2,601034
3,822866	2,602664
3,819540	2,605599
3,822866	2,606251
3,837833	2,608208
3,824529	2,608860
3,816214	2,609838
3,826192	2,611795
3,824529	2,612773
3,837833	2,612773
3,814551	2,615056
3,817877	2,616360
3,846149	2,617664
3,842823	2,618642
3,834507	2,620925
3,841160	2,623534
3,816214	2,625164
3,839496	2,626143
3,834507	2,628425
3,814551	2,629403
3,832844	2,631686
3,847812	2,632012
3,819540	2,632990
3,836170	2,633316
3,842823	2,636577
3,822866	2,636903
3,826192	2,637882
3,827855	2,640164
3,827855	2,641469
3,836170	2,641795
3,826192	2,643425
3,841160	2,646034
3,822866	2,645708
3,832844	2,648316
3,841160	2,649947
3,809562	2,651251
3,821203	2,653208
3,811225	2,654838
3,824529	2,656143
3,826192	2,655816
3,849475	2,658751
3,827855	2,659730
3,819540	2,662990
3,836170	2,662012
3,832844	2,665273
3,832844	2,666903
3,842823	2,667882
3,824529	2,668860
3,849475	2,670490
3,824529	2,671795
3,846149	2,673425
3,834507	2,675056
3,832844	2,677664
3,846149	2,677664
3,831181	2,679621
3,841160	2,681577
3,841160	2,682230
3,842823	2,684186
3,827855	2,686469
3,842823	2,687121
3,859453	2,689730
3,836170	2,691034
3,842823	2,692338
3,851138	2,694295
3,856127	2,696577
3,869431	2,697556
3,844486	2,698208
3,834507	2,699186
3,861116	2,700490
3,846149	2,701795
3,852801	2,703751
3,847812	2,704404
3,862779	2,706360
3,857790	2,707664
3,849475	2,709295
3,851138	2,710925
3,839496	2,713534
3,854464	2,714186
3,851138	2,716143
3,864442	2,717773
3,856127	2,718099
3,854464	2,719404
3,847812	2,720382
3,861116	2,722012
3,867768	2,723969
3,852801	2,725599
3,874420	2,728534
3,869431	2,729838
3,849475	2,731143
3,859453	2,732121
3,862779	2,732447
3,872757	2,734077
3,852801	2,736034
3,864442	2,737338
3,867768	2,739621
3,862779	2,741578
3,864442	2,742556
3,852801	2,743860
3,869431	2,744512
3,862779	2,745164
3,849475	2,746469
3,864442	2,748751
3,849475	2,750382
3,866105	2,752991
3,864442	2,755273
3,852801	2,755599
3,869431	2,756251
3,852801	2,758534
3,862779	2,758534
3,849475	2,759838
3,849475	2,762121
3,861116	2,764404
3,852801	2,766034
3,846149	2,767991
3,844486	2,767338
3,851138	2,768643
3,839496	2,770599
3,862779	2,772230
3,861116	2,773534
3,867768	2,775817
3,856127	2,776795
3,854464	2,779404
3,866105	2,780708
3,852801	2,780382
3,851138	2,780056
3,856127	2,783969
3,849475	2,786252
3,841160	2,786252
3,859453	2,789512
3,842823	2,790817
3,837833	2,788534
3,849475	2,791143
3,837833	2,793752
3,872757	2,794730
3,827855	2,797338
3,862779	2,799947
3,849475	2,801252
3,856127	2,803208
3,856127	2,801904
3,856127	2,802230
3,866105	2,806469
3,887725	2,806795
3,882736	2,810056
3,856127	2,811034
3,894377	2,812012
3,857790	2,812012
3,882736	2,813969
3,877747	2,816578
3,864442	2,819186
3,886062	2,819839
3,889388	2,820817
3,877747	2,821143
3,869431	2,823425
3,896040	2,825708
3,891051	2,827665
3,876083	2,828643
3,881073	2,829621
3,862779	2,830273
3,877747	2,833208
3,866105	2,834839
3,887725	2,835165
3,851138	2,836469
3,869431	2,838426
3,862779	2,841034
3,862779	2,842339
3,859453	2,843969
3,846149	2,843969
3,847812	2,845599
3,857790	2,848534
3,882736	2,850491
3,851138	2,850491
3,864442	2,851469
3,856127	2,853426
3,862779	2,855708
3,842823	2,856360
3,832844	2,856686
3,844486	2,858317
3,822866	2,861252
3,837833	2,862882
3,849475	2,863208
3,819540	2,863534
3,836170	2,867447
3,839496	2,867773
3,822866	2,868099
3,816214	2,870056
3,844486	2,872665
3,824529	2,874947
3,842823	2,874947
3,814551	2,875273
3,827855	2,878208
3,829518	2,881143
3,826192	2,880491
3,822866	2,882121
3,839496	2,883426
3,822866	2,886034
3,857790	2,886686
3,822866	2,887991
3,844486	2,889621
3,836170	2,892556
3,831181	2,892882
3,822866	2,893208
3,849475	2,895491
3,826192	2,897447
3,839496	2,900056
3,831181	2,898752
3,851138	2,901360
3,834507	2,903969
3,859453	2,905600
3,837833	2,905926
3,812888	2,906904
3,822866	2,909187
3,832844	2,911469
3,827855	2,911795
3,836170	2,912121
3,851138	2,915056
3,841160	2,917339
3,831181	2,917339
3,831181	2,918317
3,839496	2,920600
3,822866	2,923208
3,826192	2,923534
3,836170	2,924513
3,842823	2,927774
3,819540	2,927447
3,866105	2,927774
3,826192	2,931034
3,831181	2,932991
3,831181	2,933317
3,827855	2,934295
3,829518	2,936904
3,831181	2,939187
3,837833	2,938534
3,832844	2,938208
3,851138	2,943426
3,832844	2,945056
3,831181	2,945382
3,816214	2,945708
3,832844	2,948643
3,849475	2,950926
3,829518	2,951578
3,837833	2,952230
3,837833	2,954839
3,844486	2,956795
3,817877	2,955817
3,834507	2,959078
3,846149	2,961361
3,851138	2,961034
3,836170	2,962339
3,852801	2,964295
3,839496	2,966578
3,852801	2,966578
3,861116	2,968534
3,864442	2,971143
3,844486	2,970817
3,854464	2,972448
3,854464	2,975708
3,834507	2,976687
3,859453	2,977013
3,856127	2,979621
3,836170	2,982230
3,854464	2,981252
3,842823	2,983861
3,852801	2,986143
3,842823	2,986143
3,846149	2,988426
3,862779	2,990056
3,856127	2,991035
3,844486	2,992339
3,877747	2,994621
3,866105	2,994621
3,876083	2,996578
3,857790	2,999513
3,864442	2,999513
3,846149	3,001795
3,876083	3,003426
3,849475	3,003752
3,877747	3,006361
3,886062	3,007339
3,876083	3,007665
3,849475	3,010926
3,867768	3,010926
3,857790	3,012556
3,889388	3,015817
3,872757	3,015165
3,859453	3,017774
3,877747	3,018752
3,859453	3,019730
3,862779	3,022013
3,857790	3,023317
3,856127	3,024295
3,866105	3,027230
3,852801	3,027882
3,859453	3,029187
3,861116	3,029839
3,859453	3,031795
3,889388	3,034404
3,864442	3,034730
3,864442	3,037339
3,869431	3,037339
3,857790	3,039295
3,877747	3,041904
3,844486	3,041252
3,844486	3,044513
3,839496	3,044513
3,856127	3,046469
3,866105	3,048752
3,857790	3,048752
3,839496	3,052339
3,817877	3,052013
3,876083	3,053969
3,851138	3,055600
3,839496	3,055926
3,856127	3,059187
3,827855	3,059187
3,832844	3,061796
3,836170	3,063426
3,849475	3,064404
3,849475	3,066361
3,842823	3,065709
3,846149	3,069622
3,832844	3,070600
3,839496	3,071252
3,844486	3,074187
3,844486	3,074839
3,842823	3,077122
3,839496	3,077122
3,837833	3,078752
3,831181	3,081035
3,837833	3,081035
3,851138	3,083969
3,819540	3,084622
3,822866	3,086252
3,841160	3,088535
3,852801	3,088535
3,857790	3,091796
3,827855	3,091469
3,854464	3,093426
3,834507	3,096035
3,841160	3,096035
3,824529	3,098317
3,836170	3,099622
3,841160	3,101904
3,831181	3,102883
3,827855	3,103861
3,839496	3,106143
3,827855	3,106470
3,836170	3,109078
3,839496	3,109078
3,839496	3,112013
3,834507	3,111687
3,841160	3,114948
3,817877	3,115274
3,829518	3,116578
3,827855	3,118535
3,832844	3,119513
3,841160	3,122448
3,836170	3,122122
3,827855	3,125383
3,819540	3,125057
3,829518	3,128317
3,846149	3,127339
3,817877	3,131252
3,826192	3,130926
3,837833	3,134513
3,829518	3,133861
3,841160	3,136470
3,842823	3,136796
3,844486	3,139404
3,839496	3,140057
3,822866	3,142665
3,832844	3,143317
3,822866	3,144296
3,827855	3,145600
3,834507	3,148209
3,827855	3,148209
3,826192	3,150817
3,829518	3,152122
3,829518	3,155383
3,837833	3,153752
3,831181	3,157339
3,842823	3,157013
3,851138	3,159948
3,834507	3,159622
3,834507	3,162557
3,841160	3,162883
3,834507	3,166470
3,842823	3,166144
3,827855	3,169404
3,824529	3,168752
3,831181	3,172013
3,824529	3,172013
3,841160	3,174622
3,836170	3,175600
3,839496	3,176578
3,822866	3,179187
3,829518	3,179187
3,837833	3,183100
3,829518	3,181796
3,836170	3,184078
3,827855	3,185383
3,836170	3,187013
3,832844	3,188318
3,822866	3,190926
3,819540	3,190926
3,841160	3,192557
3,829518	3,195818
3,819540	3,193535
3,824529	3,197774
3,837833	3,200057
3,836170	3,200383
3,837833	3,202665
3,826192	3,201687
3,844486	3,205926
3,851138	3,205600
3,836170	3,208861
3,846149	3,208535
3,834507	3,211144
3,851138	3,213100
3,836170	3,213100
3,831181	3,216361
3,864442	3,215057
3,857790	3,218644
3,849475	3,219296
3,842823	3,220274
3,842823	3,222557
3,849475	3,223861
3,831181	3,226796
3,851138	3,225818
3,871094	3,229078
3,864442	3,229731
3,852801	3,231361
3,877747	3,233318
3,864442	3,233644
3,856127	3,237231
3,852801	3,236578
3,867768	3,240165
3,867768	3,239839
3,864442	3,241796
3,869431	3,243426
3,877747	3,242774
3,866105	3,246035
3,872757	3,246361
3,866105	3,249948
3,856127	3,249296
3,866105	3,251252
3,879410	3,253861
3,862779	3,254187
3,859453	3,256796
3,872757	3,258100
3,876083	3,259079
3,874420	3,261687
3,867768	3,261035
3,862779	3,264622
3,857790	3,265274
3,856127	3,266579
3,864442	3,268861
3,864442	3,269187
3,852801	3,271144
3,852801	3,272448
3,842823	3,272122
3,861116	3,275709
3,857790	3,276361
3,859453	3,278318
3,869431	3,279948
3,887725	3,280274
3,862779	3,282883
3,854464	3,283535
3,852801	3,284839
3,857790	3,288752
3,849475	3,288100
3,857790	3,290057
3,852801	3,291361
3,861116	3,291361
3,859453	3,293970
3,856127	3,295274
3,866105	3,295926
3,852801	3,299187
3,862779	3,299513
3,841160	3,301470
3,832844	3,303753
3,856127	3,304405
3,834507	3,307013
3,841160	3,307339
3,832844	3,307992
3,849475	3,310600
3,832844	3,312231
3,832844	3,313535
3,849475	3,315818
3,844486	3,317122
3,826192	3,317122
3,837833	3,318753
3,836170	3,320383
3,826192	3,321687
3,831181	3,323644
3,849475	3,323318
3,829518	3,325600
3,839496	3,328861
3,834507	3,329187
3,829518	3,329840
3,827855	3,333100
3,826192	3,334079
3,841160	3,334405
3,849475	3,337666
3,839496	3,337992
3,836170	3,338644
3,819540	3,342231
3,849475	3,341905
3,839496	3,343861
3,837833	3,346144
3,834507	3,347774
3,846149	3,347122
3,844486	3,351361
3,831181	3,352992
3,837833	3,351687
3,829518	3,353970
3,839496	3,357231
3,822866	3,357557
3,831181	3,358209
3,822866	3,360818
3,826192	3,362122
3,822866	3,363427
3,831181	3,364405
3,844486	3,367992
3,829518	3,367666
3,832844	3,368644
3,832844	3,370600
3,851138	3,372883
3,826192	3,373861
3,824529	3,374840
3,822866	3,376470
3,829518	3,379405
3,842823	3,379731
3,807899	3,380057
3,826192	3,382014
3,836170	3,384948
3,829518	3,385600
3,836170	3,385600
3,827855	3,387231
3,856127	3,391144
3,822866	3,393101
3,841160	3,391796
3,834507	3,393101
3,834507	3,394405
3,836170	3,397666
3,841160	3,400274
3,837833	3,400274
3,834507	3,399948
3,811225	3,401905
3,832844	3,404840
3,849475	3,406144
3,837833	3,406796
3,837833	3,407774
3,846149	3,409405
3,832844	3,412014
3,812888	3,414296
3,836170	3,414948
3,829518	3,414948
3,817877	3,416253
3,831181	3,417883
3,841160	3,421144
3,837833	3,422122
3,844486	3,424731
3,856127	3,426035
3,849475	3,426688
3,829518	3,427014
3,817877	3,427340
3,832844	3,430601
3,817877	3,430601
3,831181	3,434840
3,834507	3,435166
3,829518	3,435818
3,839496	3,438427
3,839496	3,438427
3,841160	3,440057
3,839496	3,440709
3,836170	3,443970
3,839496	3,446253
3,826192	3,447231
3,836170	3,449514
3,839496	3,450492
3,836170	3,451796
3,847812	3,451796
3,839496	3,453427
3,831181	3,454079
3,814551	3,456035
3,852801	3,458644
3,827855	3,460927
3,831181	3,461579
3,856127	3,463535
3,824529	3,464514
3,851138	3,464840
3,837833	3,466796
3,834507	3,467775
3,857790	3,469405
3,826192	3,470709
3,852801	3,472340
3,862779	3,474948
3,847812	3,475927
3,851138	3,477557
3,859453	3,479840
3,852801	3,481796
3,857790	3,483101
3,852801	3,483427
3,856127	3,485383
3,844486	3,487340
3,837833	3,488970
3,866105	3,489296
3,884399	3,490927
3,877747	3,492557
3,851138	3,493862
3,867768	3,495166
3,857790	3,496470
3,864442	3,497775
3,877747	3,498427
3,871094	3,501035
3,846149	3,502014
3,881073	3,504622
3,861116	3,506579
3,864442	3,506905
3,862779	3,508862
3,881073	3,511470
3,852801	3,512122
3,857790	3,514079
3,852801	3,515057
3,869431	3,516362
3,861116	3,518318
3,852801	3,518970
3,869431	3,520927
3,876083	3,521905
3,851138	3,523862
3,859453	3,525492
3,846149	3,526144
3,869431	3,526796
3,846149	3,528753
3,859453	3,530057
3,879410	3,531362
3,846149	3,532992
3,857790	3,533970
3,861116	3,535601
3,866105	3,536253
3,836170	3,538209
3,869431	3,540492
3,862779	3,541796
3,862779	3,542775
3,854464	3,543753
3,837833	3,546362
3,854464	3,547340
3,867768	3,549296
3,852801	3,550601
3,871094	3,552231
3,842823	3,554188
3,852801	3,556144
3,856127	3,557775
3,854464	3,558101
3,844486	3,560057
3,866105	3,561688
3,867768	3,559405
3,854464	3,564623
3,832844	3,564623
3,854464	3,566253
3,814551	3,566579
3,837833	3,569188
3,869431	3,571470
3,849475	3,573753
3,841160	3,572123
3,842823	3,576036
3,861116	3,577014
3,831181	3,579297
3,827855	3,580275
3,862779	3,580927
3,844486	3,582883
3,839496	3,583862
3,836170	3,586144
3,857790	3,587449
3,857790	3,589405
3,849475	3,592014
3,839496	3,592992
3,842823	3,592992
3,859453	3,594297
3,819540	3,596579
3,852801	3,597557
3,841160	3,599188
3,844486	3,600492
3,851138	3,603427
3,831181	3,603753
3,836170	3,605384
3,839496	3,605384
3,837833	3,606362
3,851138	3,608970
3,836170	3,610927
3,851138	3,612884
3,822866	3,613862
3,847812	3,614840
3,847812	3,615492
3,816214	3,617449
3,839496	3,620057
3,831181	3,622340
3,837833	3,622992
3,849475	3,623971
3,832844	3,624623
3,836170	3,626579
3,831181	3,628536
3,827855	3,631144
3,829518	3,632123
3,837833	3,632775
3,849475	3,634079
3,857790	3,635384
3,836170	3,637014
3,867768	3,639297
3,847812	3,640927
3,836170	3,640275
3,832844	3,642558
3,839496	3,645166
3,834507	3,647123
3,842823	3,647775
3,822866	3,648753
3,849475	3,649731
3,857790	3,652666
3,842823	3,653971
3,837833	3,655275
3,849475	3,655275
3,834507	3,656579
3,809562	3,659840
3,841160	3,661471
3,837833	3,662123
3,839496	3,662449
3,836170	3,664731
3,841160	3,667014
3,852801	3,667666
3,824529	3,668645
3,837833	3,670601
3,839496	3,672558
3,844486	3,673536
3,829518	3,674840
3,844486	3,676471
3,832844	3,678753
3,854464	3,680058
3,837833	3,680710
3,824529	3,681362
3,856127	3,683645
3,851138	3,686579
3,844486	3,686905
3,841160	3,687232
3,839496	3,689514
3,831181	3,692449
3,839496	3,693101
3,861116	3,693427
3,839496	3,695710
3,856127	3,697992
3,832844	3,698971
3,837833	3,698645
3,851138	3,701905
3,834507	3,704188
3,832844	3,703862
3,854464	3,705492
3,839496	3,707775
3,844486	3,708101
3,842823	3,709732
3,831181	3,711036
3,844486	3,713971
3,826192	3,714297
3,831181	3,716253
3,846149	3,718536
3,829518	3,719188
3,839496	3,720166
3,847812	3,720819
3,834507	3,723101
3,829518	3,722123
3,851138	3,726362
3,827855	3,727992
3,844486	3,728971
3,851138	3,732232
3,836170	3,733536
3,836170	3,732884
3,841160	3,735819
3,822866	3,736797
3,837833	3,737449
3,837833	3,737775
3,832844	3,742666
3,836170	3,741688
3,839496	3,743645
3,821203	3,746253
3,834507	3,746906
3,841160	3,748536
3,842823	3,750492
3,832844	3,749840
3,841160	3,753101
3,836170	3,754406
3,834507	3,754406
3,829518	3,756688
3,836170	3,758319
3,816214	3,759623
3,811225	3,762558
3,834507	3,761906
3,846149	3,765166
3,857790	3,766797
3,844486	3,766471
3,849475	3,770058
3,837833	3,769406
3,837833	3,771688
3,869431	3,774949
3,849475	3,774297
3,854464	3,778210
3,834507	3,777884
3,839496	3,779514
3,847812	3,781797
3,837833	3,781797
3,862779	3,784732
3,839496	3,785058
3,859453	3,787014
3,859453	3,788319
3,852801	3,788645
3,859453	3,792232
3,822866	3,791906
3,846149	3,792884
3,841160	3,798101
3,854464	3,795493
3,861116	3,799406
3,861116	3,799732
3,837833	3,801036
3,887725	3,802667
3,867768	3,803319
3,859453	3,805927
3,867768	3,807232
3,847812	3,808862
3,849475	3,808862
3,866105	3,813427
3,876083	3,811797
3,866105	3,814732
3,884399	3,815384
3,856127	3,816688
3,876083	3,818971
3,862779	3,819623
3,844486	3,821906
3,856127	3,822232
3,864442	3,826145
3,866105	3,825493
3,851138	3,826797
3,876083	3,828754
3,877747	3,831362
3,864442	3,831362
3,846149	3,834623
3,876083	3,834949
3,869431	3,836906
3,851138	3,837232
3,877747	3,840167
3,861116	3,840167
3,876083	3,842775
3,857790	3,842449
3,882736	3,846036
3,871094	3,845710
3,854464	3,849297
3,877747	3,848971
3,857790	3,851254
3,862779	3,852232
3,867768	3,854188
3,844486	3,855167
3,856127	3,857449
3,849475	3,859732
3,869431	3,860058
3,869431	3,862667
3,856127	3,862667
3,832844	3,864623
3,859453	3,864297
3,851138	3,868210
3,856127	3,868210
3,862779	3,871471
3,862779	3,870819
3,837833	3,873101
3,844486	3,875058
3,832844	3,875710
3,852801	3,878319
3,831181	3,878319
3,857790	3,882232
3,832844	3,881254
3,846149	3,884841
3,859453	3,884841
3,846149	3,885819
3,829518	3,887775
3,807899	3,888754
3,824529	3,890710
3,859453	3,891362
3,839496	3,894623
3,844486	3,893971
3,831181	3,897232
3,832844	3,897558
3,836170	3,899515
3,837833	3,901797
3,846149	3,901797
3,827855	3,904406
3,839496	3,905058
3,831181	3,906362
3,837833	3,909623
3,829518	3,908319
3,812888	3,910928
3,841160	3,913536
3,822866	3,914188
3,849475	3,915493
3,837833	3,917449
3,832844	3,917449
3,837833	3,920710
3,839496	3,920058
3,829518	3,922667
3,819540	3,925602
3,837833	3,924623
3,846149	3,926906
3,844486	3,928862
3,837833	3,928536
3,832844	3,931471
3,859453	3,932449
3,832844	3,933754
3,834507	3,937015
3,822866	3,937015
3,824529	3,938645
3,829518	3,941254
3,854464	3,940928
3,821203	3,942232
3,831181	3,946145
3,832844	3,946145
3,836170	3,946797
3,826192	3,949080
3,849475	3,950384
3,827855	3,951362
3,829518	3,954949
3,852801	3,955928
3,827855	3,955275
3,831181	3,957884
3,832844	3,959515
3,814551	3,960493
3,839496	3,962123
3,832844	3,964406
3,837833	3,965710
3,809562	3,966362
3,824529	3,968319
3,816214	3,969949
3,821203	3,970928
3,834507	3,972232
3,827855	3,974841
3,844486	3,975819
3,847812	3,976471
3,834507	3,978102
3,836170	3,980710
3,827855	3,982667
3,837833	3,982993
3,822866	3,982667
3,826192	3,985602
3,842823	3,988536
3,836170	3,988536
3,867768	3,988863
3,831181	3,990493
3,824529	3,994080
3,829518	3,995384
3,827855	3,995710
3,837833	3,997015
3,822866	3,998971
3,827855	4,000928
3,826192	4,002232
3,849475	4,003210
3,842823	4,004515
3,851138	4,006471
3,837833	4,007450
3,829518	4,010058
3,822866	4,011036
3,836170	4,012015
3,819540	4,012993
3,844486	4,015602
3,841160	4,016580
3,852801	4,017884
3,832844	4,017558
3,826192	4,021145
3,839496	4,023102
3,841160	4,024406
3,844486	4,025710
3,831181	4,026036
3,827855	4,026036
3,836170	4,029623
3,841160	4,032232
3,846149	4,033210
3,856127	4,033863
3,842823	4,034841
3,814551	4,036145
3,839496	4,039080
3,831181	4,039406
3,829518	4,042341
3,844486	4,042341
3,849475	4,044623
3,836170	4,045602
3,854464	4,047232
3,839496	4,047884
3,834507	4,049841
3,847812	4,051145
3,822866	4,053428
3,837833	4,054732
3,831181	4,056037
3,849475	4,058645
3,809562	4,059297
3,847812	4,060928
3,842823	4,062232
3,842823	4,063210
3,836170	4,064515
3,867768	4,066471
3,849475	4,066797
3,839496	4,069080
3,857790	4,070058
3,834507	4,070710
3,857790	4,072993
3,861116	4,073971
3,869431	4,075928
3,846149	4,076580
3,846149	4,078863
3,849475	4,081797
3,852801	4,082776
3,867768	4,084406
3,842823	4,085711
3,877747	4,087667
3,879410	4,088971
3,862779	4,091906
3,854464	4,091906
3,846149	4,093537
3,871094	4,094841
3,872757	4,096798
3,869431	4,097450
3,866105	4,099080
3,864442	4,100711
3,879410	4,102015
3,851138	4,103319
3,876083	4,105602
3,857790	4,107558
3,854464	4,107558
3,872757	4,108863
3,857790	4,110819
3,864442	4,112450
3,874420	4,113428
3,859453	4,115058
3,846149	4,116037
3,871094	4,118319
3,881073	4,118971
3,837833	4,120276
3,857790	4,121580
3,876083	4,122232
3,856127	4,124189
3,854464	4,125819
3,889388	4,127124
3,859453	4,130058
3,877747	4,130058
3,869431	4,133319
3,876083	4,134950
3,864442	4,136254
3,856127	4,136906
3,852801	4,138537
3,862779	4,139841
3,859453	4,140493
3,849475	4,142450
3,864442	4,142450
3,856127	4,143754
3,862779	4,146037
3,851138	4,147341
3,866105	4,150602
3,861116	4,151580
3,864442	4,153863
3,862779	4,154841
3,847812	4,155819
3,857790	4,157776
3,867768	4,158428
3,844486	4,159406
3,854464	4,160385
3,867768	4,161689
3,859453	4,164298
3,849475	4,165602
3,876083	4,166580
3,867768	4,169189
3,854464	4,170819
3,856127	4,172450
3,844486	4,172450
3,822866	4,174080
3,849475	4,176037
3,836170	4,177667
3,851138	4,179298
3,852801	4,180928
3,844486	4,181580
3,859453	4,185167
3,849475	4,185167
3,844486	4,185819
3,837833	4,187450
3,842823	4,188428
3,846149	4,188428
3,856127	4,192993
3,844486	4,194298
3,851138	4,195276
3,834507	4,196254
3,826192	4,197232
3,837833	4,198863
3,846149	4,200819
3,822866	4,203102
3,832844	4,205059
3,829518	4,205385
3,837833	4,207015
3,829518	4,207667
3,837833	4,209950
3,834507	4,212233
3,826192	4,213211
3,849475	4,214841
3,841160	4,214841
3,831181	4,216472
3,837833	4,217776
3,852801	4,221363
3,834507	4,222667
3,824529	4,222667
3,854464	4,223646
3,836170	4,225276
3,824529	4,227885
3,836170	4,228863
3,817877	4,230493
3,836170	4,230820
3,844486	4,233102
3,814551	4,235711
3,832844	4,237015
3,834507	4,237341
3,824529	4,239298
3,851138	4,241906
3,852801	4,241580
3,841160	4,242233
3,842823	4,244189
3,832844	4,246472
3,837833	4,249080
3,834507	4,251363
3,842823	4,251037
3,829518	4,253972
3,852801	4,255928
3,841160	4,256580
3,836170	4,257233
3,851138	4,259189
3,849475	4,261798
3,844486	4,261472
3,832844	4,263102
3,849475	4,266037
3,817877	4,267341
3,836170	4,267341
3,826192	4,270276
3,847812	4,272885
3,832844	4,272233
3,836170	4,273863
3,842823	4,276798
3,844486	4,277450
3,842823	4,278428
3,841160	4,281037
3,822866	4,282015
3,837833	4,282667
3,834507	4,284298
3,826192	4,286254
3,837833	4,286580
3,836170	4,288863
3,841160	4,290494
3,834507	4,290494
3,837833	4,294407
3,842823	4,295059
3,839496	4,295059
3,866105	4,298646
3,856127	4,299950
3,839496	4,299950
3,852801	4,301907
3,836170	4,304841
3,841160	4,304515
3,842823	4,306472
3,839496	4,308754
3,839496	4,309081
3,831181	4,311363
3,857790	4,312015
3,822866	4,312994
3,837833	4,315602
3,829518	4,315928
3,834507	4,319189
3,842823	4,320167
3,826192	4,319515
3,831181	4,322450
3,827855	4,323428
3,817877	4,326037
3,834507	4,327015
3,822866	4,327668
3,834507	4,329950
3,817877	4,330602
3,832844	4,333537
3,824529	4,334841
3,824529	4,335494
3,847812	4,337776
3,839496	4,337776
3,861116	4,340711
3,842823	4,340711
3,832844	4,343646
3,854464	4,344624
3,827855	4,344624
3,837833	4,348211
3,831181	4,348863
3,822866	4,350820
3,832844	4,351146
3,831181	4,353102
3,826192	4,355711
3,836170	4,355711
3,867768	4,358320
3,837833	4,359298
3,856127	4,361255
3,842823	4,363537
3,844486	4,363537
3,854464	4,364841
3,839496	4,365168
3,836170	4,367776
3,861116	4,368755
3,832844	4,371037
3,852801	4,372668
3,862779	4,373972
3,849475	4,375928
3,862779	4,375276
3,846149	4,379189
3,859453	4,379189
3,862779	4,381798
3,869431	4,381798
3,851138	4,385385
3,859453	4,384733
3,854464	4,388320
3,866105	4,387668
3,881073	4,390276
3,839496	4,390602
3,846149	4,392559
3,857790	4,393537
3,867768	4,395820
3,856127	4,397450
3,866105	4,398755
3,856127	4,400711
3,862779	4,401363
3,856127	4,403320
3,872757	4,405276
3,849475	4,405276
3,861116	4,407559
3,867768	4,408537
3,877747	4,411146
3,846149	4,410820
3,861116	4,414081
3,831181	4,414081
3,861116	4,417342
3,849475	4,416689
3,877747	4,419298
3,876083	4,419950
3,852801	4,423537
3,864442	4,422885
3,854464	4,425820
3,839496	4,425168
3,857790	4,429081
3,876083	4,428429
3,874420	4,431689
3,866105	4,432016
3,866105	4,433646
3,871094	4,434624
3,856127	4,436255
3,866105	4,438537
3,841160	4,437885
3,854464	4,442124
3,867768	4,441798
3,864442	4,443755
3,881073	4,445711
3,847812	4,447016
3,849475	4,449298
3,836170	4,449624
3,881073	4,452885
3,857790	4,452559
3,844486	4,453537
3,867768	4,456472
3,867768	4,456146
3,852801	4,458429
3,862779	4,459733
3,837833	4,461363
3,856127	4,462668
3,839496	4,460385
3,841160	4,466581
3,869431	4,468211
3,846149	4,467885
3,842823	4,471146
3,834507	4,470820
3,839496	4,473755
3,847812	4,475059
3,846149	4,475385
3,844486	4,477994
3,864442	4,479950
3,844486	4,480277
3,841160	4,483537
3,866105	4,482885
3,842823	4,485820
3,846149	4,487777
3,829518	4,486472
3,839496	4,489733
3,832844	4,490711
3,839496	4,491363
3,844486	4,494950
3,846149	4,495603
3,854464	4,495603
3,839496	4,498211
3,824529	4,501146
3,834507	4,500494
3,849475	4,502777
3,852801	4,505385
3,836170	4,506364
3,829518	4,506037
3,816214	4,509624
3,846149	4,510277
3,836170	4,510603
3,866105	4,512885
3,836170	4,515494
3,837833	4,515494
3,817877	4,516798
3,839496	4,519733
3,852801	4,520059
3,827855	4,520711
3,832844	4,523972
3,837833	4,525603
3,827855	4,525929
3,824529	4,526581
3,822866	4,529842
3,846149	4,531146
3,836170	4,530820
3,837833	4,533755
3,836170	4,535711
3,844486	4,536037
3,851138	4,537342
3,851138	4,539624
3,849475	4,541581
3,827855	4,542233
3,824529	4,543864
3,827855	4,545168
3,831181	4,547451
3,829518	4,548103
3,826192	4,548755
3,859453	4,550385
3,839496	4,553972
3,837833	4,554624
3,841160	4,554298
3,822866	4,556581
3,832844	4,558538
3,846149	4,560168
3,836170	4,561472
3,832844	4,562124
3,837833	4,563103
3,839496	4,565711
3,842823	4,567342
3,831181	4,568972
3,846149	4,569624
3,831181	4,570603
3,819540	4,572559
3,831181	4,574842
3,854464	4,576146
3,837833	4,577451
3,849475	4,578429
3,832844	4,579407
3,836170	4,582016
3,846149	4,582994
3,849475	4,585603
3,834507	4,585603
3,849475	4,586255
3,816214	4,588864
3,851138	4,590494
3,846149	4,592451
3,827855	4,593755
3,841160	4,595059
3,844486	4,595712
3,819540	4,595385
3,841160	4,598972
3,824529	4,601255
3,836170	4,601255
3,834507	4,601581
3,837833	4,603864
3,822866	4,605820
3,827855	4,608755
3,834507	4,610385
3,842823	4,611690
3,834507	4,612668
3,827855	4,613972
3,842823	4,614951
3,814551	4,615603
3,829518	4,617885
3,832844	4,619190
3,829518	4,622125
3,841160	4,620494
3,836170	4,624733
3,834507	4,625712
3,844486	4,627016
3,824529	4,626364
3,856127	4,628646
3,849475	4,630603
3,846149	4,631907
3,827855	4,634842
3,837833	4,635820
3,846149	4,637451
3,849475	4,640059
3,851138	4,641364
3,857790	4,642668
3,844486	4,643972
3,851138	4,645277
3,856127	4,645929
3,844486	4,647559
3,821203	4,648538
3,841160	4,650494
3,849475	4,651146
3,841160	4,652451
3,842823	4,654081
3,847812	4,656364
3,849475	4,657994
3,869431	4,660277
3,861116	4,662233
3,839496	4,662559
3,861116	4,664516
3,849475	4,663864
3,866105	4,666799
3,864442	4,668103
3,851138	4,669081
3,844486	4,669733
3,864442	4,671690
3,857790	4,672668
3,859453	4,673973
3,862779	4,676255
3,874420	4,676907
3,856127	4,679190
3,857790	4,681146
3,859453	4,682125
3,857790	4,683755
3,857790	4,684733
3,856127	4,686038
3,842823	4,687342
3,852801	4,689951
3,859453	4,690603
3,866105	4,692233
3,876083	4,693538
3,856127	4,695168
3,867768	4,696146
3,856127	4,698103
3,861116	4,699733
3,857790	4,700712
3,854464	4,702016
3,867768	4,704299
3,852801	4,705929
3,861116	4,707560
3,862779	4,708864
3,874420	4,709516
3,846149	4,713103
3,889388	4,714407
3,882736	4,715712
3,854464	4,717016
3,864442	4,718320
3,854464	4,718647
3,837833	4,720929
3,851138	4,722233
3,871094	4,722886
3,867768	4,724842
3,869431	4,726799
3,864442	4,728755
3,879410	4,730060
3,872757	4,732342
3,852801	4,732342
3,861116	4,733320
3,856127	4,734951
3,851138	4,736255
3,876083	4,738538
3,864442	4,739516
3,852801	4,740820
3,847812	4,741147
3,859453	4,743755
3,861116	4,746038
3,842823	4,747668
3,861116	4,748320
3,831181	4,746690
3,869431	4,751255
3,854464	4,753864
3,861116	4,755168
3,842823	4,757125
3,847812	4,757451
3,829518	4,757777
3,852801	4,760712
3,842823	4,761364
3,846149	4,763321
3,831181	4,764299
3,831181	4,765603
3,847812	4,767886
3,832844	4,770494
3,817877	4,769516
3,837833	4,772125
3,806236	4,773755
3,837833	4,776364
3,844486	4,776690
3,812888	4,777016
3,844486	4,779625
3,846149	4,781581
3,837833	4,783212
3,816214	4,783212
3,824529	4,784842
3,866105	4,787777
3,814551	4,788755
3,836170	4,789734
3,837833	4,791364
3,844486	4,793321
3,827855	4,792668
3,841160	4,794299
3,836170	4,798212
3,816214	4,797560
3,822866	4,799516
3,822866	4,801799
3,831181	4,802451
3,831181	4,804408
3,849475	4,806038
3,839496	4,807016
3,849475	4,807995
3,846149	4,811255
3,841160	4,810929
3,831181	4,811581
3,837833	4,815495
3,817877	4,816799
3,827855	4,816147
3,854464	4,819081
3,827855	4,821038
3,826192	4,821038
3,844486	4,823973
3,837833	4,824951
3,826192	4,824951
3,837833	4,828212
3,841160	4,829842
3,807899	4,829842
3,849475	4,832451
3,842823	4,834408
3,829518	4,833429
3,839496	4,837342
3,842823	4,837668
3,842823	4,838647
3,829518	4,840929
3,846149	4,841908
3,852801	4,844190
3,814551	4,846147
3,824529	4,845495
3,836170	4,849408
3,841160	4,849734
3,814551	4,850060
3,834507	4,853647
3,834507	4,852995
3,864442	4,857234
3,836170	4,856582
3,851138	4,859516
3,829518	4,859516
3,847812	4,861147
3,827855	4,863103
3,856127	4,864408
3,857790	4,866690
3,834507	4,867016
3,849475	4,868973
3,837833	4,869951
3,836170	4,871582
3,847812	4,872560
3,822866	4,875169
3,837833	4,876799
3,846149	4,876799
3,829518	4,879408
3,831181	4,880060
3,839496	4,882669
3,861116	4,882016
3,837833	4,885277
3,829518	4,884951
3,827855	4,888212
3,834507	4,888864
3,836170	4,891799
3,837833	4,890821
3,866105	4,894408
3,829518	4,893756
3,841160	4,896690
3,822866	4,896364
3,839496	4,899299
3,822866	4,900277
3,831181	4,901908
3,841160	4,901582
3,826192	4,906147
3,822866	4,905495
3,832844	4,909408
3,832844	4,908103
3,829518	4,911364
3,836170	4,912669
3,827855	4,914951
3,836170	4,915277
3,839496	4,916582
3,842823	4,917886
3,839496	4,919516
3,857790	4,922125
3,834507	4,922777
3,836170	4,925712
3,827855	4,925060
3,872757	4,927669
3,842823	4,928321
3,836170	4,931256
3,844486	4,930930
3,834507	4,932886
3,851138	4,935495
3,852801	4,935169
3,834507	4,937777
3,831181	4,937777
3,849475	4,941038
3,857790	4,942017
3,839496	4,943647
3,851138	4,945277
3,854464	4,945277
3,871094	4,948538
3,839496	4,948212
3,856127	4,950495
3,862779	4,953103
3,834507	4,953103
3,869431	4,956038
3,859453	4,955712
3,861116	4,958321
3,851138	4,959299
3,849475	4,960277
3,864442	4,963538
3,886062	4,963864
3,867768	4,964517
3,872757	4,967125
3,876083	4,967451
3,862779	4,969408
3,864442	4,972017
3,862779	4,972669
3,869431	4,973973
3,871094	4,976908
3,846149	4,976908
3,856127	4,978864
3,861116	4,979517
3,872757	4,979517
3,867768	4,983430
3,867768	4,985060
3,852801	4,984734
3,866105	4,987343
3,866105	4,989951
3,854464	4,989625
3,882736	4,991908
3,856127	4,994191
3,851138	4,993538
3,884399	4,996147
3,866105	4,998104
3,859453	5,000060
3,869431	4,999082
3,866105	5,002017
3,849475	5,003647
3,866105	5,003973
3,862779	5,006908
3,849475	5,007886
3,859453	5,008212
3,866105	5,010821
3,869431	5,013104
3,862779	5,013756
3,847812	5,013430
3,861116	5,016691
3,862779	5,018321
3,869431	5,018973
3,859453	5,020278
3,854464	5,023538
3,866105	5,024517
3,852801	5,024517
3,862779	5,026473
3,866105	5,027778
3,861116	5,029734
3,869431	5,031038
3,871094	5,031691
3,849475	5,034625
3,854464	5,036256
3,859453	5,037560
3,857790	5,037234
3,831181	5,039191
3,849475	5,041799
3,854464	5,043430
3,846149	5,044734
3,847812	5,043756
3,826192	5,047017
3,824529	5,047995
3,841160	5,051256
3,834507	5,052234
3,854464	5,052234
3,837833	5,053865
3,819540	5,056473
3,846149	5,058430
3,831181	5,059408
3,829518	5,058756
3,836170	5,060712
3,831181	5,064625
3,842823	5,065278
3,854464	5,066908
3,826192	5,067886
3,824529	5,068538
3,826192	5,069843
3,847812	5,071799
3,814551	5,075060
3,844486	5,076039
3,859453	5,077017
3,844486	5,077669
3,837833	5,078321
3,841160	5,080278
3,821203	5,081908
3,849475	5,084191
3,854464	5,086147
3,849475	5,087452
3,844486	5,087778
3,844486	5,089082
3,829518	5,090060
3,832844	5,091691
3,826192	5,092995
3,836170	5,095604
3,839496	5,097560
3,849475	5,099191
3,834507	5,100495
3,847812	5,100495
3,837833	5,102778
3,836170	5,104408
3,824529	5,104734
3,824529	5,107017
3,819540	5,108321
3,837833	5,109952
3,827855	5,111256
3,852801	5,113539
3,846149	5,115821
3,829518	5,117126
3,841160	5,117778
3,827855	5,120060
3,826192	5,121365
3,814551	5,122669
3,842823	5,123973
3,827855	5,126256
3,814551	5,126256
3,851138	5,127234
3,831181	5,128865
3,817877	5,129517
3,829518	5,132452
3,842823	5,132778
3,831181	5,134734
3,824529	5,136039
3,822866	5,136691
3,826192	5,138321
3,831181	5,140278
3,834507	5,141582
3,834507	5,143539
3,836170	5,144517
3,851138	5,146147
3,834507	5,148430
3,831181	5,149408
3,837833	5,152017
3,842823	5,152995
3,837833	5,154626
3,839496	5,155604
3,847812	5,157234
3,854464	5,158539
3,829518	5,159843
3,842823	5,161800
3,832844	5,162452
3,849475	5,165060
3,839496	5,167017
3,824529	5,168321
3,832844	5,169626
3,851138	5,170604
3,837833	5,171908
3,822866	5,172234
3,849475	5,174191
3,831181	5,175169
3,836170	5,176147
3,837833	5,178430
3,836170	5,179734
3,836170	5,181691
3,849475	5,184300
3,841160	5,185278
3,836170	5,187234
3,842823	5,187560
3,814551	5,189517
3,851138	5,190495
3,841160	5,191800
3,819540	5,192452
3,829518	5,194082
3,824529	5,196039
3,826192	5,198647
3,832844	5,199952
3,856127	5,201908
3,834507	5,202887
3,864442	5,204517
3,834507	5,203539
3,829518	5,206147
3,836170	5,206800
3,822866	5,209082
3,837833	5,211691
3,839496	5,214626
3,836170	5,214300
3,834507	5,215604
3,834507	5,217887
3,837833	5,218213
3,817877	5,219191
3,817877	5,220821
3,846149	5,221474
3,834507	5,223756
3,836170	5,227017
3,852801	5,227995
3,846149	5,228974
3,842823	5,230930
3,846149	5,231256
3,829518	5,232887
3,831181	5,233539
3,846149	5,235821
3,824529	5,237126
3,864442	5,239408
3,856127	5,241039
3,842823	5,242017
3,841160	5,242995
3,836170	5,243648
3,844486	5,246582
3,839496	5,248213
3,849475	5,249843
3,862779	5,250495
3,857790	5,251800
3,862779	5,252126
3,852801	5,253756
3,862779	5,257343
3,852801	5,258648
3,834507	5,260278
3,837833	5,259952
3,842823	5,261908
3,859453	5,263865
3,866105	5,266474
3,854464	5,267126
3,857790	5,268104
3,854464	5,268756
3,879410	5,270387
3,871094	5,272995
3,851138	5,274626
3,859453	5,274952
3,864442	5,275930
3,849475	5,279517
3,872757	5,280495
3,857790	5,280822
3,857790	5,282126
3,881073	5,283104
3,867768	5,285713
3,876083	5,287669
3,866105	5,287995
3,847812	5,289300
3,846149	5,290930
3,859453	5,293865
3,864442	5,294843
3,852801	5,295169
3,872757	5,298104
3,876083	5,299735
3,861116	5,299735
3,884399	5,300713
3,872757	5,303322
3,872757	5,305278
3,862779	5,305604
3,866105	5,307887
3,881073	5,310495
3,849475	5,309843
3,861116	5,312126
3,856127	5,313756
3,887725	5,315387
3,872757	5,316691
3,879410	5,318322
3,857790	5,318322
3,862779	5,319952
3,866105	5,323539
3,854464	5,323865
3,866105	5,324843
3,854464	5,328104
3,847812	5,327778
3,862779	5,329409
3,854464	5,330387
3,871094	5,332017
3,864442	5,334952
3,856127	5,334952
3,869431	5,336582
3,866105	5,339191
3,871094	5,338539
3,872757	5,342126
3,867768	5,343104
3,867768	5,343430
3,871094	5,347017
3,876083	5,347017
3,859453	5,349300
3,862779	5,350930
3,857790	5,350930
3,876083	5,353539
3,844486	5,353865
3,852801	5,356800
3,866105	5,357126
3,864442	5,358756
3,847812	5,360713
3,856127	5,360713
3,866105	5,364300
3,844486	5,364300
3,871094	5,366909
3,839496	5,365930
3,852801	5,368539
3,854464	5,368865
3,854464	5,370496
3,842823	5,373430
3,854464	5,372126
3,864442	5,377996
3,844486	5,375713
3,859453	5,379626
3,842823	5,380604
3,869431	5,382887
3,852801	5,382887
3,847812	5,385822
3,851138	5,385170
3,861116	5,389083
3,837833	5,388757
3,857790	5,391365
3,844486	5,391365
3,831181	5,395930
3,847812	5,394626
3,827855	5,398539
3,827855	5,397235
3,847812	5,401148
3,849475	5,401148
3,852801	5,404409
3,811225	5,404409
3,826192	5,406039
3,842823	5,406365
3,829518	5,408648
3,841160	5,411257
3,842823	5,411257
3,842823	5,414191
3,831181	5,414191
3,829518	5,416800
3,837833	5,417452
3,842823	5,417452
3,817877	5,420713
3,829518	5,421691
3,846149	5,423974
3,839496	5,424626
3,852801	5,424952
3,847812	5,427887
3,834507	5,428865
3,841160	5,429844
3,844486	5,432452
3,827855	5,432452
3,846149	5,436039
3,846149	5,436691
3,834507	5,436691
3,836170	5,439626
3,832844	5,440604
3,839496	5,442561
3,856127	5,444517
3,839496	5,444844
3,839496	5,446148
3,844486	5,448757
3,842823	5,449409
3,841160	5,451691
3,831181	5,453322
3,817877	5,452670
3,822866	5,455604
3,847812	5,456909
3,829518	5,458213
3,839496	5,460822
3,846149	5,462126
3,839496	5,462126
3,844486	5,465387
3,846149	5,465713
3,842823	5,466365
3,836170	5,469626
3,829518	5,468974
3,829518	5,471909
3,841160	5,473865
3,837833	5,473539
3,832844	5,475822
3,836170	5,478431
3,824529	5,478105
3,832844	5,480713
3,842823	5,482996
3,837833	5,482670
3,841160	5,483648
3,836170	5,486583
3,847812	5,486909
3,832844	5,489518
3,826192	5,491800
3,807899	5,492126
3,822866	5,492126
3,831181	5,495713
3,851138	5,497018
3,866105	5,497018
3,827855	5,499300
3,842823	5,502235
3,846149	5,502235
3,831181	5,502561
3,824529	5,505170
3,834507	5,508105
3,827855	5,508105
3,826192	5,508757
3,834507	5,510387
3,849475	5,512670
3,832844	5,513322
3,832844	5,514952
3,834507	5,517235
3,849475	5,520170
3,836170	5,518865
3,849475	5,520496
3,837833	5,523757
3,832844	5,525387
3,869431	5,527018
3,824529	5,526039
3,826192	5,528322
3,852801	5,531257
3,839496	5,532235
3,842823	5,532561
3,842823	5,533539
3,849475	5,536148
3,846149	5,539409
3,827855	5,539735
3,832844	5,538757
3,849475	5,542018
3,826192	5,543974
3,844486	5,545605
3,842823	5,545931
3,822866	5,547561
3,841160	5,548866
3,836170	5,551148
3,836170	5,552126
3,831181	5,553105
3,844486	5,554735
3,846149	5,556039
3,834507	5,558648
3,817877	5,560605
3,839496	5,561257
3,844486	5,563539
3,839496	5,562561
3,826192	5,563539
3,836170	5,565496
3,839496	5,568757
3,824529	5,570387
3,847812	5,572344
3,831181	5,572018
3,832844	5,574300
3,826192	5,574626
3,824529	5,576257
3,839496	5,577561
3,852801	5,579192
3,844486	5,582453
3,849475	5,582779
