2,655407	0,988857
2,658733	0,988205
2,615494	0,988531
2,849984	0,986574
2,598864	0,986574
2,622146	0,987878
2,961408	0,990487
2,625472	0,991465
2,853310	0,993748
2,750201	0,996031
2,532342	0,997009
2,730244	0,999618
2,803418	1,000922
2,682016	1,001574
2,309494	1,002879
2,835016	1,004183
2,597201	1,006139
2,914843	1,007770
2,648755	1,010052
2,696983	1,010379
2,602190	1,011357
2,640440	1,012335
2,667049	1,015270
2,450852	1,018205
2,821712	1,019183
2,618820	1,018205
2,620483	1,020161
2,673701	1,023422
2,663722	1,025052
2,718603	1,024726
2,545646	1,026683
2,718603	1,029618
2,736897	1,030596
2,826701	1,029944
2,899875	1,031574
2,716940	1,035813
2,859962	1,034835
2,871603	1,036139
2,706962	1,039074
2,600527	1,040379
2,760179	1,040053
2,775147	1,043966
2,567266	1,044944
2,735233	1,045270
2,843332	1,048531
2,542320	1,049835
2,758516	1,049835
2,746875	1,052770
2,738560	1,053748
2,838342	1,053748
2,758516	1,057335
3,026267	1,057661
2,700309	1,058640
2,836679	1,062226
2,748538	1,062226
2,587222	1,063205
2,640440	1,066140
2,949766	1,065813
2,743549	1,069074
2,909853	1,070705
2,613831	1,071357
2,683679	1,073313
2,657070	1,072661
2,755190	1,076574
2,698646	1,077553
2,775147	1,077879
2,896549	1,080813
2,838342	1,080161
2,933136	1,083422
2,974712	1,083422
2,731907	1,087335
2,884908	1,087009
2,467483	1,090270
2,954756	1,089618
2,976375	1,092227
2,841668	1,092879
2,710288	1,095487
2,701973	1,096466
2,806744	1,098422
2,682016	1,099400
2,459168	1,101031
2,929810	1,102009
2,736897	1,104292
2,745212	1,104292
2,974712	1,107879
2,776810	1,107227
2,701973	1,109835
2,683679	1,111140
2,873266	1,113096
2,670375	1,114400
2,933136	1,115053
2,698646	1,118640
2,840005	1,117987
2,452516	1,119618
2,869940	1,121574
2,846658	1,121900
2,841668	1,125814
2,740223	1,125487
2,542320	1,128096
2,914843	1,129401
2,758516	1,130053
2,675364	1,133314
2,903201	1,133640
2,691994	1,133966
3,012962	1,137227
2,605516	1,137879
2,785125	1,138205
2,869940	1,142444
3,009636	1,142118
2,894886	1,142444
2,889897	1,146031
2,805081	1,147661
2,898212	1,147661
2,825038	1,149618
2,881582	1,151574
2,775147	1,152553
2,918169	1,152553
2,840005	1,156140
2,796766	1,157770
3,049549	1,157118
2,883245	1,159401
2,873266	1,162335
2,830027	1,163314
2,696983	1,163640
2,736897	1,166248
3,002984	1,167879
2,770157	1,169835
2,913179	1,169509
2,999658	1,171140
2,843332	1,173748
2,825038	1,175705
3,150995	1,175705
3,007973	1,176683
2,878255	1,178966
2,997995	1,179944
2,745212	1,183205
2,864951	1,183205
2,873266	1,184183
2,971386	1,186140
2,695320	1,187118
2,853310	1,189727
2,833353	1,190705
2,904864	1,191357
2,726918	1,192988
2,733570	1,195922
2,921495	1,197879
2,993006	1,199183
3,146006	1,199835
2,968060	1,200488
2,916506	1,201792
3,136028	1,203096
3,014625	1,205705
3,116071	1,207662
3,084473	1,208966
2,943114	1,209944
2,878255	1,211575
3,109419	1,212553
2,961408	1,213531
2,928147	1,216140
2,813397	1,218096
3,147669	1,220379
2,926484	1,221031
2,806744	1,222335
3,072832	1,222662
2,854973	1,223966
2,871603	1,225270
3,001321	1,226901
2,969723	1,229509
3,197560	1,231140
2,969723	1,233749
2,979701	1,234727
2,958082	1,236031
3,047886	1,237335
3,257430	1,237662
2,989680	1,238966
3,081147	1,240270
2,997995	1,242227
3,052875	1,243205
3,017951	1,245162
2,933136	1,246466
3,212528	1,248096
2,929810	1,250053
2,949766	1,251357
3,082810	1,252988
3,084473	1,253966
3,237474	1,256575
3,106093	1,257227
3,094452	1,259183
3,157647	1,260488
2,953093	1,261792
3,096115	1,263423
3,212528	1,265705
3,074495	1,266357
3,269071	1,267336
2,997995	1,269944
2,936462	1,270270
3,197560	1,271901
3,160973	1,273531
3,300669	1,273857
2,898212	1,276140
3,265745	1,277444
3,225832	1,278749
3,069506	1,279727
3,086136	1,281683
3,172615	1,282336
3,230821	1,283966
3,297343	1,285923
3,042897	1,287227
3,437039	1,289183
3,102767	1,292118
3,244126	1,293096
3,225832	1,294401
3,082810	1,296357
3,310648	1,297662
3,362202	1,299292
3,152658	1,301249
3,210865	1,302227
3,284039	1,303857
3,303995	1,305488
3,347235	1,306140
3,247452	1,307444
3,375506	1,309401
3,285702	1,310379
3,370517	1,310705
3,303995	1,312988
3,144343	1,313966
3,447017	1,315270
3,360539	1,316901
3,415420	1,319510
3,372180	1,321792
3,209202	1,323423
3,452007	1,324727
3,668203	1,326357
3,260756	1,327010
3,395463	1,328314
3,127712	1,328966
3,530170	1,330597
3,387148	1,332227
3,450344	1,334184
3,450344	1,336140
3,515202	1,337444
3,435376	1,339075
3,443691	1,340053
3,476952	1,340379
3,428724	1,342010
3,575072	1,343966
3,417083	1,346249
3,511876	1,347227
3,463648	1,349184
3,415420	1,350814
3,388811	1,351140
3,561768	1,351792
3,573409	1,353749
3,689822	1,356357
3,501898	1,359292
3,593366	1,359944
3,561768	1,360597
3,741377	1,361249
3,663214	1,362553
3,495246	1,364836
3,616648	1,366140
3,753018	1,367444
3,631616	1,367771
3,706453	1,371357
3,643257	1,373966
3,613322	1,374292
3,743040	1,374292
3,678181	1,376249
3,711442	1,379184
3,955910	1,380162
3,751355	1,380488
3,593366	1,381792
3,822866	1,384727
3,882736	1,385705
3,591703	1,386358
3,678181	1,387662
3,658224	1,390597
3,563431	1,392227
3,678181	1,391901
3,633279	1,393858
3,641594	1,396792
3,782953	1,397771
3,643257	1,398097
3,724746	1,401358
3,816214	1,404292
3,618311	1,402662
3,614985	1,404292
3,721420	1,406901
3,930964	1,408531
3,791268	1,407879
3,894377	1,411140
3,927638	1,412445
3,822866	1,412445
3,796257	1,414401
3,816214	1,417662
3,704790	1,417988
3,729735	1,418314
3,794594	1,422227
3,560105	1,423205
3,641594	1,423858
3,812888	1,426140
3,814551	1,426792
3,648246	1,428097
3,653235	1,429727
3,674855	1,432336
3,806236	1,433640
3,726409	1,433640
3,671529	1,435923
3,724746	1,437879
3,749692	1,437879
3,649909	1,439836
3,485268	1,442771
3,754681	1,442771
3,693148	1,443423
3,558442	1,447336
3,623300	1,448314
3,658224	1,447336
3,575072	1,450923
3,573409	1,453205
3,578398	1,452553
3,711442	1,455162
3,538485	1,457119
3,343909	1,456466
3,521855	1,459075
3,500235	1,461358
3,450344	1,461358
3,335593	1,463966
3,407104	1,466249
3,392137	1,466249
3,109419	1,467227
3,455333	1,470488
3,476952	1,470162
3,438702	1,473423
3,603344	1,474727
3,455333	1,474727
3,290691	1,477336
3,383822	1,478966
3,573409	1,478640
3,403778	1,482227
3,445354	1,481901
3,257430	1,483532
3,290691	1,486466
3,443691	1,486466
3,332267	1,488097
3,330604	1,491684
3,365528	1,490706
3,417083	1,492662
3,267408	1,494945
3,295680	1,495271
3,385485	1,496901
3,117734	1,499836
3,362202	1,499510
3,412093	1,502771
3,353887	1,502771
3,353887	1,503749
3,387148	1,506358
3,285702	1,507336
3,210865	1,509945
3,227495	1,510923
3,358876	1,511901
3,264082	1,513532
3,254104	1,514836
3,352224	1,515162
3,387148	1,519075
3,365528	1,520053
3,352224	1,521358
3,498572	1,523314
3,282376	1,523314
3,305658	1,526249
3,405441	1,526901
3,242463	1,529510
3,383822	1,529510
3,433713	1,530488
3,342246	1,532771
3,445354	1,533749
3,410430	1,536032
3,403778	1,535706
3,220843	1,538967
3,440365	1,539619
3,204213	1,541249
3,267408	1,543858
3,397126	1,543532
3,473626	1,546467
3,388811	1,546140
3,337256	1,550053
3,380496	1,549075
3,343909	1,552988
3,317300	1,552336
3,476952	1,555271
3,380496	1,555923
3,209202	1,557880
3,244126	1,558858
3,461985	1,560162
3,249115	1,563097
3,452007	1,563097
3,442028	1,564401
3,387148	1,565054
3,423735	1,568640
3,445354	1,568967
3,476952	1,571575
3,447017	1,572227
3,332267	1,574510
3,295680	1,574836
3,649909	1,577445
3,488594	1,578423
3,385485	1,579401
3,553452	1,581358
3,573409	1,582662
3,400452	1,584293
3,232484	1,585923
3,328941	1,587227
3,568420	1,588532
3,365528	1,590488
3,397126	1,591141
3,402115	1,593097
3,373843	1,593097
3,555115	1,596032
3,362202	1,597336
3,375506	1,599293
3,518528	1,599619
3,536822	1,602554
3,452007	1,602554
3,478615	1,605814
3,398789	1,604836
3,437039	1,608749
3,433713	1,607771
3,590039	1,611684
3,317300	1,610380
3,468637	1,614293
3,533496	1,614293
3,300669	1,617228
3,375506	1,617880
3,508550	1,619510
3,330604	1,621141
3,555115	1,622445
3,483604	1,623097
3,578398	1,625380
3,623300	1,627336
3,654898	1,627988
3,412093	1,630271
3,659887	1,631575
3,503561	1,633532
3,190908	1,632880
3,518528	1,635815
3,495246	1,636467
3,428724	1,639075
3,398789	1,638749
3,679844	1,642336
3,520191	1,642662
3,619974	1,645923
3,556779	1,645597
3,626626	1,645923
3,388811	1,649510
3,348898	1,649184
3,468637	1,652771
3,500235	1,651793
3,485268	1,655054
3,649909	1,655706
3,664877	1,657336
3,312311	1,659619
3,481941	1,660597
3,668203	1,662880
3,387148	1,662554
3,500235	1,665488
3,378833	1,665488
3,475289	1,668423
3,417083	1,669075
3,515202	1,669728
3,362202	1,672336
3,583387	1,673315
3,380496	1,676902
3,658224	1,675923
3,476952	1,679836
3,202550	1,679836
3,385485	1,681141
3,355550	1,682445
3,465311	1,683423
3,568420	1,686358
3,468637	1,686358
3,480278	1,690271
3,443691	1,689293
3,658224	1,691576
3,259093	1,693206
3,550126	1,693532
3,290691	1,697445
3,335593	1,696141
3,310648	1,699728
3,511876	1,699402
3,483604	1,702010
3,518528	1,703315
3,490257	1,704293
3,297343	1,707880
3,975866	1,707228
3,490257	1,709836
3,595029	1,709184
3,595029	1,712771
3,729735	1,713097
3,616648	1,715706
3,543474	1,716684
3,508550	1,717336
3,560105	1,719619
3,505224	1,719945
3,372180	1,723532
3,601681	1,723858
3,619974	1,725163
3,563431	1,726467
3,450344	1,727445
3,568420	1,730054
3,598355	1,730054
3,523518	1,733967
3,481941	1,734293
3,711442	1,735271
3,342246	1,737554
3,591703	1,737880
3,628290	1,740489
3,452007	1,740815
3,521855	1,743423
3,460322	1,743750
3,530170	1,745054
3,430387	1,748967
3,704790	1,747336
3,463648	1,751250
3,480278	1,752554
3,363865	1,751902
3,616648	1,755489
3,609996	1,755815
3,656561	1,758423
3,470300	1,760054
3,518528	1,760054
3,618311	1,763641
3,402115	1,762989
3,533496	1,765271
3,460322	1,766250
3,521855	1,767554
3,403778	1,770163
3,656561	1,770489
3,551789	1,773423
3,590039	1,773750
3,307322	1,775380
3,442028	1,777663
3,520191	1,775380
3,348898	1,780597
3,503561	1,780271
3,613322	1,782554
3,661550	1,783858
3,397126	1,784837
3,435376	1,787445
3,613322	1,787119
3,614985	1,790054
3,491920	1,791358
3,290691	1,792663
3,568420	1,795597
3,734725	1,795271
3,398789	1,796902
3,382159	1,798858
3,483604	1,799510
3,440365	1,802119
3,510213	1,803097
3,412093	1,804728
3,570083	1,806358
3,506887	1,807011
3,398789	1,809619
3,565094	1,810924
3,661550	1,810271
3,212528	1,814837
3,425398	1,814511
3,402115	1,816141
3,609996	1,818424
3,347235	1,817771
3,724746	1,821358
3,570083	1,821358
3,417083	1,822011
3,518528	1,826250
3,593366	1,826250
3,461985	1,827880
3,247452	1,830815
3,340582	1,830163
3,348898	1,832445
3,308985	1,834402
3,485268	1,834402
3,250778	1,837337
3,370517	1,838315
3,197560	1,838315
3,382159	1,841902
3,240800	1,841902
3,432050	1,844511
3,067843	1,845815
3,174278	1,845163
3,149332	1,848424
3,335593	1,850380
3,086136	1,850380
3,303995	1,853967
3,194234	1,853967
3,310648	1,854945
3,067843	1,858206
3,234147	1,857880
3,159310	1,860163
3,270734	1,862119
3,041234	1,862119
2,941451	1,865380
3,127712	1,866032
3,012962	1,867011
2,886571	1,869619
3,210865	1,872228
2,833353	1,870598
2,928147	1,874185
3,179267	1,876793
2,958082	1,876467
2,923158	1,875815
2,866614	1,880706
3,092789	1,880380
2,949766	1,881685
2,823375	1,885272
2,841668	1,884945
2,881582	1,886250
2,994669	1,888532
2,680353	1,888206
2,899875	1,890489
2,914843	1,893750
2,761842	1,891141
2,918169	1,895706
3,019614	1,897663
2,500744	1,897663
2,803418	1,899619
2,846658	1,902228
2,928147	1,903859
2,670375	1,902880
2,587222	1,906141
2,811734	1,908750
2,878255	1,909076
2,798429	1,909402
2,553961	1,912011
2,718603	1,913315
2,607179	1,913641
2,738560	1,917228
2,835016	1,915598
2,658733	1,918859
2,716940	1,921141
2,741886	1,922446
2,873266	1,923098
2,866614	1,924728
2,731907	1,927337
2,695320	1,925380
2,489103	1,927337
2,761842	1,930924
2,771820	1,932554
2,652081	1,932880
2,369363	1,933859
2,678690	1,936793
2,803418	1,937119
2,825038	1,940380
2,673701	1,941359
2,668712	1,941685
2,655407	1,943967
2,868277	1,946902
2,470809	1,946576
2,637114	1,947228
2,758516	1,949511
2,620483	1,950815
2,600527	1,951793
2,760179	1,954728
2,688668	1,955706
2,768494	1,956033
2,658733	1,958641
2,593875	1,961576
2,673701	1,960924
2,550635	1,962228
2,831690	1,964837
2,655407	1,965815
2,816723	1,966467
2,630462	1,970380
2,765168	1,971359
2,788451	1,971685
2,600527	1,973967
2,670375	1,973967
2,573918	1,974620
2,670375	1,978206
2,658733	1,980489
2,700309	1,980163
2,374352	1,981793
2,775147	1,984728
2,713614	1,984402
2,625472	1,985706
2,420918	1,989620
2,696983	1,989620
2,577244	1,988315
2,537331	1,993207
2,685342	1,994511
2,552298	1,993859
2,628798	1,997772
2,632125	1,998098
2,770157	1,999076
2,647092	2,001359
2,691994	2,002337
2,618820	2,004946
2,627135	2,005272
2,600527	2,005598
2,864951	2,009837
2,600527	2,009837
2,683679	2,011141
2,534005	2,013750
2,888234	2,014402
2,612168	2,015380
2,775147	2,018641
2,663722	2,018641
2,706962	2,019946
2,685342	2,022228
2,610505	2,023533
2,691994	2,024185
2,472472	2,026794
2,708625	2,027446
2,696983	2,028098
2,841668	2,032011
2,558951	2,032337
2,685342	2,032989
2,542320	2,036576
2,647092	2,035272
2,647092	2,037881
2,590548	2,040163
2,582233	2,040489
2,622146	2,042120
2,422581	2,044402
2,731907	2,044076
2,492429	2,047011
2,464157	2,048967
2,678690	2,049294
2,650418	2,050924
2,667049	2,054185
2,449189	2,053207
2,585559	2,055489
2,575581	2,057446
2,696983	2,057772
2,665386	2,060054
2,529016	2,061033
2,848321	2,061685
2,603853	2,065272
2,628798	2,065272
2,578907	2,067228
2,454179	2,069511
2,598864	2,069185
2,572255	2,072120
2,158156	2,073750
2,542320	2,073424
2,710288	2,076685
2,761842	2,078315
2,700309	2,078315
2,578907	2,081250
2,688668	2,081902
2,524027	2,082881
2,484113	2,086141
2,657070	2,086141
2,801755	2,087772
2,986354	2,090381
2,517374	2,089728
2,613831	2,092011
2,901538	2,094294
2,710288	2,100489
2,653744	2,097228
2,595538	2,098207
2,748538	2,099511
2,625472	2,101794
2,800092	2,101468
2,806744	2,104402
2,555624	2,105707
2,678690	2,105381
2,691994	2,108968
2,517374	2,108642
2,429233	2,110924
2,713614	2,113859
2,733570	2,112555
2,475798	2,115815
2,563940	2,116468
2,534005	2,119076
2,642103	2,121033
2,642103	2,121033
2,610505	2,122989
2,864951	2,125272
2,924821	2,124620
2,846658	2,127555
2,502407	2,128207
2,673701	2,129185
2,705299	2,133098
2,324461	2,132446
2,470809	2,134729
2,657070	2,137337
2,918169	2,137663
2,688668	2,139294
2,838342	2,139946
2,565603	2,141576
2,540657	2,143533
2,685342	2,144185
2,625472	2,146794
2,592211	2,148750
2,602190	2,148424
2,711951	2,151359
2,788451	2,153316
2,715277	2,153316
2,688668	2,154946
2,825038	2,157555
2,828364	2,156576
2,715277	2,160816
2,748538	2,160489
2,617157	2,162446
2,557287	2,164402
2,864951	2,165055
2,723592	2,167337
2,766831	2,168642
2,891560	2,168316
2,788451	2,171250
2,672038	2,173859
2,675364	2,174185
2,735233	2,176142
2,781799	2,177446
2,687005	2,177772
2,675364	2,181033
2,843332	2,181685
2,683679	2,182011
2,733570	2,185272
2,781799	2,184620
2,763505	2,186576
2,677027	2,189837
2,680353	2,189185
2,785125	2,192772
2,755190	2,193424
2,685342	2,193750
2,745212	2,197337
2,854973	2,197337
2,635451	2,199294
2,711951	2,201903
2,859962	2,200598
3,089462	2,204837
2,708625	2,205163
2,813397	2,205816
2,918169	2,209076
2,884908	2,209076
2,813397	2,210381
2,939788	2,212337
2,846658	2,212990
2,856636	2,215924
2,637114	2,217555
3,007973	2,216577
2,690331	2,220816
2,856636	2,221142
2,835016	2,222446
2,846658	2,224729
2,718603	2,225055
3,142680	2,227011
2,723592	2,229946
3,051212	2,230272
2,889897	2,230924
3,006310	2,233207
2,859962	2,234837
2,854973	2,235490
2,821712	2,238098
2,949766	2,237446
2,818386	2,240055
2,753527	2,242337
2,730244	2,241685
2,879919	2,245272
3,042897	2,246250
3,056201	2,246903
2,810071	2,250164
2,775147	2,250816
2,858299	2,252772
2,806744	2,254077
2,968060	2,253750
3,079484	2,257337
2,856636	2,257337
2,898212	2,258642
3,006310	2,260598
3,124386	2,261251
2,966397	2,264185
2,913179	2,264185
3,047886	2,265490
3,056201	2,268424
3,047886	2,269077
3,012962	2,270055
3,097778	2,273642
3,328941	2,272337
3,016288	2,276577
2,944777	2,277881
3,101104	2,278207
2,904864	2,280164
3,006310	2,279185
2,864951	2,283751
2,997995	2,284077
2,753527	2,285707
3,079484	2,288316
2,994669	2,287664
3,029593	2,290272
3,004647	2,291577
3,024604	2,292229
3,107756	2,296142
3,102767	2,295164
3,064517	2,297446
2,914843	2,299077
3,144343	2,300055
3,370517	2,302664
3,237474	2,302990
3,099441	2,305272
3,217517	2,306903
3,007973	2,306577
2,904864	2,309838
2,881582	2,311142
3,077821	2,312446
3,210865	2,314403
3,134365	2,314403
3,061191	2,318316
3,242463	2,317664
3,141017	2,320598
3,237474	2,320598
3,122723	2,322229
3,197560	2,323533
3,049549	2,324838
3,264082	2,328098
3,122723	2,327446
3,057865	2,330707
2,983027	2,330055
3,214191	2,333968
2,988017	2,333968
3,016288	2,335598
3,027930	2,336903
3,097778	2,338533
3,302332	2,340164
3,292354	2,341468
3,280713	2,343098
3,300669	2,343751
3,357213	2,347012
3,317300	2,345707
3,352224	2,348642
3,214191	2,349946
3,179267	2,350925
3,235811	2,350272
3,297343	2,354838
3,372180	2,355816
3,420409	2,357446
3,358876	2,359403
3,290691	2,359077
3,280713	2,360055
3,099441	2,362990
3,310648	2,362990
3,327278	2,365599
3,244126	2,368533
3,397126	2,369185
3,566757	2,371794
3,274061	2,371142
3,170952	2,375381
3,230821	2,374403
3,279050	2,377664
3,378833	2,377012
3,616648	2,379294
3,328941	2,380925
3,427061	2,383207
3,475289	2,383207
3,358876	2,386142
3,322289	2,386794
3,626626	2,389077
3,626626	2,389403
3,535159	2,392012
3,423735	2,391686
3,624963	2,394946
3,531833	2,394946
3,566757	2,398207
3,450344	2,398533
3,372180	2,400490
3,718094	2,401142
3,274061	2,403751
3,641594	2,403751
3,515202	2,407012
3,550126	2,406359
3,533496	2,409946
3,516865	2,409294
3,713105	2,412229
3,709779	2,412881
3,654898	2,413207
3,656561	2,415816
3,639931	2,417446
3,832844	2,418751
3,646583	2,420707
3,762996	2,422664
3,864442	2,423316
3,693148	2,425273
3,769648	2,425599
3,523518	2,428860
3,450344	2,428207
3,618311	2,432120
3,762996	2,431468
3,671529	2,434729
3,719757	2,434403
3,801246	2,437664
3,929301	2,438316
3,723083	2,440599
3,844486	2,440925
4,002475	2,442555
3,852801	2,443533
3,904355	2,444512
3,940942	2,447447
3,949258	2,449403
3,866105	2,449729
3,987508	2,451686
3,957573	2,452338
4,080638	2,454294
4,082301	2,455273
3,939279	2,457555
4,059019	2,458533
4,035736	2,459512
4,291845	2,461794
4,135519	2,462773
3,684833	2,465707
4,009127	2,465381
3,962562	2,467990
4,040725	2,467338
4,062345	2,470925
4,185410	2,470925
4,010790	2,473534
4,363356	2,474512
4,238628	2,476142
4,271889	2,478099
4,356704	2,477773
4,100595	2,481034
4,488085	2,482338
4,419900	2,484620
4,499726	2,484620
4,182084	2,487555
3,942605	2,486903
4,190399	2,490490
4,128867	2,491468
4,527998	2,492447
4,712596	2,494729
4,360030	2,495055
4,331758	2,497990
4,210356	2,497338
4,353378	2,500599
4,549617	2,500925
4,509704	2,502229
4,383313	2,505164
4,381650	2,505490
4,326769	2,508099
4,418237	2,508751
4,577889	2,510381
4,606161	2,512012
4,669357	2,512664
4,757498	2,514947
4,652726	2,514621
4,619465	2,517555
4,684324	2,517881
4,780781	2,520816
4,837324	2,521142
4,754172	2,523099
4,838988	2,525381
4,720911	2,524729
4,988662	2,528316
4,817368	2,528642
4,754172	2,530273
4,967042	2,532555
4,915488	2,532229
4,942096	2,536142
4,817368	2,536468
4,943759	2,538099
4,975357	2,540055
4,744194	2,540381
4,978683	2,542990
5,011944	2,543642
5,149977	2,544947
5,120042	2,547881
5,131684	2,547881
4,945422	2,550164
5,159956	2,551468
5,221488	2,552121
5,115053	2,554729
5,101749	2,554729
5,271380	2,556686
5,349543	2,558642
5,253086	2,559295
5,261401	2,561903
5,136673	2,563534
5,188227	2,563208
5,357858	2,566468
5,372825	2,568099
5,258075	2,568099
5,560750	2,570708
5,537467	2,571360
5,565739	2,572338
5,409413	2,574947
5,336238	2,575273
5,454315	2,579186
5,534141	2,579186
5,687141	2,580164
5,615630	2,583425
5,534141	2,582773
5,830163	2,583751
5,855109	2,586686
5,948240	2,587664
5,599000	2,588642
5,672174	2,590925
5,783598	2,590925
5,755326	2,593208
5,622282	2,595164
5,911653	2,595816
6,029729	2,596795
6,018088	2,600708
6,041370	2,600382
5,966533	2,601686
5,946577	2,604295
6,091262	2,604621
5,951566	2,605273
6,097914	2,609838
6,097914	2,609186
5,933272	2,610490
6,244262	2,613425
6,217653	2,613425
6,206012	2,615708
6,304132	2,618316
6,267545	2,617664
6,277523	2,619621
6,116207	2,621577
6,350697	2,621577
6,473762	2,624512
6,556915	2,627447
6,581860	2,626795
6,458795	2,628751
6,558578	2,631034
6,488730	2,630708
6,631752	2,632664
6,734861	2,636577
6,512012	2,636577
6,392273	2,636577
6,736524	2,639186
6,937752	2,640490
6,658361	2,639838
6,676654	2,643751
6,811361	2,645708
6,942742	2,645382
6,842959	2,647990
6,984318	2,649947
7,143970	2,650925
6,919459	2,651577
6,962698	2,654512
7,034209	2,655816
7,283666	2,655816
7,270362	2,658099
7,371808	2,660056
7,448308	2,662012
7,298634	2,661034
7,395090	2,663643
7,539775	2,666251
7,489884	2,667230
7,528134	2,668208
7,574699	2,670164
6,979329	2,672121
7,543101	2,672773
7,458286	2,673425
7,584678	2,676360
7,844113	2,677664
7,819167	2,677338
7,775928	2,680273
8,121842	2,682882
8,053657	2,682556
7,691113	2,683860
7,957200	2,685817
7,968841	2,689404
7,701091	2,687773
7,963852	2,690056
8,585832	2,692664
8,123505	2,693317
8,406223	2,693643
8,544255	2,697556
8,530951	2,699186
8,673973	2,699186
8,838615	2,700490
8,787060	2,703425
8,772093	2,704404
8,615766	2,704404
8,723865	2,707012
8,846930	2,708643
8,560886	2,709621
9,257703	2,709947
9,394072	2,712556
9,076430	2,715817
8,732180	2,715817
8,968332	2,716143
9,132974	2,717447
9,304268	2,721360
9,344181	2,722338
9,527116	2,721686
9,620247	2,723643
9,502170	2,725925
9,563703	2,727556
9,799856	2,727882
9,730008	2,728534
9,753290	2,730817
10,325378	2,733425
10,393563	2,734404
10,523281	2,735708
10,248878	2,736686
10,541575	2,737991
10,531596	2,740925
10,769412	2,743208
10,478379	2,744186
10,406868	2,743208
10,857553	2,745491
11,032173	2,747121
10,905782	2,750382
10,915760	2,751360
11,534413	2,752664
11,344826	2,753317
11,398044	2,754947
11,732316	2,756251
11,431304	2,758534
11,752273	2,761143
11,765577	2,761469
11,951838	2,761795
11,838751	2,762447
12,086545	2,764404
12,345980	2,767012
12,063262	2,769621
12,174686	2,770273
12,271143	2,771251
12,432459	2,772230
12,231230	2,772882
12,316045	2,774512
12,678589	2,777447
12,395872	2,779404
12,470709	2,780382
12,650318	2,781360
12,799992	2,782012
12,864851	2,784295
12,931373	2,785599
13,135927	2,787230
13,247351	2,789512
13,165862	2,790817
13,435276	2,791143
13,275623	2,792121
13,786179	2,794078
13,648146	2,796034
13,694711	2,798969
13,736287	2,798969
14,320017	2,800925
13,934190	2,801578
13,841059	2,803208
14,022331	2,804512
13,877646	2,805165
14,088853	2,808099
13,787842	2,809730
13,960798	2,811686
14,461376	2,812339
14,468028	2,813317
14,393191	2,814621
14,567811	2,815599
14,827246	2,816578
14,788996	2,819186
14,749083	2,819512
14,263473	2,821795
14,414810	2,824404
14,333321	2,826360
14,118788	2,827665
14,112136	2,827991
14,080538	2,829621
13,915896	2,828643
14,246843	2,831578
14,128766	2,832882
13,937516	2,834839
13,686396	2,836795
14,168679	2,837773
13,651472	2,841034
13,829418	2,842665
13,546700	2,843643
13,092688	2,844621
13,436939	2,845273
12,884807	2,846252
12,327687	2,847882
12,450752	2,848860
12,352632	2,850491
11,847066	2,850491
11,644174	2,853426
11,672446	2,855708
11,813805	2,857013
11,148587	2,859295
11,258348	2,861578
10,977293	2,861252
10,796021	2,864839
10,614749	2,865165
10,631379	2,867121
10,757771	2,866469
10,317063	2,868426
10,147432	2,869078
10,174041	2,871360
9,801519	2,872991
9,369127	2,874295
9,924584	2,876578
9,666812	2,878208
9,144615	2,879839
9,161246	2,881143
9,006582	2,883100
8,880191	2,884730
8,876865	2,885056
8,659006	2,885056
8,642375	2,887013
8,454451	2,888643
8,224951	2,890273
8,444473	2,892556
8,223287	2,892882
7,837461	2,894513
8,048668	2,895817
7,784243	2,897773
7,702754	2,900056
7,742667	2,901360
7,692776	2,903643
7,449971	2,904621
7,444982	2,906904
7,391764	2,907882
7,238764	2,909187
6,912807	2,911143
7,192199	2,912447
7,248742	2,914078
7,007600	2,915382
7,047513	2,916687
6,947731	2,917665
6,741513	2,919295
6,736524	2,920274
6,517002	2,920926
6,606806	2,922230
6,568556	2,924513
6,543610	2,926143
6,390610	2,927121
6,292490	2,928752
6,352360	2,930382
6,377306	2,931687
6,234284	2,933969
6,124523	2,935600
6,092925	2,937230
6,217653	2,939187
6,126186	2,939839
5,778609	2,941469
5,998131	2,943426
5,786924	2,945056
6,058001	2,947339
5,737033	2,947339
5,517511	2,948969
5,682152	2,950274
5,605652	2,952230
5,495891	2,953534
5,407749	2,955491
5,554098	2,956795
5,544119	2,958100
5,429369	2,959730
5,477597	2,961034
5,474271	2,962665
5,397771	2,964621
5,419391	2,965926
5,321271	2,966578
5,319608	2,968534
5,221488	2,969839
5,110064	2,971795
5,120042	2,973100
5,208184	2,974730
5,116716	2,976034
5,003629	2,976687
5,251423	2,978317
5,426043	2,979948
4,950412	2,981252
5,088445	2,982556
5,010281	2,984839
5,051857	2,985817
4,900520	2,986469
4,902183	2,989404
4,860607	2,991687
4,945422	2,992339
4,902183	2,994621
4,679335	2,996578
5,016933	2,997556
4,952075	2,999187
4,983673	2,999187
4,777455	3,000491
4,863933	3,001795
4,840651	3,001795
4,855618	3,004404
4,742531	3,006361
4,601172	3,007665
4,780781	3,009622
4,769140	3,011578
4,993651	3,013861
4,611150	3,015165
4,622791	3,017448
4,807390	3,017774
4,606161	3,018100
4,541302	3,019404
4,519683	3,020708
4,709270	3,023317
4,636096	3,024622
4,676009	3,027882
4,536313	3,028861
4,416574	3,029839
4,443182	3,031469
4,438193	3,032122
4,651063	3,033100
4,577889	3,033752
4,607824	3,035056
4,378324	3,037339
4,652726	3,039295
4,331758	3,041578
4,476443	3,043535
4,636096	3,044513
4,484759	3,045817
4,496400	3,046143
4,449835	3,046795
4,386639	3,048752
4,213682	3,051035
4,361693	3,053317
4,373334	3,054948
4,549617	3,056252
4,501389	3,056578
4,301823	3,057556
4,172106	3,058535
4,281867	3,060165
4,150486	3,062774
4,245280	3,065382
4,328432	3,066035
4,217008	3,067665
4,173769	3,067665
4,118888	3,068969
4,123877	3,070600
4,057356	3,073535
4,170443	3,075491
4,072323	3,076469
4,160464	3,076469
4,098932	3,077774
3,935953	3,079078
3,911007	3,082339
3,999149	3,083969
4,035736	3,084622
4,075649	3,084622
3,769648	3,086252
3,786279	3,089513
4,092280	3,090817
3,940942	3,092774
4,007464	3,093426
3,816214	3,093426
3,796257	3,095709
3,920986	3,098643
3,992497	3,099622
3,962562	3,101252
4,005801	3,101578
3,929301	3,102556
3,979192	3,105491
3,899366	3,106796
3,977529	3,108426
3,897703	3,108752
3,920986	3,110383
3,920986	3,112339
3,771312	3,113970
3,753018	3,115274
3,920986	3,115926
4,007464	3,117883
3,789605	3,120491
3,806236	3,122448
4,103921	3,122122
3,688159	3,123752
3,807899	3,125709
4,077312	3,127339
3,935953	3,129296
3,889388	3,129948
3,897703	3,130926
4,123877	3,133861
3,945931	3,134513
3,748029	3,135491
4,009127	3,137122
4,092280	3,138752
4,044051	3,142013
3,962562	3,141687
3,909344	3,142013
3,947594	3,143970
3,962562	3,147883
3,972540	3,147883
3,915997	3,148861
4,088953	3,149839
3,934290	3,152122
3,980855	3,154404
3,974203	3,154078
3,954247	3,154730
4,070660	3,158317
4,080638	3,160274
3,939279	3,160926
4,112236	3,160600
4,138845	3,163535
4,102258	3,166144
4,032410	3,166796
3,876083	3,167448
3,990834	3,169731
3,822866	3,171687
4,133856	3,172665
4,077312	3,172339
4,195388	3,175926
4,157138	3,176578
4,112236	3,174948
4,163791	3,178535
4,092280	3,181796
4,183747	3,182774
4,228649	3,182774
4,233639	3,187013
4,228649	3,187013
4,270226	3,187339
4,064008	3,190600
4,281867	3,191578
4,088953	3,191252
4,177095	3,193861
4,217008	3,196470
4,265236	3,197122
4,358367	3,198426
4,328432	3,201361
4,413248	3,198426
4,286856	3,201687
4,288519	3,206252
4,123877	3,205926
4,446508	3,204622
4,379987	3,209513
3,940942	3,208209
4,065671	3,208535
4,488085	3,213752
4,275215	3,215709
4,541302	3,215709
4,614476	3,217665
4,478106	3,219622
4,356704	3,218644
4,454824	3,222883
4,110573	3,224187
4,536313	3,224513
4,404932	3,226470
4,569574	3,229405
4,325106	3,228752
4,389965	3,230709
4,537976	3,233644
4,148823	3,232991
4,398280	3,234622
4,379987	3,237557
4,539639	3,237883
4,316791	3,239513
4,456487	3,241796
4,416574	3,242448
4,283530	3,245057
4,153812	3,247013
4,195388	3,246687
4,265236	3,249296
4,338410	3,250274
4,097269	3,250600
4,077312	3,253535
4,093943	3,253861
4,177095	3,255818
3,912671	3,256796
4,130530	3,257448
4,032410	3,261361
3,872757	3,261687
3,856127	3,262665
3,618311	3,265274
3,741377	3,265600
3,694811	3,268535
3,633279	3,268209
4,012453	3,269513
3,613322	3,272448
3,673192	3,272448
3,749692	3,275709
3,706453	3,275709
3,556779	3,277013
3,518528	3,278644
3,475289	3,279948
3,548463	3,281905
3,229158	3,284187
3,222506	3,283861
3,330604	3,286796
3,447017	3,288752
3,412093	3,288100
3,333930	3,291361
3,430387	3,292339
3,333930	3,293970
3,397126	3,296579
3,074495	3,296252
3,036245	3,299513
2,976375	3,299513
3,217517	3,301470
3,096115	3,303753
3,079484	3,303426
2,971386	3,306361
3,029593	3,306035
3,011299	3,308970
2,946440	3,309948
2,896549	3,310926
2,904864	3,313535
2,956419	3,312883
3,011299	3,316470
2,999658	3,317122
3,086136	3,318753
3,031256	3,320383
2,813397	3,321361
2,864951	3,323644
3,032919	3,325274
2,928147	3,327231
2,966397	3,326905
2,953093	3,329840
2,997995	3,329513
3,104430	3,332774
2,517374	3,333426
2,840005	3,335057
2,487440	3,336687
2,575581	3,337013
2,758516	3,340926
2,993006	3,339948
2,796766	3,343535
2,625472	3,342557
2,677027	3,346470
2,672038	3,346144
2,653744	3,348753
2,647092	3,348100
3,024604	3,352340
2,786788	3,351687
2,808408	3,355274
2,825038	3,355274
2,711951	3,357883
2,540657	3,357231
2,658733	3,361470
2,735233	3,360492
2,645429	3,364405
2,622146	3,363427
2,588885	3,367013
2,627135	3,366361
2,642103	3,369622
2,840005	3,368970
2,655407	3,372231
2,598864	3,371579
2,760179	3,374187
2,530679	3,375818
2,545646	3,378427
2,507396	3,379079
2,705299	3,380057
2,580570	3,382992
2,430896	3,383318
2,647092	3,385600
2,570592	3,384948
2,690331	3,387883
2,667049	3,389187
2,608842	3,391796
2,440874	3,391796
2,575581	3,393753
2,585559	3,395057
2,505733	3,396035
2,369363	3,399622
2,590548	3,398644
2,492429	3,401579
2,537331	3,401253
2,475798	3,404187
2,462494	3,405492
2,430896	3,406470
2,038417	3,408753
2,522363	3,408753
2,307830	3,412666
2,131548	3,412992
2,475798	3,413318
2,281222	3,416579
2,465820	3,415601
2,494092	3,418535
2,555624	3,419188
2,376015	3,420818
2,306167	3,423427
2,256276	3,423753
2,336102	3,425383
2,281222	3,426688
2,329450	3,427666
2,495755	3,430274
2,364374	3,432557
2,505733	3,431905
2,366037	3,435492
2,514048	3,435492
2,143189	3,437775
2,299515	3,440709
2,434222	3,440057
2,369363	3,442014
2,297852	3,443970
2,209711	3,443644
2,314483	3,447231
2,361048	3,448209
2,267917	3,448861
2,121569	3,452122
2,344418	3,451144
2,346081	3,452122
2,309494	3,457014
2,455842	3,456688
2,312820	3,457992
2,400961	3,460275
2,136537	3,460275
2,296189	3,462883
2,467483	3,465492
2,400961	3,464840
2,078330	3,466796
2,287874	3,469079
2,229667	3,469079
2,126558	3,471362
2,094961	3,473644
2,296189	3,472666
2,266254	3,475927
2,021786	3,477231
2,287874	3,477557
2,134874	3,480818
2,247961	3,481796
2,183102	3,482449
2,148178	3,485057
1,833862	3,485383
2,276233	3,486688
2,148178	3,488644
2,236319	3,490601
2,111591	3,490601
2,271243	3,492231
2,444200	3,496144
2,114917	3,496144
2,163145	3,496796
2,001830	3,500057
2,247961	3,500383
2,223015	3,500709
2,228004	3,505275
2,021786	3,505927
2,249624	3,505601
2,342754	3,507883
2,133211	3,511144
2,252950	3,509840
2,093297	3,511796
2,040080	3,513753
2,003493	3,515709
2,056710	3,515057
2,272906	3,518318
2,226341	3,520601
2,304504	3,520275
1,870449	3,521905
2,148178	3,524840
1,981873	3,525492
1,852156	3,526796
1,943623	3,528753
1,925330	3,530383
2,075004	3,530057
1,985199	3,532340
2,211374	3,534623
1,990189	3,534949
2,055047	3,536905
2,168135	3,538209
2,081656	3,540818
1,887080	3,540492
2,314483	3,542775
1,973558	3,545057
2,038417	3,546362
1,993515	3,546688
2,000167	3,547992
1,933645	3,550927
2,099950	3,552557
1,863797	3,552883
1,963580	3,554188
1,875438	3,556796
1,935308	3,558753
1,946949	3,560057
1,795612	3,559079
1,775656	3,561362
1,820558	3,563318
2,277896	3,565275
2,018460	3,565275
1,965243	3,567231
1,956928	3,570166
1,649264	3,571470
2,056710	3,571144
2,131548	3,572449
1,842177	3,575710
1,907036	3,576362
1,875438	3,577340
1,778982	3,579949
1,895395	3,580927
1,867123	3,582557
1,818895	3,582883
1,657579	3,584840
1,843840	3,588753
1,842177	3,589405
1,757362	3,590383
1,875438	3,590383
1,978547	3,592992
1,883754	3,595601
1,953602	3,596905
1,677536	3,596579
1,855482	3,597231
1,767340	3,600166
2,026776	3,602123
1,978547	3,603101
1,817232	3,605057
1,857145	3,605384
1,727427	3,607014
1,700818	3,608970
1,822221	3,611253
1,833862	3,612557
1,833862	3,614188
1,976884	3,614188
1,710797	3,615492
1,782308	3,616470
1,722438	3,618753
2,008482	3,620710
1,867123	3,623318
1,807253	3,624297
1,802264	3,624623
1,941960	3,625601
1,822221	3,627231
1,732416	3,629514
1,862134	3,631797
1,973558	3,632449
1,975221	3,633427
1,887080	3,634079
1,898721	3,635384
1,991852	3,637992
1,898721	3,639623
2,051721	3,642231
1,898721	3,643536
1,694166	3,644188
1,800601	3,644188
1,755699	3,643536
1,734079	3,647449
1,910362	3,649079
1,725764	3,651362
1,822221	3,653971
1,895395	3,655275
1,747384	3,656579
1,862134	3,657884
1,925330	3,657884
1,792286	3,659188
1,863797	3,660492
1,662568	3,661797
1,735742	3,663427
1,915351	3,665058
1,928656	3,667666
1,772329	3,669623
1,772329	3,671253
1,958591	3,673862
2,043406	3,673536
1,938634	3,673862
1,634297	3,677123
1,792286	3,677123
1,890406	3,677449
1,682525	3,680058
1,991852	3,681688
1,830536	3,682666
1,862134	3,684297
1,887080	3,685601
1,815569	3,687558
1,936971	3,688862
1,843840	3,691471
1,948612	3,691471
1,897058	3,693753
1,752373	3,695058
2,129884	3,697340
1,667558	3,697992
1,815569	3,700275
1,828873	3,701579
1,888743	3,703536
1,843840	3,705166
1,800601	3,706797
1,940297	3,708101
2,078330	3,710058
1,895395	3,710384
1,893732	3,712666
2,061700	3,713319
1,996841	3,715275
1,973558	3,716579
1,930319	3,718536
1,986862	3,719188
1,893732	3,719840
1,990189	3,721797
1,893732	3,722775
2,021786	3,725384
1,978547	3,726688
1,888743	3,728319
1,926993	3,728645
1,764014	3,730927
1,918678	3,731579
2,075004	3,732558
1,833862	3,734840
1,912025	3,735819
1,968569	3,736797
1,744058	3,738753
1,749047	3,739406
1,988526	3,740710
1,893732	3,743319
2,068352	3,744949
2,048395	3,746253
1,755699	3,748536
1,855482	3,750166
1,744058	3,751797
2,063363	3,753427
1,941960	3,753427
1,872112	3,755710
1,946949	3,757014
1,983536	3,757340
1,922004	3,758971
2,076667	3,760601
2,084982	3,761906
1,838851	3,763536
1,902047	3,765166
2,129884	3,767449
1,790623	3,769406
2,020123	3,771362
1,890406	3,772340
1,965243	3,773971
1,943623	3,773971
1,825547	3,775927
2,045069	3,776579
1,998504	3,777558
1,845504	3,780493
2,154830	3,781797
2,119906	3,784406
1,915351	3,784732
1,907036	3,785710
1,820558	3,786688
1,752373	3,787666
1,845504	3,790601
1,853819	3,791906
1,717449	3,793536
1,920341	3,794840
1,920341	3,795166
1,875438	3,796471
1,857145	3,798427
1,898721	3,800710
2,045069	3,803645
2,036754	3,804297
1,888743	3,805275
1,820558	3,805275
1,842177	3,807884
2,028439	3,810493
1,840514	3,811145
1,968569	3,812123
1,863797	3,813101
1,900384	3,814732
1,935308	3,817340
1,988526	3,818971
1,857145	3,818645
1,702481	3,820275
1,948612	3,823210
1,872112	3,825167
1,699155	3,826145
1,880427	3,826145
1,963580	3,828101
1,720775	3,831362
1,788960	3,831688
2,123232	3,831688
2,098287	3,832993
1,907036	3,836580
1,777319	3,838210
1,928656	3,838536
1,868786	3,839188
2,114917	3,841797
1,913688	3,844406
2,016797	3,844406
2,038417	3,845384
2,045069	3,847014
1,838851	3,850275
1,769003	3,850275
1,607688	3,850601
1,863797	3,852232
1,672547	3,855819
2,008482	3,856471
2,046732	3,857449
2,026776	3,859080
2,023449	3,861036
2,033428	3,862014
1,872112	3,862667
1,664231	3,865601
1,892069	3,865275
2,018460	3,866906
1,960254	3,868862
2,021786	3,871797
1,888743	3,871471
1,732416	3,873101
1,986862	3,876362
1,895395	3,876362
2,035091	3,876688
2,018460	3,880928
2,143189	3,881254
1,813906	3,882558
1,870449	3,885167
1,918678	3,884514
1,842177	3,886797
1,920341	3,888754
2,026776	3,889732
1,787297	3,891362
2,086645	3,893971
1,897058	3,893319
1,920341	3,895928
1,797275	3,897884
2,121569	3,897884
1,912025	3,900819
2,061700	3,902449
1,830536	3,902123
1,913688	3,906036
2,094961	3,904732
1,902047	3,907341
1,865460	3,909623
2,015134	3,908971
1,991852	3,912884
2,093297	3,913862
1,950275	3,915167
1,862134	3,917123
2,056710	3,916471
2,143189	3,918754
2,056710	3,921036
1,933645	3,921036
2,121569	3,924297
2,026776	3,924297
1,850493	3,926580
1,976884	3,928210
1,971895	3,928862
1,935308	3,931797
1,817232	3,930819
2,058373	3,933754
2,018460	3,935384
2,109928	3,936362
1,946949	3,938971
1,945286	3,939297
1,908699	3,941906
2,005156	3,942884
2,005156	3,944189
1,883754	3,946145
1,898721	3,946471
1,852156	3,949080
1,900384	3,949406
2,001830	3,952015
2,000167	3,952993
1,963580	3,954297
1,938634	3,956254
1,986862	3,955928
1,930319	3,959841
1,712460	3,959841
2,033428	3,961797
1,897058	3,963102
1,976884	3,964080
1,960254	3,967015
1,973558	3,966362
1,975221	3,970276
2,169798	3,970276
1,963580	3,972232
2,076667	3,972884
2,163145	3,974515
2,065026	3,977123
1,828873	3,977449
2,051721	3,980384
2,168135	3,979732
2,021786	3,982667
2,096624	3,983319
2,048395	3,984949
2,075004	3,986580
2,193080	3,987232
1,715786	3,990819
1,907036	3,990493
2,209711	3,993428
1,971895	3,992449
2,111591	3,996689
2,070015	3,995710
2,106602	3,998645
2,094961	3,998319
1,945286	4,002558
1,860471	4,001906
2,131548	4,004189
2,106602	4,004515
1,995178	4,008102
2,045069	4,007450
2,041743	4,010384
1,968569	4,010710
1,902047	4,013971
2,124895	4,013319
2,071678	4,015928
2,068352	4,016254
2,143189	4,020167
2,221352	4,019515
2,068352	4,022450
2,010145	4,023102
2,158156	4,026036
1,865460	4,024732
2,186428	4,028971
1,925330	4,027993
2,005156	4,031254
1,857145	4,031580
2,159819	4,033210
1,922004	4,035167
2,292863	4,035819
2,083319	4,037450
2,086645	4,039080
2,134874	4,040384
1,892069	4,041037
2,173124	4,044950
2,291200	4,045276
2,073341	4,046906
2,036754	4,047884
2,093297	4,050493
1,973558	4,049841
2,269580	4,052124
2,161482	4,053102
1,960254	4,055710
1,936971	4,057341
1,875438	4,057667
2,121569	4,059950
2,075004	4,059297
2,099950	4,062884
1,926993	4,062884
2,075004	4,065167
2,031765	4,067776
2,312820	4,067776
2,101613	4,070058
2,116580	4,071689
2,078330	4,072667
2,053384	4,075276
2,198069	4,074950
1,847167	4,077232
1,915351	4,079189
2,021786	4,079189
2,068352	4,081797
1,900384	4,083428
2,094961	4,085058
2,171461	4,086689
1,966906	4,085384
2,075004	4,090602
2,071678	4,089950
2,035091	4,090928
2,015134	4,094189
1,893732	4,094189
1,950275	4,095819
2,119906	4,098428
1,960254	4,098102
1,897058	4,100711
2,236319	4,103319
2,016797	4,102341
1,860471	4,104624
1,908699	4,108211
2,199732	4,106906
2,036754	4,109841
2,026776	4,111798
1,765677	4,113102
2,040080	4,113102
1,877101	4,114732
1,922004	4,118319
1,795612	4,118319
1,747384	4,118971
2,068352	4,121580
2,003493	4,122885
1,873775	4,123863
1,926993	4,125819
1,993515	4,128102
2,008482	4,128754
1,925330	4,128754
1,931982	4,132015
1,845504	4,133319
1,925330	4,133645
1,943623	4,135276
2,046732	4,137885
2,078330	4,138211
1,754036	4,139189
1,830536	4,140819
1,880427	4,144406
2,051721	4,144406
2,001830	4,145385
1,722438	4,146363
2,001830	4,150276
1,960254	4,150928
1,980210	4,150928
1,750710	4,153537
1,890406	4,154841
2,006819	4,157124
2,028439	4,156472
1,976884	4,158428
1,853819	4,161037
1,913688	4,162993
2,065026	4,164298
1,996841	4,163972
1,793949	4,165602
2,033428	4,168537
1,848830	4,170493
1,847167	4,170167
1,868786	4,171145
1,922004	4,174080
1,862134	4,176037
2,061700	4,177015
1,976884	4,178645
1,813906	4,178972
1,860471	4,180928
1,983536	4,183863
1,961917	4,184841
2,141526	4,185493
1,832199	4,185167
2,068352	4,187124
2,023449	4,189406
1,943623	4,191363
1,855482	4,194298
2,031765	4,193972
1,943623	4,194950
1,928656	4,196580
2,010145	4,198863
1,754036	4,200819
1,897058	4,202450
1,986862	4,203428
1,887080	4,203428
1,842177	4,204732
1,990189	4,207015
2,068352	4,208972
1,946949	4,211254
1,885417	4,212559
2,073341	4,213537
1,845504	4,215493
2,010145	4,215493
1,848830	4,217124
1,910362	4,219080
1,787297	4,221037
1,907036	4,223319
1,910362	4,223646
2,051721	4,225602
2,040080	4,225602
1,862134	4,228211
2,088308	4,229189
1,993515	4,231146
1,664231	4,233428
2,151504	4,234733
2,282885	4,236363
2,058373	4,237015
1,935308	4,237341
1,887080	4,238972
2,003493	4,240602
1,867123	4,240276
2,031765	4,243863
1,913688	4,246146
1,900384	4,248102
2,040080	4,249080
1,920341	4,250385
1,883754	4,251363
1,617666	4,252015
1,943623	4,254298
1,983536	4,254624
2,088308	4,255928
2,015134	4,257233
1,815569	4,259189
2,123232	4,261146
1,838851	4,262450
2,168135	4,264733
1,931982	4,266363
2,020123	4,268646
1,855482	4,269624
1,873775	4,270928
1,840514	4,273537
1,907036	4,274841
1,712460	4,275493
2,096624	4,276472
1,895395	4,279407
1,903710	4,280059
2,035091	4,282015
2,141526	4,282994
2,005156	4,283646
1,902047	4,285276
1,980210	4,285928
2,030102	4,286907
1,963580	4,289515
1,946949	4,290494
2,088308	4,290820
1,902047	4,292450
1,941960	4,295059
2,228004	4,294407
2,038417	4,297015
1,996841	4,297667
2,048395	4,300928
2,089971	4,300928
2,031765	4,303863
1,897058	4,304841
1,913688	4,306798
2,126558	4,308102
2,000167	4,310059
1,897058	4,310711
2,146515	4,312341
1,986862	4,314950
2,031765	4,314624
1,936971	4,317233
1,956928	4,318863
2,030102	4,319515
2,244635	4,320494
2,189754	4,322450
1,790623	4,323102
1,928656	4,326037
1,922004	4,327015
2,001830	4,327341
2,075004	4,328646
2,286211	4,331254
1,966906	4,332559
2,169798	4,334189
2,143189	4,335820
2,154830	4,337450
2,226341	4,338428
2,073341	4,340711
2,194743	4,341689
1,958591	4,344624
2,015134	4,345602
1,830536	4,347885
2,213037	4,348537
1,985199	4,350168
2,048395	4,351472
2,005156	4,353102
2,020123	4,353428
2,224678	4,353755
2,176450	4,356037
2,126558	4,357015
2,015134	4,359298
1,995178	4,359298
2,239646	4,361907
2,307830	4,364189
2,149841	4,363863
1,988526	4,368102
2,094961	4,369081
2,171461	4,370059
2,199732	4,372015
1,998504	4,371037
2,036754	4,374298
2,066689	4,373972
1,955265	4,374950
1,945286	4,379515
2,018460	4,380820
2,050058	4,382124
2,028439	4,383102
2,058373	4,384407
2,232993	4,384407
2,237983	4,387342
2,025113	4,389624
2,001830	4,390276
2,043406	4,392559
2,203059	4,392885
2,317809	4,394842
1,968569	4,395168
2,294526	4,398102
2,356059	4,398755
2,093297	4,397450
2,068352	4,402015
2,035091	4,403646
2,123232	4,404624
2,163145	4,406907
2,267917	4,407559
2,196406	4,408537
2,252950	4,410494
2,124895	4,412450
2,028439	4,414733
2,111591	4,416037
2,208048	4,416363
2,149841	4,417668
2,151504	4,418646
2,141526	4,420929
2,252950	4,423211
2,319472	4,425168
2,043406	4,425494
2,038417	4,426146
2,500744	4,428429
2,402624	4,428429
2,286211	4,431689
2,457505	4,434298
2,214700	4,434298
2,261265	4,435603
1,950275	4,436907
2,099950	4,439516
2,081656	4,439189
2,359385	4,441798
2,459168	4,442124
2,495755	4,444081
2,237983	4,446363
2,126558	4,447016
2,277896	4,448320
2,475798	4,449624
2,357722	4,452559
2,201395	4,453863
2,237983	4,454189
2,563940	4,455168
2,023449	4,459081
2,109928	4,459407
2,236319	4,460059
2,301178	4,462016
2,410939	4,463972
2,223015	4,465929
2,223015	4,465929
2,251287	4,467559
2,349407	4,470494
2,213037	4,470494
2,206385	4,471472
2,347744	4,473755
2,394309	4,476363
2,199732	4,476037
2,119906	4,478320
2,316146	4,480929
2,128221	4,480277
2,116580	4,481907
2,385994	4,486472
2,257939	4,485168
1,995178	4,486146
2,106602	4,488755
2,324461	4,490059
2,246298	4,491037
2,266254	4,493320
2,076667	4,494298
2,201395	4,494624
2,324461	4,497233
2,269580	4,500168
2,252950	4,499190
2,204722	4,502450
2,119906	4,502777
2,163145	4,504081
2,307830	4,507016
2,041743	4,507668
1,908699	4,509298
2,018460	4,509950
1,968569	4,511255
2,329450	4,512559
2,183102	4,515494
2,184765	4,515168
2,247961	4,517450
2,070015	4,519407
1,965243	4,519733
2,334439	4,522668
2,053384	4,524298
2,193080	4,523646
2,247961	4,528211
2,347744	4,527885
2,314483	4,529190
2,208048	4,531146
2,434222	4,531798
2,174787	4,534407
2,154830	4,534733
2,351070	4,537016
2,374352	4,538320
2,045069	4,538972
2,199732	4,541255
2,199732	4,541907
2,361048	4,544842
2,264591	4,545820
2,402624	4,546798
2,055047	4,547777
2,091634	4,548755
2,206385	4,552016
2,206385	4,552016
2,036754	4,554951
2,251287	4,554624
2,179776	4,558211
2,261265	4,558211
2,264591	4,559842
2,108265	4,561798
2,203059	4,563429
2,071678	4,564407
2,232993	4,566038
2,021786	4,567668
2,206385	4,567994
2,169798	4,570603
2,276233	4,570929
2,134874	4,574842
2,098287	4,573538
2,093297	4,576472
2,084982	4,576472
1,995178	4,579733
2,237983	4,579081
2,136537	4,582668
2,138200	4,582668
2,161482	4,585929
1,983536	4,585277
2,083319	4,588864
1,985199	4,588864
2,035091	4,591798
1,986862	4,591798
2,169798	4,594733
2,138200	4,594733
2,228004	4,598320
2,163145	4,597016
2,183102	4,600603
1,948612	4,600277
2,093297	4,603538
2,040080	4,603538
2,113254	4,606146
2,149841	4,607125
2,213037	4,608103
1,990189	4,609407
1,956928	4,611038
2,284548	4,613320
2,096624	4,613972
1,933645	4,616255
2,010145	4,615929
2,143189	4,619842
2,133211	4,619516
2,046732	4,621799
2,178113	4,622777
1,960254	4,624407
1,887080	4,625712
2,123232	4,626364
2,149841	4,629951
1,815569	4,630277
1,917015	4,633212
2,133211	4,632233
2,221352	4,635168
2,146515	4,636146
2,071678	4,636799
2,091634	4,640059
2,026776	4,640386
2,138200	4,642668
2,159819	4,642668
2,371026	4,646255
2,229667	4,645277
2,083319	4,648864
2,050058	4,649842
2,228004	4,649842
2,139863	4,653429
2,184765	4,653103
1,787297	4,654733
2,231330	4,657342
2,056710	4,657668
2,018460	4,659951
2,084982	4,660929
1,961917	4,661581
2,141526	4,664842
2,013471	4,664516
2,016797	4,667125
1,998504	4,668755
2,169798	4,669081
2,098287	4,671690
1,955265	4,671690
2,151504	4,673646
2,193080	4,675929
2,146515	4,675929
2,031765	4,678538
2,053384	4,680168
2,126558	4,681799
2,050058	4,683755
2,178113	4,683755
1,976884	4,686364
2,045069	4,687994
2,068352	4,688320
2,158156	4,690603
2,191417	4,692233
1,973558	4,692560
2,018460	4,696146
2,065026	4,695820
1,960254	4,697777
1,981873	4,699407
2,046732	4,699733
1,980210	4,701364
2,031765	4,703973
1,936971	4,704625
2,051721	4,705929
2,079993	4,708864
2,041743	4,708864
2,193080	4,711473
2,121569	4,713103
2,008482	4,713103
1,907036	4,717016
2,055047	4,717016
2,164808	4,718320
2,068352	4,720277
1,990189	4,720929
2,006819	4,722233
1,973558	4,725494
2,040080	4,725168
2,189754	4,726799
1,993515	4,728755
1,956928	4,728755
2,016797	4,732016
2,071678	4,733973
2,020123	4,734951
1,943623	4,735929
1,933645	4,736907
2,196406	4,737560
2,061700	4,740494
1,980210	4,740820
2,068352	4,742777
1,840514	4,745712
2,018460	4,745386
2,058373	4,747016
1,965243	4,750277
1,961917	4,748647
2,081656	4,752234
1,951938	4,753538
1,777319	4,753864
2,146515	4,756147
2,146515	4,758755
1,983536	4,759081
2,011808	4,761690
2,013471	4,762668
1,985199	4,762668
1,946949	4,765929
2,139863	4,766581
2,123232	4,767886
1,998504	4,770494
2,081656	4,769842
2,063363	4,772451
2,286211	4,774081
1,848830	4,775060
2,035091	4,775712
2,124895	4,779299
1,991852	4,779951
1,935308	4,780929
1,945286	4,782234
1,975221	4,784842
2,058373	4,785821
2,372689	4,786147
2,427570	4,789408
2,088308	4,790060
1,769003	4,791364
1,827210	4,792668
1,825547	4,795603
1,915351	4,796255
2,013471	4,796581
2,294526	4,797560
2,169798	4,800168
2,194743	4,802125
2,224678	4,802451
2,008482	4,803755
2,065026	4,807016
2,223015	4,807995
1,842177	4,807995
2,169798	4,809951
2,008482	4,812234
1,986862	4,814842
1,991852	4,815168
2,178113	4,815495
1,941960	4,817451
2,246298	4,819734
1,976884	4,821038
2,179776	4,821364
1,965243	4,823973
2,076667	4,824951
1,995178	4,827886
2,020123	4,826908
2,139863	4,827886
2,076667	4,830821
1,777319	4,833429
2,301178	4,834082
2,089971	4,834734
1,858808	4,835712
1,930319	4,838647
2,056710	4,840929
1,991852	4,841255
1,724101	4,841582
2,089971	4,843538
1,855482	4,846473
1,973558	4,848755
1,865460	4,848755
1,990189	4,849408
2,030102	4,851364
1,847167	4,853321
1,850493	4,855603
1,915351	4,854951
1,935308	4,855929
1,983536	4,857886
2,060037	4,859842
1,946949	4,862125
1,963580	4,863755
1,885417	4,864734
1,915351	4,865386
2,031765	4,866364
2,136537	4,867669
1,912025	4,870603
2,030102	4,872886
2,163145	4,873864
2,046732	4,875821
2,139863	4,875821
1,968569	4,877451
1,983536	4,878429
1,900384	4,880060
2,173124	4,881364
1,996841	4,884951
1,990189	4,885929
2,008482	4,887234
2,068352	4,888212
2,028439	4,888864
1,971895	4,890495
1,777319	4,892451
2,013471	4,893756
2,026776	4,894734
1,978547	4,896364
1,935308	4,897016
1,912025	4,898973
2,096624	4,900929
1,926993	4,900929
1,991852	4,904190
2,030102	4,905169
2,020123	4,906147
1,890406	4,908103
2,173124	4,909408
2,020123	4,911364
1,941960	4,911690
1,968569	4,914299
2,008482	4,915277
2,079993	4,916908
2,171461	4,919190
1,807253	4,920821
1,963580	4,923103
2,129884	4,924082
2,219689	4,924734
2,081656	4,927016
2,184765	4,928321
2,131548	4,928973
1,888743	4,930603
1,986862	4,931256
1,845504	4,932560
1,971895	4,933864
1,923667	4,935821
2,073341	4,936799
2,063363	4,939734
2,113254	4,941038
1,840514	4,942995
1,925330	4,944951
1,935308	4,945277
1,985199	4,945930
2,065026	4,948538
2,091634	4,947886
1,820558	4,950169
2,050058	4,951799
1,965243	4,954734
2,075004	4,956364
2,000167	4,958321
2,178113	4,958647
1,867123	4,958973
2,108265	4,959625
2,068352	4,961582
2,086645	4,964190
2,094961	4,966473
2,030102	4,968756
1,995178	4,969082
1,990189	4,970060
1,905373	4,971364
2,161482	4,972343
1,860471	4,974299
2,133211	4,975277
2,174787	4,977560
2,161482	4,979843
2,143189	4,979517
1,983536	4,979843
2,131548	4,982451
2,060037	4,985712
2,154830	4,986691
2,116580	4,987343
2,038417	4,989299
2,141526	4,989299
2,314483	4,991582
2,026776	4,993864
1,938634	4,996473
2,013471	4,997125
1,995178	4,997125
1,920341	4,998430
2,119906	5,000712
2,030102	5,002343
2,001830	5,002995
1,980210	5,003973
1,961917	5,005930
2,058373	5,008538
1,873775	5,010495
2,231330	5,010495
2,191417	5,011473
2,018460	5,012778
2,111591	5,016038
1,976884	5,017017
2,073341	5,017343
2,028439	5,019951
2,073341	5,021582
2,084982	5,023538
2,018460	5,023538
2,153167	5,024191
2,068352	5,027451
2,056710	5,029082
2,164808	5,030060
2,119906	5,030712
2,173124	5,033321
2,194743	5,035278
1,940297	5,034625
2,198069	5,037560
2,272906	5,039843
2,164808	5,039843
2,055047	5,040821
2,073341	5,043756
2,302841	5,045712
2,151504	5,045712
2,254613	5,046691
2,134874	5,049625
2,174787	5,051582
2,048395	5,051256
2,249624	5,054191
2,109928	5,054843
2,159819	5,055495
2,204722	5,058104
2,163145	5,059082
2,201395	5,060060
1,910362	5,062017
2,035091	5,065278
2,149841	5,064299
2,208048	5,065278
2,051721	5,068538
2,021786	5,070495
2,038417	5,069843
2,141526	5,073104
2,226341	5,074082
2,156493	5,073756
2,188091	5,077343
2,199732	5,077343
2,031765	5,078647
2,203059	5,081256
2,045069	5,083539
2,119906	5,083212
2,075004	5,086799
1,955265	5,087778
2,164808	5,087125
1,915351	5,090060
2,146515	5,091039
2,081656	5,091691
2,084982	5,094952
1,968569	5,095930
2,040080	5,096582
2,078330	5,099517
2,231330	5,099191
2,126558	5,102126
2,119906	5,103104
2,442537	5,103756
2,086645	5,107017
2,114917	5,107017
2,284548	5,108321
2,199732	5,111582
2,081656	5,111582
2,081656	5,114517
2,113254	5,115495
2,040080	5,115821
2,316146	5,118104
2,086645	5,118430
2,111591	5,121365
2,025113	5,121691
2,226341	5,123321
2,114917	5,124626
2,106602	5,125604
2,256276	5,128539
2,119906	5,128865
2,013471	5,131473
2,081656	5,130821
2,084982	5,134408
2,114917	5,134408
1,941960	5,137017
2,094961	5,137669
2,066689	5,139626
1,978547	5,140930
1,971895	5,143213
2,121569	5,143539
2,056710	5,146473
2,093297	5,146147
2,219689	5,148430
1,745721	5,149408
2,292863	5,151691
2,173124	5,151691
1,983536	5,154626
2,079993	5,155278
2,231330	5,157560
2,191417	5,157886
2,015134	5,160495
1,885417	5,161147
2,060037	5,163756
1,983536	5,163430
2,031765	5,166039
2,156493	5,168321
1,975221	5,167669
2,126558	5,171256
2,030102	5,170604
2,254613	5,173539
2,334439	5,174843
1,960254	5,176473
2,096624	5,177126
2,025113	5,178756
2,119906	5,181039
2,266254	5,181039
2,209711	5,184300
2,118243	5,183974
2,021786	5,187234
2,146515	5,187887
2,163145	5,189191
1,925330	5,191474
2,041743	5,191800
2,070015	5,194408
2,299515	5,194734
2,134874	5,196039
2,111591	5,198647
2,013471	5,198974
2,136537	5,201256
2,079993	5,203539
2,086645	5,202560
1,895395	5,205495
2,361048	5,206800
2,148178	5,207778
2,297852	5,210061
1,991852	5,211691
2,109928	5,212343
1,995178	5,214952
2,166472	5,215604
2,023449	5,216908
1,912025	5,219517
1,965243	5,219843
2,028439	5,221147
2,164808	5,223430
1,986862	5,225061
2,020123	5,225061
2,181439	5,227995
2,070015	5,229626
2,063363	5,229626
2,272906	5,230604
1,888743	5,233865
2,171461	5,235169
2,113254	5,235169
2,088308	5,238104
2,218026	5,240387
2,075004	5,239082
1,940297	5,240713
1,807253	5,243974
2,146515	5,245278
2,111591	5,244626
2,317809	5,247887
1,950275	5,249517
1,956928	5,251474
2,131548	5,250821
1,998504	5,253756
2,161482	5,255713
2,186428	5,256365
2,119906	5,257669
2,332776	5,259952
2,213037	5,261582
2,191417	5,262235
2,158156	5,263539
2,094961	5,264517
1,800601	5,267126
2,013471	5,268756
2,154830	5,269735
2,084982	5,269735
2,026776	5,272995
2,159819	5,274626
1,838851	5,275930
2,094961	5,276908
2,158156	5,279191
2,065026	5,280495
2,011808	5,280169
2,116580	5,282126
2,164808	5,284082
2,178113	5,287017
1,951938	5,287995
2,174787	5,288648
2,030102	5,289626
2,086645	5,290930
1,915351	5,293865
1,961917	5,295169
2,246298	5,296148
2,206385	5,297778
2,020123	5,298104
2,134874	5,300713
2,168135	5,302669
2,058373	5,303974
1,996841	5,304626
1,858808	5,305604
2,153167	5,308213
1,755699	5,309191
2,213037	5,311148
2,121569	5,312452
2,236319	5,314409
2,252950	5,315061
2,231330	5,315713
2,109928	5,317669
2,226341	5,319300
2,317809	5,320930
2,056710	5,322887
2,186428	5,324517
1,926993	5,326800
2,056710	5,327126
2,214700	5,327452
2,040080	5,329409
2,036754	5,330387
2,050058	5,331691
2,289537	5,333648
1,995178	5,335604
2,193080	5,337887
2,070015	5,339843
2,018460	5,340822
2,166472	5,341800
2,076667	5,343756
2,030102	5,345713
2,099950	5,345387
2,171461	5,347343
1,912025	5,348322
2,218026	5,348322
2,073341	5,350930
2,133211	5,352561
2,166472	5,355496
2,015134	5,356474
2,023449	5,358104
2,114917	5,360061
2,256276	5,361365
2,151504	5,362996
2,148178	5,363974
2,078330	5,365930
2,065026	5,366909
2,249624	5,368213
2,158156	5,369843
1,973558	5,371148
2,101613	5,373104
2,259602	5,374083
2,070015	5,375713
2,201395	5,377017
2,174787	5,378974
2,073341	5,379952
1,873775	5,381909
2,025113	5,383865
2,234656	5,384517
2,038417	5,386148
2,173124	5,388104
1,941960	5,388757
2,153167	5,391365
2,045069	5,392670
2,118243	5,392996
2,229667	5,394952
2,158156	5,395604
2,354396	5,397887
2,161482	5,397887
2,119906	5,399517
2,043406	5,400822
1,888743	5,401800
1,877101	5,403104
2,181439	5,405713
2,051721	5,407017
1,965243	5,408322
2,111591	5,410278
1,940297	5,411583
2,271243	5,413213
1,960254	5,414517
2,141526	5,415822
2,161482	5,418757
1,892069	5,419735
1,996841	5,421039
2,089971	5,422017
2,025113	5,423974
2,025113	5,425930
2,168135	5,426257
1,931982	5,426583
2,326124	5,428213
2,050058	5,430496
2,016797	5,431800
2,118243	5,433104
1,991852	5,435387
2,071678	5,437017
2,056710	5,438322
2,237983	5,440278
2,223015	5,440931
2,058373	5,442235
2,246298	5,442887
2,045069	5,444517
2,151504	5,444844
1,910362	5,447778
2,046732	5,450713
2,161482	5,451365
1,890406	5,452996
2,013471	5,454952
2,234656	5,456257
2,304504	5,457561
2,126558	5,457561
2,219689	5,458865
2,216363	5,460496
2,347744	5,462778
2,399298	5,465061
2,048395	5,467018
2,246298	5,467018
2,094961	5,467344
1,902047	5,468974
2,193080	5,472561
2,146515	5,474844
2,203059	5,474844
2,169798	5,475496
2,058373	5,477452
1,938634	5,477778
2,143189	5,481365
2,203059	5,482670
2,184765	5,483974
2,028439	5,483648
2,178113	5,485605
2,003493	5,487235
2,138200	5,490496
2,246298	5,490496
2,133211	5,491148
2,035091	5,493105
2,133211	5,495713
2,133211	5,497344
2,138200	5,498322
2,096624	5,498974
2,079993	5,500605
2,158156	5,503213
2,199732	5,505170
2,208048	5,505496
2,143189	5,506148
1,913688	5,507778
2,231330	5,510387
2,010145	5,511365
2,206385	5,512018
2,083319	5,514952
2,148178	5,516583
2,051721	5,516583
2,089971	5,519192
1,986862	5,520496
1,918678	5,521800
2,123232	5,522126
2,104939	5,524409
2,189754	5,526365
1,870449	5,527670
2,083319	5,528322
2,091634	5,530931
2,001830	5,532561
2,051721	5,532235
