0,091608	0,987878
-0,481263	0,987878
-0,158827	0,985922
-0,268393	0,988205
-0,224567	0,990161
-0,055523	0,990161
0,110391	0,991139
-0,290306	0,993096
-0,227697	0,995052
-0,011697	0,994726
-0,249610	0,997987
-0,052392	0,999944
0,389000	0,999618
0,288826	1,001574
-0,083697	1,003531
0,113521	1,004509
-0,221436	1,004835
0,185521	1,008422
-0,043001	1,009400
-0,130653	1,009726
0,019608	1,011683
-0,089958	1,014292
-0,127523	1,014292
0,194912	1,016248
-0,014827	1,019509
-0,183871	1,018205
-0,196393	1,021792
-0,215175	1,022444
-0,086827	1,022770
0,144825	1,026031
-0,268393	1,027335
-0,390480	1,027987
-0,205784	1,029618
-0,008566	1,031248
-0,121262	1,031900
-0,215175	1,035487
-0,462480	1,034835
-0,212045	1,036792
-0,296567	1,039400
-0,237088	1,039400
0,223086	1,041357
-0,362306	1,043313
-0,118132	1,043639
-0,202654	1,046900
0,241869	1,046248
0,007086	1,048531
-0,212045	1,051466
-0,437437	1,050813
-0,174480	1,053748
-0,399871	1,054726
-0,428045	1,055705
-0,543872	1,058640
0,504826	1,058640
-0,221436	1,061248
-0,049262	1,060922
-0,268393	1,063857
-0,096219	1,054400
-0,628393	1,066140
-0,315349	1,069400
-0,390480	1,069074
-0,581437	1,072009
-0,449958	1,072661
-0,187001	1,074944
-0,496915	1,075922
-0,565785	1,076248
-0,559524	1,078531
-0,187001	1,078205
-0,493785	1,081792
0,038390	1,081466
-0,346654	1,084400
-0,440567	1,084400
-0,797437	1,088313
-0,365436	1,088313
-0,681611	1,089292
-0,562654	1,092227
-0,446828	1,093205
-0,456219	1,093857
-0,233958	1,095487
-0,352915	1,097444
-0,659698	1,098096
-0,365436	1,101031
-0,434306	1,100705
-0,315349	1,103966
-0,916394	1,104292
-0,653437	1,106574
0,079086	1,107227
-0,803698	1,108531
-0,359176	1,110814
-0,503176	1,111466
-0,205784	1,113422
-0,619002	1,114074
-0,734828	1,117335
-0,644046	1,117335
-0,869437	1,119944
-0,315349	1,119618
-0,484393	1,122879
-0,537611	1,122879
-0,784916	1,126140
-0,346654	1,125161
-0,509437	1,129074
-0,734828	1,128748
-0,428045	1,131683
-0,609611	1,131031
-0,928916	1,134618
-0,406132	1,134292
-0,503176	1,137227
-0,080566	1,137553
-0,390480	1,140487
-0,324741	1,140487
-0,650307	1,143096
-0,506306	1,143096
-0,202654	1,144727
-0,719176	1,147335
-0,772394	1,146683
-0,218306	1,149618
-0,177610	1,150922
-0,775524	1,153531
-0,412393	1,153857
0,016477	1,157118
-0,061784	1,156466
-0,299697	1,159727
-0,199523	1,160053
-0,237088	1,161683
-0,384219	1,163640
-0,540741	1,163966
-0,484393	1,166248
-0,581437	1,165922
-0,356045	1,169835
-0,177610	1,169835
-0,305958	1,172444
-0,615872	1,171792
-0,302828	1,175705
-0,443697	1,176357
-0,280915	1,177009
-0,534480	1,178966
-0,377958	1,180270
-0,440567	1,183205
-0,888220	1,182879
-0,337262	1,185161
-0,578306	1,185488
-0,462480	1,188422
-0,346654	1,189727
-0,324741	1,189727
-0,190132	1,193640
-0,459350	1,192335
-0,140045	1,196575
-0,318480	1,195922
-0,331002	1,197879
-0,515698	1,200488
-0,021088	1,199835
-0,115001	1,204401
-0,343523	1,203748
-0,412393	1,205053
-0,287175	1,207335
-0,021088	1,207009
-0,158827	1,210596
0,172999	1,211248
-0,540741	1,212879
-0,218306	1,212879
-0,562654	1,215488
-0,487524	1,218096
-0,115001	1,217444
-0,656567	1,221031
-0,393610	1,220705
-0,381089	1,223314
-0,669089	1,225596
-0,634654	1,225270
-0,481263	1,228857
-0,788046	1,228531
-0,212045	1,231466
-0,496915	1,231792
-0,791176	1,233422
-0,484393	1,235705
-0,431176	1,236031
-0,966481	1,238966
-0,756742	1,238640
-0,747350	1,240922
-0,412393	1,242553
-0,340393	1,242553
-0,399871	1,245488
-0,352915	1,245488
-0,431176	1,248096
-0,359176	1,249075
-0,424915	1,250053
-0,431176	1,253314
-0,712915	1,253314
-0,709785	1,255922
-0,465611	1,256901
-0,299697	1,258531
-0,753611	1,260162
-0,503176	1,260162
-0,587698	1,263749
-0,259001	1,263749
-0,459350	1,264727
-0,719176	1,267662
-0,249610	1,267988
-0,678481	1,270923
-0,941438	1,271575
-0,885090	1,272227
-0,734828	1,274836
-0,437437	1,275162
-0,456219	1,277444
-0,102479	1,279727
-0,017958	1,278749
-0,512567	1,282988
-0,709785	1,284292
-0,741089	1,283314
-0,590828	1,285923
-0,406132	1,288857
-0,694133	1,287879
-0,725437	1,291140
-0,615872	1,291792
-0,058653	1,292118
-0,265262	1,295705
-0,819350	1,296031
-0,838133	1,297336
-0,193262	1,299944
-0,559524	1,299944
-0,390480	1,301575
-0,177610	1,303857
-0,493785	1,304510
-0,581437	1,307118
-0,418654	1,308423
-0,359176	1,309727
-0,161958	1,312010
-0,421784	1,312662
-0,280915	1,312662
-0,068045	1,316575
-0,759872	1,315597
-0,428045	1,318205
-0,615872	1,321466
-0,299697	1,320162
-0,681611	1,322770
-0,556393	1,325379
-0,675350	1,324401
-0,327871	1,327336
-0,578306	1,329618
-0,490654	1,329292
-0,462480	1,332227
-0,399871	1,334184
-0,528219	1,332879
-0,437437	1,336140
-0,299697	1,338423
-0,108740	1,338097
-0,437437	1,339727
-0,309089	1,342988
-0,218306	1,343314
-0,684741	1,344292
-0,190132	1,346901
-0,443697	1,347227
-0,431176	1,348531
-0,099349	1,350814
-0,449958	1,352118
-0,803698	1,353749
-0,606480	1,355705
-0,456219	1,355705
-0,302828	1,358314
-0,340393	1,359944
-0,465611	1,360271
-0,318480	1,361249
-0,165088	1,364510
-0,346654	1,364836
-0,619002	1,366466
-0,365436	1,369075
-0,049262	1,368749
-0,403002	1,371031
-0,478132	1,374618
-0,299697	1,373314
-0,174480	1,374944
-0,105610	1,377553
-0,127523	1,377553
-0,071175	1,378858
0,351434	1,381792
0,047782	1,383097
0,198043	1,384401
0,861696	1,384401
0,871088	1,388640
0,630044	1,388640
0,539261	1,388640
0,852305	1,392553
1,303088	1,394184
0,717696	1,393858
1,134045	1,395162
1,024479	1,398423
1,478393	1,399401
1,490915	1,399401
1,350045	1,402336
1,503437	1,403966
1,581698	1,404618
1,390741	1,405597
1,619263	1,408858
1,494045	1,408531
1,631785	1,409836
1,587959	1,412118
1,387610	1,415705
1,262393	1,414401
1,719437	1,416031
1,315610	1,419618
1,099610	1,418640
1,143436	1,419945
1,127784	1,423532
1,143436	1,423532
0,980653	1,424184
0,821001	1,427771
1,378219	1,428423
1,002566	1,428749
0,905523	1,432010
0,545522	1,433640
0,470391	1,433640
0,589348	1,435923
0,583087	1,437879
0,320130	1,437879
-0,409263	1,440162
-0,252741	1,443097
-0,224567	1,442445
-0,406132	1,443097
-0,434306	1,446684
-0,547002	1,447662
-0,246480	1,447662
-0,634654	1,449945
-0,659698	1,452553
-0,233958	1,453532
-0,318480	1,453205
-0,089958	1,457445
-0,140045	1,458097
-0,449958	1,458097
-0,233958	1,460705
-0,518828	1,462988
-0,280915	1,462662
-0,459350	1,464619
-0,055523	1,466901
-0,124393	1,467227
-0,259001	1,468532
-0,246480	1,470162
-0,622133	1,473097
-0,340393	1,473097
-0,728568	1,474727
-0,449958	1,477336
-0,418654	1,477010
-0,161958	1,478966
-0,421784	1,481901
-0,609611	1,483532
-0,756742	1,482879
-0,327871	1,485488
-0,199523	1,487771
-0,390480	1,487119
-0,634654	1,488749
-0,453089	1,491358
-0,728568	1,493966
-0,712915	1,493314
-0,124393	1,495271
-0,102479	1,498206
-0,415524	1,497879
-0,440567	1,499510
-0,431176	1,501466
-0,687872	1,503423
-0,309089	1,503423
-0,305958	1,505379
-0,299697	1,508640
-0,318480	1,508640
-0,277784	1,509619
-0,415524	1,512227
-0,011697	1,513858
-0,581437	1,513532
-0,578306	1,514836
-0,399871	1,518749
-0,262132	1,518749
0,141695	1,520053
-0,506306	1,521684
-0,315349	1,524293
-0,537611	1,523966
-0,340393	1,526249
-0,287175	1,528532
-0,183871	1,529836
-0,587698	1,529510
-0,215175	1,532119
-0,465611	1,534075
-0,619002	1,534727
-0,293436	1,534727
-0,265262	1,538967
-0,550132	1,539945
-0,199523	1,540923
-0,487524	1,541575
-0,111871	1,544836
-0,424915	1,546140
-0,290306	1,546140
-0,593959	1,548097
-0,115001	1,551358
-0,158827	1,551358
-0,265262	1,552336
-0,437437	1,554619
-0,606480	1,555597
-0,509437	1,555271
0,032130	1,559184
-0,706655	1,561140
-0,259001	1,560488
-0,352915	1,563749
-0,362306	1,565054
-0,321610	1,564401
-0,403002	1,567010
-0,556393	1,570271
-0,202654	1,568314
-0,706655	1,572227
-0,590828	1,574510
-0,431176	1,573206
-0,246480	1,576793
-0,196393	1,577771
-0,180740	1,578749
-0,287175	1,581684
-0,349784	1,582010
-0,033610	1,582988
-0,359176	1,585597
0,144825	1,585597
-0,174480	1,588206
0,060303	1,590488
0,082217	1,589836
0,066564	1,592445
0,138565	1,593097
0,363956	1,595054
0,342043	1,597662
0,266913	1,597662
0,320130	1,599619
0,551783	1,601575
0,342043	1,601575
0,238739	1,604510
0,479783	1,605162
0,482913	1,606793
0,533000	1,609075
0,085347	1,608749
0,548652	1,611684
0,586218	1,613967
0,526739	1,613314
0,658218	1,614945
0,360826	1,618206
0,439087	1,618206
0,636305	1,620162
0,320130	1,622119
0,573696	1,622119
0,492304	1,624728
0,295087	1,626358
0,295087	1,626684
0,514217	1,629619
0,010216	1,630271
-0,240219	1,630923
0,363956	1,634184
0,075956	1,634836
-0,265262	1,635488
0,032130	1,638423
-0,077436	1,637771
-0,252741	1,640054
-0,168219	1,642662
-0,631524	1,642010
-0,227697	1,644293
-0,459350	1,647228
-0,014827	1,647228
-0,252741	1,649836
-0,177610	1,649836
-0,534480	1,651141
0,091608	1,654402
-0,421784	1,654402
-0,584567	1,656684
-0,484393	1,657988
-0,140045	1,658641
-0,293436	1,662554
-0,017958	1,661902
-0,233958	1,664184
-0,384219	1,666467
-0,255871	1,665162
-0,240219	1,668749
-0,165088	1,670054
-0,255871	1,670380
-0,440567	1,673641
-0,152566	1,674945
0,041521	1,675271
-0,196393	1,677228
-0,262132	1,677880
-0,349784	1,680815
-0,327871	1,681793
-0,039871	1,681467
0,007086	1,685380
-0,212045	1,685054
-0,140045	1,687989
0,154217	1,688641
-0,021088	1,689619
0,019608	1,692228
0,382739	1,692228
0,201173	1,695489
0,614392	1,695162
0,548652	1,698097
0,561174	1,698749
0,019608	1,699728
0,298217	1,702662
0,154217	1,702336
0,511087	1,705597
0,335782	1,705597
0,354565	1,708206
0,288826	1,709184
0,429696	1,710489
0,254391	1,714076
0,486043	1,713097
0,567435	1,715380
0,507957	1,715706
0,852305	1,718315
0,376478	1,719619
0,451609	1,719945
0,423435	1,723206
0,298217	1,723532
0,085347	1,726141
0,323261	1,725815
0,094738	1,729402
0,417174	1,729728
0,210565	1,731684
0,410913	1,732336
0,244999	1,734293
0,279434	1,735271
-0,180740	1,735923
0,276304	1,739184
-0,064914	1,739184
-0,161958	1,742445
-0,155697	1,742445
-0,371697	1,745380
-0,274654	1,744402
-0,778655	1,748315
-0,484393	1,748641
-0,396741	1,750923
-0,327871	1,750597
-0,828742	1,753532
-0,230828	1,753532
-0,753611	1,756467
-0,115001	1,757771
-0,756742	1,760054
-0,393610	1,760380
-0,199523	1,761684
-0,712915	1,764293
-0,434306	1,764293
-0,309089	1,766902
-0,027349	1,767228
-0,227697	1,768858
-0,340393	1,770489
-0,055523	1,773423
-0,440567	1,773097
-0,039871	1,775054
-0,240219	1,776684
-0,462480	1,778315
-0,506306	1,778315
-0,196393	1,781576
-0,199523	1,781576
-0,233958	1,784510
0,263782	1,784510
0,016477	1,787771
-0,052392	1,787119
0,126043	1,790706
0,288826	1,790380
0,664479	1,792989
0,558044	1,793641
0,504826	1,796576
0,686392	1,795924
0,401522	1,799184
0,749000	1,799510
0,736479	1,802771
0,617522	1,801793
0,304478	1,805380
0,836653	1,804402
0,564304	1,807337
0,620652	1,807989
0,370217	1,810597
0,526739	1,810597
0,536130	1,813532
0,545522	1,813532
0,529870	1,817445
0,645696	1,817445
0,536130	1,820054
0,893001	1,820380
0,630044	1,821358
0,539261	1,822663
0,291956	1,825271
0,288826	1,824945
0,492304	1,827554
0,417174	1,829184
0,407782	1,830815
0,385869	1,832445
0,257521	1,833424
0,044651	1,835706
0,091608	1,836032
0,745870	1,838967
0,091608	1,839293
0,016477	1,841902
-0,421784	1,842228
-0,127523	1,844837
-0,475002	1,844837
-0,659698	1,847119
-0,284045	1,847445
-0,590828	1,850054
-0,809959	1,850706
-0,462480	1,852989
-0,371697	1,853641
-0,578306	1,856902
-0,415524	1,856576
-0,443697	1,859185
-0,190132	1,858206
-0,572046	1,862119
-0,925785	1,862771
-0,697263	1,865380
-0,399871	1,866032
-0,838133	1,866358
-0,431176	1,868967
-0,659698	1,869619
-0,011697	1,872880
-0,384219	1,872228
0,019608	1,876141
-0,140045	1,875489
-0,556393	1,878424
-0,240219	1,878750
-0,853785	1,881032
-0,547002	1,881685
-0,233958	1,882989
-0,390480	1,885272
-0,381089	1,885598
-0,453089	1,888532
-0,700394	1,888206
-0,490654	1,891793
-0,393610	1,891141
-0,565785	1,895706
-0,377958	1,894076
-0,653437	1,896685
-0,415524	1,899293
-0,553263	1,898967
-0,005436	1,901902
-0,259001	1,900924
-0,515698	1,905163
-0,177610	1,905489
-0,587698	1,906793
-0,340393	1,908750
-0,277784	1,908750
-0,803698	1,911685
-0,196393	1,912989
-0,340393	1,913967
-0,597089	1,916250
-0,409263	1,915924
-0,296567	1,919511
-0,794307	1,919511
-1,129264	1,922119
-0,478132	1,923098
-0,662828	1,923424
-0,180740	1,927011
-0,390480	1,927011
-0,509437	1,929619
-0,825611	1,929619
-0,312219	1,930272
-0,478132	1,933859
-0,312219	1,933532
-0,565785	1,937119
-0,525089	1,936793
-0,221436	1,939076
-0,152566	1,941033
-0,387350	1,940380
-0,550132	1,944293
-0,487524	1,944293
-0,415524	1,945598
-0,462480	1,948206
-0,434306	1,948533
-0,390480	1,950815
-0,500045	1,951467
-0,359176	1,952772
-0,687872	1,955706
-0,471871	1,955706
-0,794307	1,958315
-0,368567	1,958641
-0,412393	1,960272
-0,587698	1,962554
-0,553263	1,962880
-0,259001	1,965489
-0,249610	1,966793
-0,481263	1,966793
-0,212045	1,970706
-0,359176	1,970380
-0,581437	1,972989
-0,612741	1,974620
-0,337262	1,974620
-0,550132	1,977880
-0,568915	1,978206
-0,277784	1,979837
-0,384219	1,982120
-0,449958	1,982120
-0,800568	1,984402
-0,637785	1,986359
-0,547002	1,986359
-0,537611	1,989946
-0,064914	1,989620
-0,512567	1,991250
-0,434306	1,993207
-0,434306	1,993859
-0,640915	1,995815
-0,628393	1,998424
-0,503176	1,997772
-0,305958	1,999402
-0,675350	2,002989
-0,089958	2,002989
-0,384219	2,003967
-0,371697	2,007228
-0,475002	2,006902
-0,734828	2,008859
-0,531350	2,010815
-0,512567	2,012446
-0,224567	2,012772
-0,352915	2,015707
-0,521958	2,017337
-0,459350	2,017663
-0,340393	2,017989
-0,287175	2,021576
-0,647176	2,022880
-0,271523	2,022228
-0,681611	2,026141
-0,274654	2,028098
-0,237088	2,027772
-0,537611	2,029728
-0,731698	2,031685
-0,202654	2,032989
-0,287175	2,032337
-0,315349	2,035272
-0,525089	2,038533
-0,603350	2,038859
-0,384219	2,039185
-0,631524	2,041141
-0,496915	2,043424
-0,515698	2,044402
-0,562654	2,045054
-0,653437	2,047663
-0,409263	2,049620
-0,515698	2,050272
-0,146306	2,049946
-0,230828	2,052881
-0,478132	2,055163
-0,518828	2,055163
-0,478132	2,056468
-0,700394	2,058098
-0,033610	2,060707
-0,340393	2,062663
-0,440567	2,064294
-0,791176	2,063641
-0,578306	2,066250
-0,421784	2,068859
-0,346654	2,069511
-0,575176	2,069837
-0,334132	2,071468
-0,534480	2,073750
-0,496915	2,076033
-0,468741	2,076685
-0,484393	2,077011
-0,575176	2,078641
-0,431176	2,080924
-0,496915	2,083207
-0,327871	2,083207
-0,196393	2,084511
-0,309089	2,086141
-0,935177	2,089076
-0,581437	2,090381
-0,540741	2,091033
-0,321610	2,091359
-0,374828	2,093315
-0,118132	2,096576
-0,086827	2,096902
-0,033610	2,097881
-0,187001	2,098859
-0,377958	2,100815
-0,471871	2,103424
-0,365436	2,104728
-0,431176	2,105381
-0,327871	2,106685
-0,406132	2,107989
-0,340393	2,109946
-0,265262	2,112228
-0,324741	2,112228
-0,071175	2,113533
-0,202654	2,114837
-0,362306	2,117120
-0,525089	2,119402
-0,233958	2,120707
-0,271523	2,122663
-0,237088	2,122989
-0,493785	2,122663
-0,728568	2,124620
-0,349784	2,127555
-0,697263	2,129837
0,182391	2,131468
-0,039871	2,133098
-0,199523	2,132446
-0,537611	2,133424
-0,299697	2,137011
-0,011697	2,138315
-0,540741	2,140598
-0,531350	2,142229
-0,903872	2,142229
-0,753611	2,142229
-0,346654	2,144185
-0,568915	2,147772
-0,421784	2,149402
-0,431176	2,150055
-0,168219	2,151685
-0,356045	2,151359
-0,431176	2,152663
0,107260	2,154946
-0,459350	2,157555
-0,581437	2,159837
-0,449958	2,160816
-0,252741	2,161142
-0,165088	2,162120
-0,556393	2,163098
-0,428045	2,165055
-0,093088	2,167663
-0,074305	2,169620
-0,540741	2,171250
-0,284045	2,172229
-0,331002	2,172229
-0,246480	2,173533
-0,255871	2,175163
-0,540741	2,176142
-0,315349	2,179403
-0,074305	2,180381
-0,399871	2,182663
-0,212045	2,183968
-0,309089	2,185924
-0,099349	2,186250
-0,578306	2,187881
-0,468741	2,188533
-0,337262	2,189837
-0,371697	2,192120
-0,841263	2,194076
-0,562654	2,196359
-0,431176	2,197337
-0,403002	2,198316
-0,575176	2,199620
-0,290306	2,199946
-0,334132	2,201576
-0,368567	2,202881
-0,331002	2,204837
-0,055523	2,206142
-0,562654	2,208098
-0,349784	2,210707
-0,331002	2,212011
-0,177610	2,213968
0,028999	2,214620
-0,368567	2,214946
-0,315349	2,216250
-0,581437	2,218207
-0,625263	2,219185
-0,581437	2,220490
-0,305958	2,221468
-0,737959	2,223424
-0,534480	2,224403
-0,412393	2,226359
-0,315349	2,228642
-0,640915	2,229620
-0,406132	2,231250
-0,014827	2,232555
-0,640915	2,234185
0,266913	2,236468
-0,327871	2,236142
-0,368567	2,238098
-0,237088	2,240055
-0,465611	2,241359
-0,791176	2,242011
-0,415524	2,245272
-0,262132	2,245598
0,172999	2,246577
0,110391	2,249511
-0,706655	2,250490
-0,584567	2,251468
-0,356045	2,253098
-0,365436	2,254403
-0,324741	2,255707
-0,797437	2,257011
-0,475002	2,258642
-0,387350	2,259946
-0,496915	2,261577
-0,274654	2,262555
-0,556393	2,264185
-0,606480	2,266142
-0,675350	2,267120
-0,759872	2,269077
-0,725437	2,270055
-0,305958	2,271359
-0,349784	2,272990
-0,199523	2,273968
-0,312219	2,277229
-0,071175	2,278207
-0,321610	2,279837
-0,509437	2,281794
-0,481263	2,283751
-0,412393	2,285055
-0,496915	2,286359
-0,424915	2,287990
-0,428045	2,289620
-0,456219	2,290272
-0,653437	2,292229
-0,490654	2,293859
-0,174480	2,294511
-0,628393	2,294838
-0,475002	2,296468
-0,421784	2,298098
-0,462480	2,298098
-0,403002	2,301359
-0,647176	2,303968
-0,496915	2,305272
-0,453089	2,306577
-0,550132	2,308207
-0,565785	2,309838
-0,327871	2,310164
-0,221436	2,311468
-0,212045	2,313098
-0,362306	2,313425
-0,356045	2,315707
-0,374828	2,317664
-0,822481	2,320272
-0,684741	2,321577
-0,409263	2,322881
-0,775524	2,324511
-0,021088	2,324511
-0,687872	2,325164
-0,465611	2,326794
-0,224567	2,329403
-0,587698	2,331359
-0,424915	2,333316
-0,296567	2,334946
-0,280915	2,334946
-0,287175	2,336251
-0,506306	2,336903
-0,327871	2,339185
-0,431176	2,342120
-0,637785	2,343425
-0,806829	2,344729
-0,428045	2,344729
-0,600220	2,346033
-0,315349	2,347990
-0,568915	2,350599
-0,428045	2,352229
-0,287175	2,353207
-0,374828	2,353859
-0,525089	2,355164
-0,659698	2,356794
-0,540741	2,359403
-0,262132	2,361033
-0,315349	2,360707
-0,243349	2,362012
-0,656567	2,363968
-0,650307	2,367555
-0,368567	2,367229
-0,381089	2,368859
-0,418654	2,369185
-0,337262	2,370816
-0,284045	2,373751
-0,246480	2,375707
-0,249610	2,376686
-0,844394	2,376686
-0,615872	2,378316
-0,600220	2,380925
-0,274654	2,383207
-0,121262	2,383859
-0,406132	2,384838
-0,124393	2,386142
-0,556393	2,388099
-0,362306	2,390707
-0,540741	2,391359
-0,703524	2,392012
-0,431176	2,392338
-0,403002	2,394946
-0,484393	2,397229
-0,315349	2,397881
-0,625263	2,398859
-0,521958	2,400816
-0,011697	2,403425
-0,287175	2,403751
-0,487524	2,404403
-0,049262	2,407012
-0,440567	2,409620
-0,478132	2,410599
-0,155697	2,410925
-0,534480	2,412229
-0,146306	2,414838
-0,237088	2,416468
-0,525089	2,416142
-0,446828	2,418099
-0,340393	2,421033
-0,390480	2,422990
-0,230828	2,421686
-0,359176	2,423642
0,069695	2,426577
-0,177610	2,427229
-0,487524	2,428207
-0,212045	2,430816
-0,371697	2,431794
-0,503176	2,432773
-0,349784	2,434403
-0,349784	2,437338
-0,763002	2,436686
-0,634654	2,438642
-0,587698	2,441251
-0,359176	2,441903
-0,327871	2,442555
-0,428045	2,444838
-0,356045	2,447773
-0,171349	2,447773
-0,356045	2,449077
-0,140045	2,452338
-0,331002	2,451686
-0,168219	2,452990
-0,496915	2,456251
-0,377958	2,455925
0,003956	2,457229
-0,293436	2,460490
-0,615872	2,461142
-0,512567	2,462773
-0,609611	2,465055
-0,431176	2,465707
0,041521	2,466360
-0,368567	2,469620
-0,309089	2,469620
0,063434	2,470599
-0,381089	2,474512
-0,224567	2,473860
-0,446828	2,474838
-0,766133	2,477773
-0,271523	2,477773
-0,171349	2,480381
-0,127523	2,481686
-0,199523	2,481034
0,060303	2,485599
-0,471871	2,485599
-0,415524	2,486903
-0,102479	2,489838
-0,453089	2,489838
-0,431176	2,492447
-0,816220	2,494077
-0,550132	2,493099
-0,540741	2,497664
-0,403002	2,497338
-0,446828	2,498316
-0,049262	2,500925
-0,672220	2,500925
-0,634654	2,503534
-0,691002	2,504186
-0,484393	2,506468
-0,556393	2,507447
0,213695	2,508099
-0,584567	2,511686
-0,152566	2,511686
-0,293436	2,514294
-0,434306	2,514947
-0,399871	2,516577
-0,208914	2,518534
-0,174480	2,519186
-0,149436	2,521794
-0,115001	2,522121
-0,271523	2,523099
-0,424915	2,526034
-0,506306	2,526034
-0,140045	2,528642
-0,224567	2,528642
-0,418654	2,532229
0,072825	2,532229
-0,503176	2,534512
-0,290306	2,536468
-0,208914	2,535164
-0,518828	2,539077
-0,393610	2,540055
-0,212045	2,542012
-0,277784	2,542664
-0,428045	2,542664
-0,299697	2,546251
-0,287175	2,546251
-0,415524	2,549186
-0,068045	2,549186
-0,356045	2,551142
-0,158827	2,553425
-0,296567	2,553099
-0,309089	2,557338
-0,312219	2,556034
-0,168219	2,558642
-0,296567	2,560273
-0,349784	2,561903
-0,036740	2,563534
0,079086	2,565164
-0,108740	2,565490
-0,503176	2,568425
-0,083697	2,569077
-0,199523	2,570382
-0,027349	2,572012
-0,068045	2,573968
-0,415524	2,575273
-0,221436	2,576251
-0,440567	2,578534
-0,017958	2,578534
-0,036740	2,580490
-0,143175	2,582447
0,536130	2,583425
-0,252741	2,585055
-0,136914	2,587012
-0,039871	2,587990
0,144825	2,590273
0,573696	2,590925
-0,262132	2,593208
-0,036740	2,594186
0,000825	2,595816
-0,102479	2,596795
-0,021088	2,598425
-0,099349	2,598751
-0,064914	2,602012
-0,046131	2,602990
0,016477	2,605273
0,104130	2,605599
0,608131	2,606903
0,188652	2,609186
0,097869	2,609512
-0,183871	2,612447
-0,368567	2,612447
0,129173	2,616034
0,063434	2,614729
-0,115001	2,617990
0,235608	2,617664
-0,039871	2,620925
-0,259001	2,620925
-0,240219	2,623208
0,182391	2,624512
0,198043	2,625490
-0,315349	2,628425
-0,262132	2,628425
0,257521	2,632012
-0,581437	2,632012
0,251260	2,633643
0,038390	2,635599
-0,230828	2,635273
-0,212045	2,639186
0,135434	2,638534
0,254391	2,641469
0,260652	2,642773
0,219956	2,643425
-0,171349	2,647012
0,100999	2,647012
-0,149436	2,648969
0,204304	2,649621
0,439087	2,650273
0,198043	2,653208
0,176130	2,653208
-0,240219	2,655816
0,047782	2,658099
0,163608	2,656469
0,035260	2,661034
0,122912	2,661034
-0,027349	2,662338
-0,230828	2,664621
0,050912	2,664621
-0,058653	2,667882
0,119782	2,669512
0,038390	2,670490
0,154217	2,671795
-0,302828	2,673099
0,207434	2,674403
-0,199523	2,677012
-0,246480	2,678317
-0,280915	2,678969
0,066564	2,681251
0,307608	2,681577
0,054043	2,682230
-0,171349	2,685817
-0,312219	2,687121
-0,221436	2,687121
0,085347	2,689404
0,044651	2,690382
0,022738	2,691034
0,072825	2,694295
0,047782	2,695925
0,354565	2,695599
0,251260	2,697882
0,429696	2,699838
0,702044	2,700164
0,276304	2,704404
-0,080566	2,704730
0,191782	2,705056
-0,318480	2,707664
-0,105610	2,708317
-0,017958	2,708969
-0,265262	2,711251
0,104130	2,714186
0,213695	2,712882
-0,105610	2,714838
0,013347	2,718751
0,010216	2,718425
-0,077436	2,719077
0,135434	2,722664
-0,033610	2,723643
0,301347	2,723969
0,028999	2,726251
0,019608	2,728534
0,060303	2,728860
-0,227697	2,729838
0,216826	2,732447
0,213695	2,734077
0,251260	2,733751
-0,158827	2,735708
0,223086	2,737012
0,019608	2,739947
0,075956	2,740925
0,210565	2,740925
0,019608	2,742882
0,035260	2,745817
0,176130	2,747447
0,244999	2,747447
0,176130	2,748425
0,429696	2,750708
0,060303	2,753643
0,210565	2,753317
0,363956	2,753969
0,063434	2,755925
0,238739	2,758534
0,238739	2,759186
0,176130	2,760817
0,257521	2,761795
0,172999	2,763099
0,160478	2,766034
-0,124393	2,767991
0,273173	2,768643
0,498565	2,769621
0,135434	2,770273
0,385869	2,772882
0,511087	2,774838
0,373348	2,777121
0,273173	2,777447
0,670739	2,777121
0,414043	2,780056
0,761522	2,781686
0,673870	2,784295
0,608131	2,784295
1,112132	2,785599
1,011957	2,785925
1,525350	2,788208
1,475263	2,790491
1,597350	2,793425
2,586569	2,794730
3,491267	2,794078
4,834226	2,795056
5,510401	2,796686
6,784490	2,798969
7,673535	2,801252
9,345191	2,803534
10,240497	2,803534
11,229716	2,804839
11,448847	2,805817
12,146935	2,806795
12,582067	2,808752
12,391110	2,809730
13,120502	2,812665
13,286416	2,814295
13,662069	2,815273
13,893721	2,816578
14,109722	2,817556
14,266244	2,818208
13,865547	2,819512
14,397722	2,821143
14,729549	2,824078
14,566766	2,825708
14,657549	2,827012
14,544853	2,828643
14,300679	2,829947
14,241200	2,831904
14,015809	2,832556
13,652677	2,834186
13,226937	2,835165
13,336503	2,836143
12,935806	2,837773
12,860676	2,840056
13,057894	2,842012
12,162588	2,843969
12,391110	2,845273
12,231457	2,846252
11,915283	2,847882
11,423804	2,848860
11,016846	2,850491
10,243627	2,851795
9,219973	2,852773
8,074232	2,854404
6,524664	2,854404
4,859269	2,856686
3,459962	2,858317
1,703785	2,860273
1,212306	2,861904
1,274915	2,863860
0,461000	2,864513
0,147956	2,866795
0,370217	2,868426
-0,033610	2,869730
0,313869	2,870708
0,382739	2,872339
-0,061784	2,874295
0,066564	2,875926
0,401522	2,876578
0,135434	2,878860
0,266913	2,879839
0,172999	2,880817
0,198043	2,882773
0,373348	2,884730
-0,011697	2,887013
0,047782	2,887013
-0,346654	2,888969
-0,287175	2,890600
-0,381089	2,892556
0,091608	2,892556
0,216826	2,895491
0,179260	2,895165
-0,183871	2,897447
0,000825	2,898100
0,326391	2,900056
0,191782	2,900056
-0,252741	2,902339
0,035260	2,902991
-0,077436	2,904621
0,332652	2,907882
0,179260	2,908534
0,179260	2,910491
-0,014827	2,912773
0,417174	2,914404
-0,130653	2,915056
0,176130	2,915708
0,094738	2,917665
-0,140045	2,918643
0,050912	2,919621
-0,014827	2,920926
0,169869	2,922882
0,326391	2,924187
-0,080566	2,926469
0,119782	2,928752
-0,043001	2,929404
0,066564	2,931034
-0,030479	2,931360
-0,033610	2,932339
0,354565	2,934621
-0,124393	2,936904
0,238739	2,937230
0,188652	2,940165
0,022738	2,941795
-0,521958	2,942774
0,670739	2,943100
0,169869	2,944730
0,226217	2,946034
-0,124393	2,947991
-0,115001	2,950274
0,088477	2,952230
0,379608	2,951904
0,072825	2,953208
0,138565	2,955165
-0,055523	2,957774
-0,205784	2,958426
-0,008566	2,960056
-0,215175	2,960708
0,226217	2,961361
-0,246480	2,964295
-0,002305	2,966904
-0,083697	2,966252
-0,008566	2,968208
0,113521	2,970165
0,075956	2,972774
-0,046131	2,972774
0,219956	2,973100
0,207434	2,976034
0,100999	2,978317
0,066564	2,979948
-0,199523	2,979948
-0,024218	2,981252
0,376478	2,983861
-0,080566	2,985491
-0,205784	2,986143
-0,046131	2,986795
-0,284045	2,989730
-0,165088	2,990708
0,013347	2,991687
0,094738	2,993317
-0,321610	2,995926
0,060303	2,995926
-0,039871	2,997882
0,226217	2,998861
0,351434	3,001143
0,082217	3,002774
0,119782	3,003426
0,373348	3,006035
0,100999	3,007665
0,066564	3,007013
0,592478	3,008969
0,442217	3,012882
0,620652	3,012230
0,407782	3,012556
0,244999	3,015817
0,836653	3,018100
0,360826	3,017448
0,536130	3,020708
0,414043	3,022665
0,461000	3,021687
0,514217	3,024948
0,432826	3,026252
0,075956	3,025926
0,504826	3,028208
0,176130	3,031143
0,551783	3,030817
0,176130	3,032122
0,194912	3,034730
0,429696	3,035382
0,839783	3,036687
0,692653	3,038969
0,379608	3,039295
0,435956	3,041578
-0,033610	3,044187
0,360826	3,043535
0,207434	3,046143
0,291956	3,048100
0,285695	3,048426
0,454739	3,051687
0,520478	3,051361
0,028999	3,053969
0,511087	3,055926
0,069695	3,054948
0,536130	3,058535
0,329521	3,058861
-0,143175	3,060817
-0,233958	3,062448
-0,011697	3,063752
0,144825	3,065709
-0,459350	3,066035
-0,127523	3,068643
0,003956	3,067991
-0,061784	3,071578
-0,196393	3,071904
-0,578306	3,073535
-0,384219	3,075165
-0,465611	3,077774
-0,340393	3,078426
-0,468741	3,079404
-0,014827	3,081361
-0,346654	3,082013
-0,002305	3,084622
-0,424915	3,085274
0,054043	3,087556
-0,578306	3,087556
-0,230828	3,090817
-0,406132	3,090817
0,110391	3,093100
-0,061784	3,093752
0,298217	3,096035
0,035260	3,096361
-0,158827	3,100274
-0,540741	3,099622
0,041521	3,102556
-0,556393	3,102230
-0,434306	3,106143
0,188652	3,104839
-0,014827	3,108752
-0,421784	3,108100
-0,271523	3,111687
-0,384219	3,111361
0,079086	3,114622
-0,089958	3,113643
0,291956	3,116904
0,032130	3,117230
-0,077436	3,120165
-0,077436	3,120491
-0,130653	3,123100
-0,365436	3,123752
0,097869	3,125383
-0,205784	3,127013
-0,381089	3,127013
-0,086827	3,130274
0,044651	3,130600
-0,431176	3,132230
-0,387350	3,134513
-0,327871	3,134513
-0,046131	3,137774
0,163608	3,137448
-0,240219	3,140383
-0,096219	3,140383
-0,208914	3,142665
-0,280915	3,144296
-0,168219	3,144296
-0,515698	3,148209
-0,403002	3,146904
0,157347	3,150817
-0,287175	3,150817
-0,324741	3,152448
-0,077436	3,155057
-0,581437	3,154730
-0,249610	3,157013
0,398391	3,158644
-0,165088	3,159622
-0,024218	3,162557
-0,368567	3,163535
-0,089958	3,164513
-0,096219	3,166144
-0,296567	3,167122
0,163608	3,169078
-0,155697	3,170383
-0,180740	3,169731
-0,024218	3,174296
-0,099349	3,173644
-0,246480	3,175926
-0,058653	3,178535
-0,490654	3,178535
-0,337262	3,180817
-0,478132	3,182774
-0,221436	3,182448
-0,105610	3,184731
0,235608	3,187339
0,066564	3,187339
-0,158827	3,189622
0,063434	3,191252
-0,014827	3,190926
0,104130	3,193861
0,141695	3,196470
-0,061784	3,196144
0,110391	3,199078
0,210565	3,201035
0,126043	3,200383
-0,058653	3,201687
1,024479	3,204948
0,664479	3,205600
1,024479	3,205600
1,584828	3,209187
1,375089	3,210165
1,581698	3,210165
1,822742	3,213426
1,328132	3,215709
1,465871	3,215057
1,694394	3,216361
1,750742	3,219622
1,722568	3,220274
1,772655	3,220274
1,719437	3,222883
1,904133	3,225818
1,725698	3,226470
2,038742	3,226144
1,932307	3,229078
1,782046	3,231687
1,735089	3,231687
1,916655	3,232339
1,694394	3,233644
1,813350	3,236905
1,512828	3,238535
1,731959	3,238535
1,794568	3,240492
1,619263	3,241796
1,534741	3,244078
1,312480	3,245709
1,328132	3,245709
1,885350	3,247339
1,829003	3,249622
1,800829	3,252231
1,278045	3,252231
1,284306	3,252557
1,187262	3,254839
1,237349	3,256470
0,852305	3,259079
0,902392	3,259731
0,664479	3,259731
0,924305	3,262013
0,013347	3,263318
0,680131	3,266252
-0,418654	3,267883
-0,290306	3,268535
0,204304	3,270492
-0,478132	3,270492
-0,074305	3,271796
-0,096219	3,274079
-0,052392	3,275709
-0,309089	3,277665
-0,127523	3,279296
-0,299697	3,280600
-0,312219	3,280926
-0,568915	3,282883
-0,030479	3,283535
-0,196393	3,284839
-0,262132	3,286470
-0,318480	3,288100
-0,302828	3,290057
0,132304	3,292013
-0,212045	3,293970
-0,650307	3,294948
-0,252741	3,294948
-0,274654	3,295274
-0,346654	3,297557
-0,171349	3,299839
-0,327871	3,302774
-0,199523	3,303753
-0,540741	3,306361
-0,017958	3,307339
-0,368567	3,308318
-0,043001	3,309622
0,035260	3,309948
-0,246480	3,311253
-0,218306	3,312231
0,063434	3,315492
0,317000	3,315818
0,088477	3,317774
0,129173	3,320057
0,003956	3,321361
-0,093088	3,322666
0,561174	3,324622
-0,196393	3,326253
-0,039871	3,326905
-0,171349	3,328535
-0,453089	3,330166
-0,021088	3,330818
-0,089958	3,332448
-0,318480	3,333426
-0,233958	3,335709
-0,199523	3,336035
0,263782	3,338318
-0,475002	3,339948
0,263782	3,340274
0,019608	3,342231
-0,290306	3,343861
0,304478	3,344840
0,185521	3,346144
-0,227697	3,348753
0,172999	3,348753
0,295087	3,351361
-0,033610	3,352013
-0,058653	3,354622
-0,518828	3,355600
-0,230828	3,358209
-0,556393	3,358861
0,251260	3,360818
0,144825	3,362448
0,003956	3,363427
-0,284045	3,365057
-0,105610	3,367340
-0,130653	3,368644
-0,115001	3,369948
-0,525089	3,371253
-0,421784	3,372883
-0,302828	3,373861
0,069695	3,375818
0,097869	3,376796
0,016477	3,377774
-0,086827	3,379079
-0,115001	3,380709
-0,093088	3,381687
-0,180740	3,382992
-0,130653	3,385274
-0,393610	3,386579
0,054043	3,388209
-0,161958	3,389840
-0,227697	3,392122
-0,412393	3,393101
-0,199523	3,394731
0,138565	3,395709
-0,315349	3,396687
-0,046131	3,398318
0,025869	3,398970
-0,381089	3,400274
-0,368567	3,401579
0,122912	3,402883
-0,230828	3,404840
-0,424915	3,407448
-0,365436	3,409079
-0,024218	3,410709
-0,318480	3,412666
-0,089958	3,413318
-0,365436	3,414948
-0,327871	3,416253
0,044651	3,417557
0,028999	3,417883
-0,487524	3,419188
-0,124393	3,421796
-0,099349	3,423427
-0,340393	3,425383
-0,490654	3,427014
0,069695	3,427666
-0,046131	3,429296
-0,384219	3,429622
-0,158827	3,431253
-0,171349	3,434514
0,057173	3,436144
0,176130	3,437448
-0,030479	3,437775
-0,262132	3,438753
-0,321610	3,440057
-0,340393	3,443318
-0,471871	3,444948
-0,421784	3,445601
0,147956	3,445601
-0,171349	3,447883
-0,559524	3,450492
-0,146306	3,452122
-0,428045	3,453753
-0,115001	3,454079
-0,362306	3,454731
0,041521	3,456688
0,054043	3,458970
0,295087	3,460601
-0,528219	3,461905
-0,177610	3,462231
0,235608	3,463535
-0,475002	3,466470
-0,252741	3,467775
-0,299697	3,468427
-0,118132	3,469731
-0,246480	3,471362
-0,374828	3,473644
-0,359176	3,474296
-0,227697	3,474948
-0,183871	3,477231
-0,105610	3,479514
-0,208914	3,480818
0,025869	3,481796
-0,180740	3,483427
-0,089958	3,485709
-0,224567	3,486688
-0,202654	3,486688
0,110391	3,488318
-0,011697	3,491253
-0,033610	3,492231
-0,190132	3,492557
-0,111871	3,494188
-0,471871	3,497122
-0,102479	3,498427
0,054043	3,498101
-0,102479	3,500709
-0,565785	3,502992
-0,255871	3,502992
-0,077436	3,505601
-0,221436	3,507883
-0,431176	3,507231
-0,565785	3,509840
-0,121262	3,512449
-0,440567	3,512449
-0,187001	3,513753
-0,115001	3,515709
0,007086	3,515709
0,022738	3,518970
-0,146306	3,521253
-0,440567	3,520275
-0,374828	3,523536
-0,384219	3,524188
-0,500045	3,524514
-0,049262	3,528427
-0,346654	3,528427
0,072825	3,529731
-0,230828	3,532014
-0,140045	3,532014
-0,008566	3,534623
-0,406132	3,536579
-0,368567	3,535601
-0,224567	3,539188
-0,086827	3,540818
-0,233958	3,540818
-0,102479	3,543753
-0,036740	3,544405
-0,349784	3,545709
-0,315349	3,548644
0,254391	3,548644
0,013347	3,549623
-0,080566	3,553210
-0,033610	3,551905
0,047782	3,554840
-0,030479	3,556796
-0,002305	3,557123
-0,111871	3,560057
-0,086827	3,560057
0,147956	3,561688
-0,487524	3,564623
-0,475002	3,564623
-0,274654	3,567557
-0,046131	3,567231
-0,061784	3,569514
-0,290306	3,571144
-0,293436	3,571796
-0,293436	3,574731
-0,299697	3,573753
-0,230828	3,576688
0,082217	3,578970
-0,246480	3,579949
-0,365436	3,581579
-0,208914	3,581905
-0,406132	3,583862
-0,224567	3,583862
-0,359176	3,588101
-0,255871	3,587775
-0,039871	3,590383
-0,390480	3,590383
0,323261	3,593318
-0,246480	3,593644
-0,180740	3,596579
-0,121262	3,597231
-0,259001	3,599188
-0,428045	3,599514
-0,302828	3,601797
-0,227697	3,602449
-0,240219	3,605057
-0,572046	3,605384
-0,271523	3,607340
-0,600220	3,608970
-0,202654	3,609949
0,022738	3,612231
0,072825	3,613210
-0,428045	3,614840
0,166738	3,615818
-0,230828	3,617775
-0,083697	3,618427
-0,177610	3,620384
-0,171349	3,621362
-0,362306	3,622340
-0,146306	3,625275
0,079086	3,625275
-0,349784	3,628536
-0,080566	3,628210
-0,224567	3,631797
0,038390	3,632123
0,320130	3,633753
-0,233958	3,635384
-0,384219	3,636036
-0,637785	3,638971
-0,471871	3,638971
-0,052392	3,642884
-0,327871	3,641253
-0,290306	3,644514
0,154217	3,645166
-0,381089	3,646471
-0,763002	3,649079
-0,202654	3,649405
-0,475002	3,652014
-0,525089	3,652014
-0,252741	3,653971
-0,465611	3,656579
-0,396741	3,656253
-0,077436	3,659188
-0,340393	3,659514
-0,434306	3,661471
-0,008566	3,663101
-0,446828	3,663753
-0,471871	3,666688
-0,784916	3,667992
-0,753611	3,667666
-0,809959	3,670275
-0,462480	3,670927
-0,659698	3,673210
-0,597089	3,675166
-0,766133	3,674840
-0,512567	3,678427
-0,540741	3,678101
-0,352915	3,680384
-0,293436	3,682666
-0,506306	3,683318
-0,675350	3,683645
-0,653437	3,687232
-0,111871	3,687232
-0,312219	3,688862
-0,615872	3,691797
-0,584567	3,691145
-0,262132	3,693427
-0,500045	3,696688
-0,377958	3,696036
-0,897611	3,697992
-0,509437	3,699949
-0,640915	3,700927
-0,831872	3,702558
-0,784916	3,704840
-0,518828	3,704514
-0,218306	3,706145
-0,528219	3,708753
-0,963351	3,708753
-0,471871	3,710058
-0,612741	3,712666
-0,446828	3,713971
-0,700394	3,714623
-0,528219	3,716905
-0,547002	3,719514
-0,878829	3,720819
-0,640915	3,720819
-0,521958	3,721797
-0,484393	3,725384
-0,284045	3,725710
-0,609611	3,726036
-0,262132	3,727340
-0,471871	3,730275
-0,481263	3,732558
-0,697263	3,733210
-0,719176	3,733210
-0,337262	3,736797
-0,678481	3,738101
-0,572046	3,739079
-0,440567	3,740058
-0,456219	3,741036
-0,418654	3,744297
-0,935177	3,745927
-0,525089	3,746906
-0,465611	3,746906
-0,349784	3,747884
-0,440567	3,750819
-0,287175	3,752775
-0,496915	3,753101
-0,669089	3,754406
-0,684741	3,755058
-0,662828	3,757340
-0,312219	3,759623
-0,387350	3,761253
-0,265262	3,761906
-0,863177	3,762558
-0,415524	3,764188
-0,274654	3,767449
-0,434306	3,769406
-0,659698	3,769406
-0,262132	3,770710
-0,415524	3,771688
-0,831872	3,773971
-0,371697	3,776579
-0,540741	3,777884
-0,540741	3,779188
-0,791176	3,779188
-0,481263	3,780493
-0,359176	3,781797
-0,377958	3,785058
-0,265262	3,786362
-0,593959	3,787340
-0,478132	3,788319
-0,766133	3,789623
-0,471871	3,790601
-0,352915	3,791906
-0,572046	3,793536
-0,615872	3,795493
-0,374828	3,798101
-0,572046	3,798753
-0,365436	3,801362
-0,565785	3,801688
0,054043	3,802993
-0,343523	3,803971
-0,362306	3,804297
-0,465611	3,807232
-0,691002	3,808210
-0,309089	3,811145
-0,224567	3,813101
-0,756742	3,813753
-0,625263	3,816036
-0,587698	3,817993
-0,312219	3,818645
-0,371697	3,819623
-0,255871	3,821253
-0,828742	3,821253
-0,622133	3,822558
-0,503176	3,824840
-0,356045	3,826145
-0,553263	3,828101
-0,064914	3,829080
-0,584567	3,830384
-0,312219	3,832667
-0,240219	3,835275
-0,368567	3,836580
-0,202654	3,837558
-0,475002	3,839514
-0,475002	3,840493
-0,578306	3,841797
-0,540741	3,844080
-0,390480	3,844732
-0,155697	3,846362
-0,049262	3,847341
-0,434306	3,849623
-0,600220	3,850927
-0,302828	3,851580
-0,653437	3,852884
-0,578306	3,854841
-0,221436	3,855819
-0,578306	3,857449
-0,691002	3,857775
-0,440567	3,860058
-0,784916	3,861036
-0,024218	3,862667
-0,587698	3,864623
-0,302828	3,865601
-0,490654	3,867884
-0,681611	3,869188
-0,290306	3,870493
-0,259001	3,872449
-0,440567	3,873101
-0,302828	3,874080
-0,518828	3,876036
-0,619002	3,877667
-0,431176	3,880275
-0,259001	3,881254
-0,205784	3,883210
-0,381089	3,884841
-0,352915	3,885167
-0,756742	3,887449
-0,403002	3,887775
-0,550132	3,890058
-0,374828	3,891362
-0,509437	3,893319
-0,381089	3,892993
-0,581437	3,894623
-0,784916	3,896580
-0,634654	3,897558
-0,133784	3,898210
-0,415524	3,900493
-0,371697	3,901471
-0,365436	3,903101
-0,606480	3,904732
-0,512567	3,907015
-0,631524	3,907667
-0,440567	3,910601
-0,669089	3,911906
-0,468741	3,913536
-0,374828	3,915167
-0,878829	3,916797
-0,531350	3,916145
-0,221436	3,918428
-0,187001	3,919080
-0,600220	3,921362
-0,243349	3,922667
-0,315349	3,924623
-0,531350	3,927232
-0,471871	3,927884
-0,421784	3,929188
-0,453089	3,930493
-0,099349	3,931145
-0,415524	3,933428
-0,612741	3,935058
-0,809959	3,937667
-0,387350	3,937993
-0,346654	3,938319
-0,349784	3,939623
-0,600220	3,941254
-0,478132	3,944841
-0,418654	3,945493
-0,396741	3,947123
-0,863177	3,947123
-0,603350	3,948428
-0,230828	3,950058
-0,625263	3,952015
-0,415524	3,954623
-0,343523	3,955602
-0,349784	3,955928
-0,064914	3,956906
-0,484393	3,959189
-0,374828	3,962449
-0,640915	3,963428
-0,741089	3,964080
-0,615872	3,965384
-0,628393	3,966362
-0,490654	3,969623
-0,359176	3,969297
-0,208914	3,970928
-0,374828	3,972884
-0,459350	3,974841
-0,553263	3,975819
-0,587698	3,976797
-0,881959	3,978428
-0,709785	3,981036
-0,249610	3,981036
-0,265262	3,982341
-0,431176	3,984949
-0,515698	3,986906
-0,597089	3,986906
-0,352915	3,988210
-0,678481	3,991471
-0,240219	3,992449
-0,359176	3,993102
-0,600220	3,994732
-0,412393	3,997015
-0,521958	3,996363
-0,246480	3,998319
-0,659698	4,001580
-0,562654	4,002558
-0,465611	4,003210
-0,218306	4,005167
-0,233958	4,007123
-0,299697	4,007450
-0,415524	4,009406
-0,331002	4,012015
-0,581437	4,011689
-0,428045	4,013971
-0,315349	4,015928
-0,418654	4,016580
-0,381089	4,018210
-0,568915	4,020493
-0,352915	4,019515
-0,021088	4,022123
-0,052392	4,024406
-0,725437	4,023754
-0,252741	4,027993
-0,359176	4,027993
-0,190132	4,028645
-0,108740	4,032232
-0,115001	4,032232
-0,424915	4,033863
-0,296567	4,035819
-0,193262	4,035819
0,069695	4,039080
-0,490654	4,040058
-0,296567	4,040710
-0,280915	4,043971
-0,115001	4,043645
0,100999	4,046580
-0,158827	4,047884
-0,371697	4,048537
-0,315349	4,051471
-0,305958	4,050819
-0,409263	4,054080
-0,631524	4,054732
-0,199523	4,055710
-0,424915	4,058319
-0,218306	4,057667
0,016477	4,061580
-0,453089	4,061254
-0,277784	4,064515
-0,064914	4,063863
-0,331002	4,067776
-0,459350	4,066797
-0,459350	4,070384
-0,074305	4,070384
-0,424915	4,072667
-0,334132	4,073319
-0,331002	4,075928
-0,346654	4,076580
-0,534480	4,078211
-0,568915	4,080493
-0,556393	4,080819
-0,227697	4,082124
-0,540741	4,085058
-0,340393	4,085384
-0,719176	4,087015
-0,174480	4,087341
-0,365436	4,089950
-0,521958	4,089624
-0,568915	4,093537
-0,512567	4,093211
-0,187001	4,096471
-0,475002	4,096471
-0,124393	4,100058
-0,437437	4,100058
-0,515698	4,102667
0,013347	4,102667
-0,437437	4,105276
-0,180740	4,104624
-0,180740	4,107884
-0,687872	4,108537
-0,227697	4,109515
-0,055523	4,112124
-0,897611	4,113102
-0,747350	4,115711
-0,318480	4,115384
-0,659698	4,118319
-0,202654	4,118971
-0,371697	4,120276
-0,453089	4,123211
-0,684741	4,123211
-0,575176	4,124841
-0,421784	4,124515
-0,869437	4,128102
-0,377958	4,129732
-0,609611	4,129732
-0,274654	4,133319
-0,500045	4,132993
-0,240219	4,133971
-0,553263	4,137885
-0,246480	4,136906
-0,496915	4,139515
-0,315349	4,141798
-0,753611	4,141798
-0,716046	4,143754
-0,659698	4,146037
-0,587698	4,145711
-0,233958	4,148319
-0,449958	4,150602
-0,249610	4,150928
-0,049262	4,153211
-0,406132	4,153863
-0,665959	4,153863
-0,462480	4,158754
-0,637785	4,159080
-0,534480	4,159080
-0,259001	4,162015
-0,650307	4,162993
-0,600220	4,163319
-0,572046	4,165276
-0,440567	4,168211
-0,622133	4,168211
-0,584567	4,169189
-0,653437	4,173102
-0,478132	4,172776
-0,706655	4,173102
-0,409263	4,176363
-0,509437	4,178645
-0,537611	4,177993
-0,581437	4,179624
-0,496915	4,182559
-0,180740	4,183537
-0,371697	4,183863
-0,669089	4,185493
-0,465611	4,188102
-0,600220	4,189406
-0,174480	4,190385
-0,628393	4,190711
-0,064914	4,192993
-0,734828	4,195928
-0,462480	4,197559
-0,146306	4,196580
-0,396741	4,199189
-0,305958	4,202124
-0,324741	4,203102
-0,190132	4,202776
-0,399871	4,204080
-0,897611	4,206363
-0,644046	4,208972
-0,518828	4,208972
-0,487524	4,210276
-0,290306	4,211580
-0,437437	4,214189
-0,390480	4,215819
-0,622133	4,217776
-0,665959	4,218754
-0,284045	4,219406
-0,437437	4,220711
-0,791176	4,222667
-0,224567	4,223646
-0,788046	4,226254
-0,518828	4,227885
-0,299697	4,229189
-0,315349	4,229841
-0,130653	4,229841
-0,515698	4,232124
-0,462480	4,233754
-0,262132	4,236363
-0,615872	4,237993
-0,221436	4,239950
-0,334132	4,240276
-0,377958	4,240928
-0,706655	4,242559
-0,111871	4,244515
-0,531350	4,246146
-0,515698	4,247450
-0,521958	4,249733
-0,127523	4,251363
-0,249610	4,252341
-0,002305	4,253320
-0,766133	4,253972
-0,547002	4,256907
-0,509437	4,257233
-0,387350	4,257885
-0,512567	4,260820
-0,274654	4,262124
-0,365436	4,262776
-0,240219	4,265059
-0,465611	4,266689
-0,484393	4,268646
-0,572046	4,270276
-0,797437	4,271907
-0,161958	4,272885
-0,691002	4,274841
-0,409263	4,274189
-0,766133	4,276146
-0,190132	4,277776
-0,853785	4,278102
-0,327871	4,280059
-0,731698	4,282015
-0,634654	4,283320
-0,324741	4,285276
-0,305958	4,286907
-0,725437	4,289841
-0,550132	4,291146
-0,709785	4,292124
-0,421784	4,293754
-0,428045	4,294407
-0,371697	4,297341
-0,565785	4,298320
-0,265262	4,299298
-0,371697	4,300602
-0,500045	4,301581
-0,227697	4,302885
-0,443697	4,304189
-0,334132	4,306146
-0,553263	4,306798
-0,709785	4,309081
-0,675350	4,310385
-0,393610	4,312667
-0,512567	4,312667
-0,337262	4,313972
-0,262132	4,314624
-0,296567	4,317233
-0,578306	4,318537
-0,268393	4,319515
-0,440567	4,320494
-0,302828	4,323754
-0,384219	4,324081
-0,462480	4,326037
-0,318480	4,327994
0,094738	4,328972
-0,556393	4,330928
-0,337262	4,332559
-0,271523	4,333537
-0,540741	4,335168
-0,215175	4,337450
-0,562654	4,338754
-0,237088	4,340385
-0,503176	4,342668
-0,359176	4,343646
-1,107351	4,344624
-0,600220	4,346255
-0,305958	4,348211
-0,603350	4,349189
-0,525089	4,350168
-0,290306	4,350820
-0,468741	4,351798
-0,456219	4,354081
-0,365436	4,355385
-0,825611	4,356689
-0,615872	4,357341
-0,387350	4,359624
-0,387350	4,361907
-0,531350	4,363537
-0,412393	4,365168
-0,406132	4,366798
-0,099349	4,367776
-0,368567	4,369081
-0,503176	4,370059
0,085347	4,371689
-0,396741	4,372342
-0,359176	4,374298
-0,700394	4,375602
-0,196393	4,378537
-0,568915	4,379515
-0,377958	4,381798
-0,205784	4,382124
-0,515698	4,383102
-0,453089	4,384407
-0,334132	4,384733
-0,440567	4,387015
-0,393610	4,389950
-0,243349	4,391907
-0,377958	4,392559
-0,193262	4,393211
-0,374828	4,394842
-0,399871	4,396798
-0,506306	4,398755
-0,412393	4,400059
-0,227697	4,400059
-0,183871	4,402015
-0,356045	4,403972
-0,446828	4,405276
-0,537611	4,406907
-0,716046	4,406907
-0,647176	4,410494
-0,534480	4,412450
-0,064914	4,412776
-0,619002	4,413755
-0,634654	4,415711
-0,149436	4,417342
-0,496915	4,419624
-0,233958	4,419298
-0,393610	4,420929
-0,656567	4,424189
-0,340393	4,425494
-0,331002	4,425494
-0,352915	4,426472
-0,352915	4,430059
-0,675350	4,430059
-0,694133	4,431363
-0,177610	4,432994
-0,669089	4,434950
-0,174480	4,436581
-0,039871	4,436907
-0,265262	4,439189
-0,043001	4,441146
-0,534480	4,441146
-0,136914	4,443103
-0,706655	4,445711
-0,255871	4,445385
0,060303	4,447016
0,060303	4,450276
-0,074305	4,450929
-0,521958	4,450929
-0,321610	4,453537
-0,215175	4,456472
-0,224567	4,456146
-0,111871	4,458103
-0,293436	4,460059
-0,728568	4,460711
-0,146306	4,463320
-0,071175	4,462994
-0,437437	4,465276
-0,177610	4,467885
-0,262132	4,466581
-0,368567	4,470494
-0,296567	4,469842
-0,233958	4,472450
-0,215175	4,474407
0,047782	4,474733
-0,049262	4,477994
-0,271523	4,477668
-0,246480	4,480277
-0,124393	4,481255
-0,299697	4,482885
-0,475002	4,484842
-0,089958	4,484190
-0,161958	4,488755
-0,759872	4,487124
-0,478132	4,490385
-0,049262	4,491037
-0,634654	4,492994
0,028999	4,495603
-0,662828	4,495603
-0,005436	4,497559
-0,475002	4,497885
-0,431176	4,501146
-0,525089	4,500820
-0,334132	4,503429
-0,465611	4,503755
-0,797437	4,507016
-0,399871	4,506364
-0,039871	4,510277
-0,575176	4,508972
-0,487524	4,512885
-0,046131	4,512559
-0,453089	4,515168
-0,262132	4,514842
-0,443697	4,519407
-0,346654	4,518755
-0,753611	4,522016
-0,262132	4,521364
0,032130	4,525277
-0,565785	4,524298
-0,490654	4,526907
-0,703524	4,527559
-0,071175	4,530168
-0,922655	4,530820
-0,434306	4,532451
-0,390480	4,533755
-0,637785	4,535711
-0,891351	4,537342
-0,662828	4,537342
-0,036740	4,540603
-0,481263	4,539624
-0,669089	4,542885
-0,246480	4,542885
-0,252741	4,545820
-0,387350	4,547124
-0,612741	4,547777
-0,377958	4,550385
-0,578306	4,550385
-0,518828	4,553320
-0,083697	4,554298
-0,365436	4,554951
-0,252741	4,557885
-0,421784	4,557559
-0,669089	4,560168
-0,828742	4,561798
-0,356045	4,562451
-0,340393	4,564733
-0,421784	4,567016
-0,609611	4,566038
-0,465611	4,568320
-0,581437	4,571255
-0,525089	4,570603
-0,518828	4,572233
-0,274654	4,575168
-0,806829	4,575494
-0,891351	4,576146
-0,274654	4,579733
-0,916394	4,581364
-0,619002	4,581364
-0,475002	4,582668
-0,675350	4,585603
-0,947698	4,586255
-0,468741	4,586581
-0,387350	4,590168
-0,537611	4,591146
-0,753611	4,591472
-0,521958	4,592777
-0,434306	4,596364
-0,468741	4,597342
-0,487524	4,597016
-0,775524	4,598972
-0,484393	4,602559
-0,631524	4,602559
-0,581437	4,603538
-0,481263	4,605168
-0,390480	4,607777
-0,691002	4,609733
-0,828742	4,609081
-0,584567	4,610712
-0,509437	4,612994
-0,537611	4,614951
-0,374828	4,614951
-0,534480	4,616581
-0,434306	4,617559
-0,603350	4,620168
-0,706655	4,621799
-0,600220	4,622777
-0,259001	4,624407
-0,778655	4,624733
-0,653437	4,627668
-0,421784	4,629625
0,100999	4,631255
-0,593959	4,631255
0,044651	4,632885
-0,581437	4,635168
-0,406132	4,636472
-0,415524	4,637777
-0,722307	4,638103
-0,475002	4,639407
-0,240219	4,641364
-0,982133	4,644299
-0,481263	4,645277
-0,384219	4,647559
-0,052392	4,647233
-0,324741	4,648212
-0,644046	4,650494
-0,490654	4,653103
-0,478132	4,654081
-0,590828	4,656038
-0,212045	4,656038
-0,788046	4,657342
-0,512567	4,658646
-0,324741	4,660929
-0,071175	4,662886
-0,196393	4,665494
-0,932046	4,665168
-0,659698	4,666799
-0,268393	4,667451
-0,377958	4,667777
-0,255871	4,670386
-0,027349	4,672016
-0,133784	4,673973
-0,102479	4,675603
-0,246480	4,677886
-0,161958	4,679516
-0,136914	4,681799
-0,237088	4,682125
-0,183871	4,683103
-0,362306	4,684081
-0,521958	4,686038
-0,440567	4,687016
-0,046131	4,687994
-0,584567	4,689625
-0,146306	4,691255
-0,030479	4,692233
-0,271523	4,693864
-0,174480	4,695168
-0,531350	4,696799
-0,327871	4,697451
-0,484393	4,699733
-0,409263	4,700712
0,185521	4,702668
-0,449958	4,704299
0,097869	4,705929
0,091608	4,707560
-0,321610	4,708864
-0,337262	4,710820
-0,531350	4,710820
-0,221436	4,713429
0,138565	4,714081
0,079086	4,715712
-0,556393	4,717342
0,144825	4,719299
-0,080566	4,719951
-0,140045	4,721907
-0,058653	4,723538
0,010216	4,724516
0,019608	4,726473
-0,133784	4,727777
-0,212045	4,729081
-0,190132	4,730386
0,163608	4,731690
-0,537611	4,733973
-0,199523	4,735603
-0,399871	4,737886
0,132304	4,738538
-0,127523	4,739842
-0,165088	4,742451
-0,377958	4,743755
-0,017958	4,745712
0,119782	4,746364
0,019608	4,747994
0,094738	4,749299
0,389000	4,750603
0,022738	4,751581
0,223086	4,751907
0,032130	4,753212
0,010216	4,755821
0,122912	4,757451
-0,246480	4,759081
-0,080566	4,760712
0,166738	4,763647
0,213695	4,763321
-0,352915	4,764625
0,116651	4,765277
-0,086827	4,766255
-0,174480	4,768864
0,044651	4,771799
-0,637785	4,772451
-0,096219	4,774081
-0,337262	4,775060
-0,349784	4,776364
0,223086	4,777342
-0,058653	4,780277
0,113521	4,781581
0,326391	4,782886
0,003956	4,783212
-0,102479	4,784842
-0,409263	4,786473
-0,055523	4,788429
-0,127523	4,790386
-0,268393	4,791690
0,420304	4,792016
0,226217	4,793973
0,194912	4,795603
-0,124393	4,798212
-0,381089	4,799190
0,229347	4,800168
0,160478	4,800168
-0,049262	4,802777
0,229347	4,805060
0,160478	4,806364
0,147956	4,807342
-0,093088	4,808321
-0,246480	4,809951
0,151086	4,812234
0,054043	4,814190
-0,212045	4,814842
0,219956	4,815495
0,370217	4,816799
0,385869	4,820386
0,630044	4,820060
0,461000	4,821038
0,251260	4,823973
0,016477	4,825929
0,144825	4,826255
0,116651	4,826908
-0,049262	4,828864
0,144825	4,831799
0,285695	4,831799
0,213695	4,833103
0,520478	4,835712
0,191782	4,837016
0,003956	4,837342
-0,089958	4,839625
-0,008566	4,841908
-0,068045	4,841908
-0,277784	4,842560
0,270043	4,846147
-0,208914	4,846147
-0,296567	4,846799
0,119782	4,850060
0,263782	4,851690
0,082217	4,850712
0,335782	4,853973
0,038390	4,855929
0,135434	4,855929
0,201173	4,859190
0,025869	4,859516
-0,039871	4,861799
-0,240219	4,863103
0,207434	4,863103
0,157347	4,867016
0,057173	4,866690
0,116651	4,868973
0,295087	4,869625
-0,024218	4,871256
-0,296567	4,873538
0,313869	4,873864
0,229347	4,876473
0,160478	4,876147
0,119782	4,878756
-0,562654	4,880060
-0,089958	4,881690
0,085347	4,884299
-0,061784	4,884299
0,079086	4,886582
0,113521	4,886582
0,201173	4,889516
-0,230828	4,890495
0,072825	4,892125
0,188652	4,893429
-0,133784	4,895386
0,188652	4,897343
-0,074305	4,897016
-0,581437	4,899299
-0,080566	4,898973
-0,290306	4,902886
0,003956	4,902560
-0,093088	4,906147
0,119782	4,905169
-0,155697	4,908429
-0,262132	4,908103
-0,352915	4,911364
0,147956	4,911364
-0,165088	4,914299
0,132304	4,914299
-0,046131	4,915603
-0,449958	4,917234
-0,362306	4,918864
-0,540741	4,921473
-0,412393	4,922125
0,194912	4,923756
-0,553263	4,925060
-0,309089	4,927995
-0,149436	4,926690
-0,362306	4,930277
-0,130653	4,930603
-0,277784	4,933864
-0,208914	4,933212
-0,559524	4,935821
-0,340393	4,937451
-0,033610	4,937777
-0,387350	4,941038
-0,199523	4,940060
0,144825	4,944299
-0,431176	4,943647
-0,352915	4,946256
-0,640915	4,946908
-0,381089	4,947886
-0,428045	4,950495
-0,559524	4,951473
-0,312219	4,951473
-0,374828	4,955386
-0,443697	4,955712
-0,525089	4,956038
-0,634654	4,960277
-0,406132	4,959951
-0,418654	4,961908
-0,224567	4,964517
-0,628393	4,964517
-0,259001	4,966147
-0,215175	4,967451
-0,268393	4,968756
-0,603350	4,971364
-0,346654	4,973321
-0,468741	4,973321
-0,409263	4,975277
-0,058653	4,978212
-0,149436	4,978212
-0,346654	4,979191
-0,581437	4,982777
-0,130653	4,982125
-0,280915	4,983104
-0,321610	4,986364
-0,365436	4,987669
-0,249610	4,987995
-0,027349	4,989625
-0,280915	4,991908
-0,528219	4,993864
-0,346654	4,993212
-0,459350	4,995169
-0,662828	4,998104
-0,565785	4,998430
-0,478132	4,999082
-0,578306	5,001038
-0,262132	5,003973
-0,390480	5,004299
-0,459350	5,005278
-0,246480	5,007234
-0,277784	5,010169
-0,315349	5,010821
-0,080566	5,011473
-0,421784	5,012778
-0,403002	5,014082
-0,321610	5,017669
-0,230828	5,017017
-0,343523	5,018321
-0,403002	5,020930
-0,246480	5,023538
-0,537611	5,024191
-0,296567	5,024843
-0,061784	5,026147
-0,775524	5,027451
-0,409263	5,030386
-0,377958	5,031365
-0,021088	5,032343
-0,108740	5,033647
-0,312219	5,035278
-0,296567	5,037560
-0,127523	5,039191
-0,612741	5,040169
-0,089958	5,040169
-0,227697	5,041799
-0,465611	5,044082
-0,327871	5,045386
-0,115001	5,047017
-0,456219	5,047995
-0,446828	5,047995
-0,428045	5,050930
-0,453089	5,052234
-0,409263	5,054843
-0,277784	5,056799
-0,277784	5,057452
-0,750481	5,058756
-0,528219	5,059408
-0,221436	5,060712
0,041521	5,062669
-0,171349	5,065604
-0,136914	5,066582
-0,935177	5,067886
-0,669089	5,067886
-0,356045	5,068865
-0,431176	5,071147
-0,111871	5,074408
0,032130	5,075712
-0,384219	5,077343
-0,584567	5,077343
-0,518828	5,078647
0,047782	5,079952
-0,565785	5,080930
-0,396741	5,083212
-0,284045	5,085169
-0,271523	5,086473
-0,280915	5,088756
-0,462480	5,089082
-0,409263	5,089408
-0,581437	5,092343
-0,525089	5,092669
-0,512567	5,094626
-0,399871	5,095604
-0,687872	5,097560
-0,387350	5,099191
-0,540741	5,102126
-0,252741	5,102778
-0,268393	5,104734
-0,352915	5,106691
-0,512567	5,108647
-0,158827	5,108973
-0,171349	5,110604
-0,431176	5,111256
-0,274654	5,113212
-0,434306	5,114191
-0,431176	5,116473
-0,537611	5,117126
-0,453089	5,118104
-0,365436	5,120386
-0,299697	5,122017
-0,343523	5,123973
-0,371697	5,124626
-0,468741	5,125930
-0,525089	5,128865
-0,108740	5,130169
-0,061784	5,131147
-0,556393	5,133104
-0,644046	5,133430
-0,662828	5,134734
-0,496915	5,136365
-0,600220	5,137669
-0,734828	5,139952
-0,428045	5,140278
-0,352915	5,141908
-0,428045	5,142560
-0,791176	5,143865
-0,146306	5,144517
-0,456219	5,146473
-0,453089	5,147778
-0,553263	5,150386
-0,165088	5,151691
-0,168219	5,154300
-0,158827	5,155930
-0,766133	5,157560
-0,115001	5,158213
-0,528219	5,159191
-0,669089	5,160495
-0,262132	5,161800
-0,190132	5,162126
-0,672220	5,164082
-0,625263	5,165713
-0,737959	5,167669
-0,584567	5,169626
-0,168219	5,171582
-0,525089	5,172234
-0,337262	5,173213
-0,362306	5,174517
-0,302828	5,176147
-0,506306	5,178756
-0,265262	5,180060
-0,700394	5,181365
-0,559524	5,182017
-0,468741	5,183321
-0,453089	5,185604
-0,340393	5,187234
-0,356045	5,188539
-0,428045	5,189191
-0,259001	5,190821
-0,640915	5,193430
-0,609611	5,194408
-0,741089	5,196039
-0,293436	5,195713
-0,543872	5,198321
-0,327871	5,200930
-0,556393	5,202234
-0,409263	5,202234
-0,418654	5,203539
-0,237088	5,206474
-0,650307	5,207778
-0,374828	5,208756
-0,431176	5,209408
-0,274654	5,212017
-0,509437	5,213974
-0,233958	5,213974
-0,521958	5,214626
-0,684741	5,217561
-0,271523	5,219843
-0,678481	5,220169
-0,540741	5,221474
-0,653437	5,223430
-0,290306	5,225387
-0,240219	5,226365
-0,590828	5,227017
-0,938307	5,229952
-0,496915	5,232234
-0,105610	5,232234
-0,744220	5,232561
-0,465611	5,236474
-0,659698	5,236148
-0,944568	5,236800
-0,587698	5,239408
-0,478132	5,241365
-0,490654	5,241365
-0,140045	5,244626
-0,390480	5,246256
-0,440567	5,245930
-0,503176	5,248539
-0,431176	5,250495
-0,431176	5,250495
-0,625263	5,253430
-0,559524	5,254082
-0,377958	5,255387
0,163608	5,257669
-0,841263	5,257995
-0,340393	5,259300
-0,124393	5,262235
-0,393610	5,262235
0,010216	5,264517
-0,130653	5,266800
-0,190132	5,266800
-0,296567	5,269082
-0,215175	5,271365
-0,155697	5,272017
-0,146306	5,272995
0,188652	5,273974
-0,086827	5,276256
-0,456219	5,277887
-0,221436	5,277561
0,044651	5,281148
-0,130653	5,281148
-0,099349	5,283430
0,000825	5,285061
0,100999	5,286039
-0,334132	5,288648
-0,074305	5,288974
-0,233958	5,290930
-0,121262	5,291256
-0,127523	5,295169
0,110391	5,294843
-0,068045	5,296148
-0,259001	5,298756
0,010216	5,298756
-0,227697	5,301691
-0,334132	5,301691
-0,118132	5,304300
0,066564	5,304300
0,003956	5,307887
-0,171349	5,307235
-0,024218	5,310169
0,232478	5,310495
0,047782	5,313430
0,038390	5,313756
-0,296567	5,315713
-0,052392	5,316365
0,116651	5,319300
-0,089958	5,319300
0,298217	5,323213
0,003956	5,322561
-0,390480	5,324843
0,050912	5,324843
-0,093088	5,328104
-0,058653	5,328104
-0,180740	5,331039
-0,089958	5,331365
0,166738	5,333974
0,066564	5,333974
-0,052392	5,335930
-0,043001	5,337235
0,003956	5,338865
0,060303	5,340496
-0,030479	5,341800
0,198043	5,345061
0,254391	5,344409
0,191782	5,346691
-0,130653	5,347017
0,276304	5,349626
-0,315349	5,351256
0,370217	5,351909
0,223086	5,354843
0,244999	5,354843
-0,061784	5,357452
0,069695	5,357452
-0,171349	5,360061
-0,274654	5,361365
-0,149436	5,361365
0,395261	5,364626
-0,068045	5,365930
0,044651	5,366256
-0,190132	5,369517
0,191782	5,369517
-0,158827	5,370822
-0,111871	5,373104
0,044651	5,373104
-0,362306	5,375713
0,238739	5,377017
0,179260	5,378322
0,223086	5,381583
0,367087	5,380278
0,251260	5,381909
0,276304	5,385170
0,122912	5,384843
0,295087	5,387126
-0,127523	5,389409
-0,027349	5,389083
0,094738	5,391691
0,113521	5,393322
0,204304	5,393322
0,254391	5,396909
-0,165088	5,397561
0,126043	5,398539
0,414043	5,401474
0,100999	5,402452
0,185521	5,403104
0,285695	5,406039
-0,043001	5,405713
0,088477	5,407996
-0,099349	5,410278
0,085347	5,409626
-0,105610	5,412235
0,100999	5,414844
0,119782	5,415170
0,229347	5,415496
0,113521	5,418757
0,104130	5,420387
-0,155697	5,420061
0,301347	5,421365
-0,061784	5,424952
-0,127523	5,425604
-0,121262	5,425278
0,266913	5,427887
-0,008566	5,431148
0,010216	5,431474
-0,262132	5,431800
-0,161958	5,434409
0,075956	5,436365
-0,074305	5,435713
-0,471871	5,438648
0,100999	5,440604
-0,424915	5,439626
0,035260	5,442235
-0,130653	5,444517
0,063434	5,445496
0,135434	5,446148
0,100999	5,448757
-0,180740	5,450713
0,060303	5,451365
-0,146306	5,452670
-0,118132	5,453322
-0,387350	5,456257
-0,337262	5,457887
-0,481263	5,458539
0,035260	5,459518
-0,077436	5,462126
-0,371697	5,464083
-0,146306	5,465061
-0,096219	5,465387
-0,208914	5,467018
-0,233958	5,468974
0,248130	5,470931
-0,337262	5,472235
-0,089958	5,473539
-0,039871	5,473865
-0,165088	5,475496
-0,252741	5,477452
0,050912	5,479409
-0,399871	5,479735
0,035260	5,480387
-0,509437	5,482670
-0,324741	5,485278
-0,290306	5,486909
-0,199523	5,489191
-0,121262	5,488539
-0,484393	5,488865
-0,390480	5,491474
0,022738	5,493431
-0,165088	5,496039
-0,331002	5,497996
-0,359176	5,498322
-0,434306	5,498974
0,097869	5,499952
-0,481263	5,501909
-0,118132	5,504192
-0,296567	5,505170
-0,152566	5,508757
-0,377958	5,508757
-0,052392	5,510713
-0,315349	5,511365
-0,387350	5,512344
-0,396741	5,513974
-0,741089	5,515278
-0,393610	5,516583
-0,384219	5,518539
-0,468741	5,520170
-0,136914	5,522452
-0,052392	5,523431
-0,337262	5,526039
-0,202654	5,527670
-0,177610	5,527996
-0,271523	5,530279
-0,074305	5,531257
-0,640915	5,532235
-0,077436	5,533865
-0,512567	5,535170
-0,161958	5,536148
-0,168219	5,536800
-0,337262	5,538757
-0,315349	5,540713
-0,121262	5,542670
-0,572046	5,543322
-0,437437	5,544626
-0,365436	5,545605
-0,205784	5,548213
-0,356045	5,549192
-0,046131	5,550496
-0,346654	5,553105
-0,093088	5,554735
-0,675350	5,555713
-0,403002	5,557670
-0,243349	5,558974
-0,443697	5,560931
-0,121262	5,561909
-0,302828	5,563539
-0,337262	5,564518
-0,672220	5,565822
-0,287175	5,566474
-0,118132	5,567452
-0,396741	5,569409
-0,512567	5,569735
-0,521958	5,571692
-0,290306	5,573974
-0,243349	5,573974
-0,687872	5,577235
-0,202654	5,579518
-0,806829	5,581474
-0,152566	5,582779
-0,086827	5,583757
-0,215175	5,585387
-0,844394	5,585387
-0,074305	5,587344
-0,515698	5,587670
-0,346654	5,590279
-0,484393	5,591909
-0,412393	5,593540
-0,515698	5,595496
-0,196393	5,596148
-0,246480	5,596800
-0,412393	5,598431
-0,475002	5,600061
-0,340393	5,602018
-0,115001	5,604300
0,054043	5,604626
-0,340393	5,606257
-0,684741	5,607561
-0,753611	5,609518
-0,644046	5,611800
-0,534480	5,612779
-0,077436	5,613757
-0,331002	5,614083
-0,193262	5,616040
-0,387350	5,619627
-0,625263	5,619300
-0,459350	5,620931
-0,468741	5,621257
-0,853785	5,624192
-0,177610	5,625822
-0,712915	5,627127
-0,268393	5,627127
-0,340393	5,630061
-0,415524	5,632344
-0,581437	5,632344
-0,459350	5,633322
-0,324741	5,636583
-0,290306	5,637887
-0,803698	5,637887
-0,136914	5,638540
-0,597089	5,641800
-0,600220	5,643105
-0,271523	5,643105
-0,356045	5,645387
-0,302828	5,648648
-0,187001	5,649627
-0,640915	5,648322
-0,581437	5,651257
-0,440567	5,653540
0,010216	5,655170
-0,296567	5,654844
-0,262132	5,657453
-0,562654	5,660387
-0,334132	5,659409
-0,334132	5,661692
-0,346654	5,664627
-0,625263	5,664627
-0,412393	5,665931
-0,609611	5,668866
-0,227697	5,668540
-0,443697	5,669518
-0,453089	5,672127
-0,424915	5,673431
-0,387350	5,674083
-0,540741	5,677670
-0,459350	5,678322
-0,424915	5,678974
-0,377958	5,680931
-0,706655	5,682561
-0,434306	5,683540
-0,456219	5,686148
-0,262132	5,686801
-0,190132	5,687453
-0,763002	5,690388
-0,575176	5,690061
-0,637785	5,692018
-0,590828	5,694301
-0,440567	5,694953
-0,240219	5,697235
-0,612741	5,697888
-0,293436	5,699192
-0,008566	5,701801
-0,055523	5,700822
-0,096219	5,703105
-0,794307	5,706366
-0,349784	5,706040
-0,622133	5,709627
-0,327871	5,709627
-0,687872	5,711583
-0,196393	5,712888
-0,068045	5,713214
-0,218306	5,716801
-0,496915	5,717127
-0,684741	5,720061
-0,496915	5,719735
-0,424915	5,721366
-0,540741	5,723648
-0,850655	5,724301
-0,346654	5,726583
-0,384219	5,727235
-0,553263	5,729518
-0,406132	5,729844
-0,471871	5,733105
-0,346654	5,732453
-0,384219	5,735714
-0,484393	5,735062
-0,737959	5,739301
-0,628393	5,738648
-0,309089	5,741909
0,047782	5,741909
-0,381089	5,744518
-0,290306	5,744192
-0,105610	5,746801
0,104130	5,747127
-0,446828	5,750388
-0,302828	5,749735
-0,174480	5,752996
-0,424915	5,753322
-0,252741	5,755931
-0,024218	5,755931
-0,111871	5,758540
-0,428045	5,758866
-0,158827	5,761801
-0,212045	5,763431
-0,424915	5,764083
-0,565785	5,765714
-0,290306	5,748757
-0,305958	5,769627
-0,356045	5,768975
-0,327871	5,772236
0,003956	5,772236
-0,190132	5,775170
0,066564	5,776475
-0,227697	5,776149
0,351434	5,780388
0,191782	5,780062
-0,102479	5,781692
-0,437437	5,783649
-0,262132	5,783649
0,066564	5,786257
-0,115001	5,786909
-0,171349	5,788866
-0,143175	5,790822
0,166738	5,791149
0,097869	5,794736
-0,199523	5,795062
0,179260	5,795714
-0,099349	5,798323
-0,024218	5,798323
0,270043	5,800931
0,385869	5,803540
-0,233958	5,802562
-0,124393	5,805496
-0,174480	5,807127
-0,055523	5,807127
-0,002305	5,809409
0,216826	5,811692
-0,017958	5,811366
-0,140045	5,814301
-0,140045	5,816583
0,057173	5,815605
-0,168219	5,817888
0,054043	5,821475
0,210565	5,820823
0,279434	5,821801
0,176130	5,825062
0,154217	5,826366
-0,233958	5,826366
0,063434	5,827344
-0,146306	5,830605
-0,011697	5,831583
-0,296567	5,832562
0,144825	5,833866
-0,515698	5,836801
-0,043001	5,837453
-0,252741	5,838757
0,151086	5,839410
-0,086827	5,840388
-0,140045	5,843975
-0,108740	5,844627
0,442217	5,845931
-0,165088	5,845931
-0,349784	5,848540
0,041521	5,850497
0,244999	5,853105
0,028999	5,853757
-0,033610	5,854083
0,188652	5,855062
-0,052392	5,856692
0,226217	5,858649
-0,096219	5,861583
0,110391	5,862236
0,210565	5,863540
-0,296567	5,864192
0,003956	5,865497
0,003956	5,866475
0,100999	5,869410
0,226217	5,871366
0,135434	5,873323
-0,089958	5,874627
0,185521	5,874627
-0,058653	5,876257
0,176130	5,877562
0,216826	5,879192
0,166738	5,880823
-0,130653	5,883105
0,163608	5,885062
-0,008566	5,887018
0,160478	5,887671
-0,096219	5,888975
0,219956	5,890279
0,013347	5,892236
-0,089958	5,892562
0,320130	5,894518
0,257521	5,895823
0,204304	5,895823
0,342043	5,898431
0,251260	5,898757
0,047782	5,900714
-0,074305	5,901692
-0,187001	5,903649
0,013347	5,905279
-0,058653	5,906257
0,185521	5,907888
0,010216	5,909518
-0,093088	5,911149
-0,093088	5,912453
-0,002305	5,914410
0,467261	5,916040
0,307608	5,916366
-0,187001	5,918323
0,028999	5,919627
-0,196393	5,920931
-0,005436	5,922888
0,126043	5,923866
0,182391	5,925171
0,100999	5,926801
-0,309089	5,928105
-0,121262	5,929410
-0,105610	5,931366
-0,274654	5,932345
0,232478	5,933975
0,254391	5,936584
-0,312219	5,937562
-0,165088	5,939192
-0,202654	5,939518
-0,146306	5,941149
-0,083697	5,942453
-0,346654	5,944736
-0,024218	5,947345
-0,305958	5,948323
0,113521	5,949953
0,229347	5,951584
-0,008566	5,951910
-0,168219	5,953214
-0,421784	5,954845
0,219956	5,955497
-0,327871	5,957127
-0,115001	5,959410
-0,152566	5,960714
-0,340393	5,963323
0,060303	5,964627
-0,255871	5,965605
-0,208914	5,966910
-0,064914	5,967562
0,188652	5,969192
-0,734828	5,970497
-0,130653	5,973432
-0,440567	5,975714
-0,199523	5,974736
-0,265262	5,977019
-0,691002	5,977671
-0,105610	5,978649
-0,255871	5,981910
0,066564	5,983866
0,047782	5,984845
-0,290306	5,984845
-0,174480	5,986801
-0,265262	5,989410
-0,293436	5,990714
-0,543872	5,991366
-0,324741	5,991692
-0,418654	5,994627
-0,741089	5,997236
-0,277784	5,997562
-0,493785	5,998214
-0,421784	6,000497
-0,233958	6,002779
-0,412393	6,003758
-0,515698	6,004084
-0,525089	6,006366
-0,255871	6,008975
-0,766133	6,008649
-0,521958	6,009953
-0,528219	6,013540
-0,321610	6,013866
-0,196393	6,014845
-0,149436	6,017779
0,069695	6,018106
-0,428045	6,019410
-0,600220	6,022671
-0,043001	6,023323
-0,374828	6,022671
-0,478132	6,025932
-0,061784	6,027888
-0,331002	6,027236
-0,496915	6,030497
-0,161958	6,032127
-0,465611	6,032127
-0,465611	6,034736
-0,559524	6,035062
-0,340393	6,036693
-0,412393	6,039953
-0,753611	6,039301
-0,500045	6,041584
-0,562654	6,044519
-0,321610	6,044845
-0,640915	6,046801
-0,230828	6,048758
-0,312219	6,047127
-0,149436	6,050388
-0,205784	6,052671
-0,356045	6,052671
-0,249610	6,055280
-0,230828	6,055280
-0,622133	6,057888
-0,390480	6,059193
-0,180740	6,059845
-0,343523	6,062780
-0,581437	6,063106
-0,434306	6,064736
-0,377958	6,065714
-0,547002	6,067345
-0,083697	6,069953
-0,409263	6,070280
-0,233958	6,073867
-0,415524	6,072888
-0,190132	6,075823
-0,284045	6,076149
-0,240219	6,080062
-0,271523	6,078106
-0,449958	6,081693
-0,277784	6,082671
-0,528219	6,085280
-0,127523	6,085606
-0,205784	6,086910
0,007086	6,088214
-0,640915	6,090497
-0,515698	6,090497
-0,462480	6,093432
-0,381089	6,093432
-0,299697	6,096040
-0,418654	6,097671
0,028999	6,099627
-0,296567	6,099627
-0,396741	6,101910
0,075956	6,102236
-0,371697	6,105171
-0,556393	6,105171
-0,215175	6,108432
-0,243349	6,108758
-0,525089	6,111367
-0,174480	6,111367
-0,475002	6,113649
-0,418654	6,114301
-0,478132	6,116584
-0,434306	6,117236
-0,797437	6,118867
-0,537611	6,121801
-0,490654	6,120823
-0,309089	6,124736
-0,230828	6,123758
-0,346654	6,127019
-0,346654	6,127019
-0,490654	6,129627
-0,108740	6,130932
-0,741089	6,131584
-0,384219	6,133541
-0,055523	6,134519
-0,453089	6,136801
-0,500045	6,138106
-0,215175	6,138758
-0,368567	6,141041
-0,637785	6,142671
-0,459350	6,142671
-0,337262	6,146258
-0,440567	6,146584
-0,412393	6,147888
-0,374828	6,150497
-0,362306	6,151149
-0,403002	6,152128
-0,334132	6,155388
-0,277784	6,154736
-0,665959	6,157345
-0,136914	6,159628
-0,277784	6,159301
-0,722307	6,161258
-0,806829	6,162888
-0,462480	6,164845
-0,484393	6,164845
-0,590828	6,167780
-0,168219	6,169736
-0,709785	6,169410
-0,659698	6,171041
-0,315349	6,173649
-0,922655	6,174301
-0,606480	6,174954
-0,421784	6,176910
-0,280915	6,180171
-0,615872	6,179845
-0,684741	6,180823
-0,759872	6,183758
-0,484393	6,185062
-0,475002	6,186041
-0,540741	6,186367
-0,556393	6,189628
-0,606480	6,190606
-0,766133	6,191584
-0,665959	6,191910
-0,681611	6,194845
-0,756742	6,197454
-0,449958	6,197780
-0,509437	6,198432
-0,512567	6,200388
-0,161958	6,203323
-0,252741	6,204302
-0,825611	6,205280
-0,493785	6,205932
-0,603350	6,208215
-0,415524	6,210497
-0,734828	6,211802
-0,687872	6,212454
-0,550132	6,212780
-0,233958	6,215062
-0,337262	6,217997
-0,550132	6,218975
-0,531350	6,220932
-0,565785	6,221258
0,191782	6,222236
-0,074305	6,222889
0,060303	6,226149
-0,377958	6,228758
-0,287175	6,230062
-0,437437	6,230715
-0,265262	6,231367
-0,662828	6,232345
-0,064914	6,233976
-0,331002	6,236584
-0,099349	6,237236
-0,043001	6,239845
0,091608	6,241476
0,172999	6,241802
0,254391	6,242128
-0,077436	6,244084
-0,190132	6,245715
-0,284045	6,247345
-0,321610	6,249302
-0,259001	6,251258
0,013347	6,253215
-0,014827	6,254519
-0,068045	6,255823
-0,531350	6,257454
-0,052392	6,258106
-0,093088	6,259084
-0,014827	6,260389
0,085347	6,262345
-0,387350	6,263323
-0,572046	6,264302
-0,202654	6,265932
0,288826	6,266584
-0,262132	6,268867
-0,074305	6,269519
-0,296567	6,271802
0,094738	6,273106
0,000825	6,274736
-0,321610	6,275715
-0,196393	6,277671
-0,271523	6,278976
0,151086	6,280932
0,138565	6,281584
-0,334132	6,283541
-0,102479	6,284519
0,088477	6,286476
-0,233958	6,287454
-0,146306	6,289084
-0,302828	6,290715
-0,024218	6,292019
-0,227697	6,293976
-0,111871	6,295606
0,270043	6,297563
0,166738	6,299193
-0,218306	6,300823
0,075956	6,302128
-0,058653	6,303758
-0,083697	6,305063
0,113521	6,307019
-0,136914	6,307997
0,288826	6,308976
-0,274654	6,310280
0,185521	6,311258
-0,074305	6,312889
0,235608	6,313867
0,016477	6,316150
0,219956	6,317780
-0,227697	6,320063
0,104130	6,321041
-0,077436	6,322671
0,382739	6,324628
0,176130	6,325280
0,160478	6,326258
-0,161958	6,327237
-0,237088	6,329193
0,028999	6,331150
-0,052392	6,333106
-0,168219	6,334410
-0,146306	6,335715
-0,027349	6,337345
0,185521	6,338976
0,022738	6,339628
0,248130	6,340932
0,057173	6,341911
0,188652	6,344193
0,313869	6,346802
0,263782	6,347128
-0,074305	6,347780
-0,212045	6,348758
-0,089958	6,351367
-0,014827	6,353976
0,104130	6,354954
0,063434	6,355606
0,298217	6,356584
0,075956	6,359519
0,219956	6,361802
0,226217	6,361476
0,013347	6,361802
-0,105610	6,363432
0,605000	6,366693
0,141695	6,367998
0,232478	6,368650
0,373348	6,370280
0,110391	6,372563
0,329521	6,374193
0,398391	6,375171
-0,049262	6,375824
0,116651	6,377454
0,079086	6,379411
-0,005436	6,381693
-0,140045	6,381041
0,176130	6,382671
0,551783	6,385280
0,060303	6,386911
-0,036740	6,387563
0,554913	6,388867
0,223086	6,391802
0,032130	6,393106
0,166738	6,394085
-0,196393	6,394085
-0,064914	6,398324
-0,102479	6,398324
0,176130	6,399628
-0,274654	6,400932
-0,240219	6,403867
0,141695	6,404519
-0,158827	6,404519
0,414043	6,406476
-0,036740	6,409411
-0,509437	6,409411
-0,115001	6,410063
-0,089958	6,413324
-0,064914	6,413976
0,019608	6,414628
-0,136914	6,417237
-0,143175	6,418541
0,019608	6,418541
-0,111871	6,421150
-0,093088	6,423758
-0,043001	6,423432
-0,215175	6,426041
0,213695	6,427672
0,079086	6,427345
-0,036740	6,430280
-0,105610	6,432237
-0,550132	6,432563
-0,390480	6,434845
-0,381089	6,434845
-0,509437	6,436802
0,050912	6,438432
0,176130	6,439411
-0,453089	6,442345
-0,177610	6,442672
-0,174480	6,444302
-0,349784	6,446259
-0,262132	6,446911
-0,274654	6,449193
-0,017958	6,449193
-0,190132	6,453106
-0,168219	6,452128
-0,233958	6,455715
-0,008566	6,456041
-0,093088	6,457346
-0,506306	6,459954
-0,644046	6,460932
-0,478132	6,462889
-0,449958	6,462563
-0,077436	6,466150
-0,190132	6,464846
-0,027349	6,469085
-0,305958	6,468759
-0,177610	6,470715
-0,572046	6,471693
-0,797437	6,474954
-0,756742	6,474302
-0,568915	6,478215
-0,274654	6,476911
-0,628393	6,480824
-0,412393	6,480498
-0,237088	6,483433
-0,280915	6,482780
-0,030479	6,486367
-0,384219	6,486041
-0,606480	6,489954
-0,672220	6,488976
-0,612741	6,492563
-0,518828	6,491585
-0,465611	6,495498
-0,177610	6,495172
-0,506306	6,498106
-0,437437	6,498433
-0,199523	6,501041
-0,440567	6,501693
-0,340393	6,502998
-0,334132	6,505280
-0,387350	6,505606
-0,593959	6,508215
-0,280915	6,508867
-0,334132	6,511476
-0,640915	6,511476
-0,274654	6,513106
-0,734828	6,515389
-0,290306	6,515715
-0,462480	6,518324
-0,083697	6,518976
-0,252741	6,520607
-0,290306	6,522237
-0,136914	6,522889
-0,199523	6,526150
-0,428045	6,526802
-0,083697	6,528759
-0,368567	6,530389
-0,080566	6,529737
-0,496915	6,532346
-0,465611	6,533976
-0,440567	6,534628
-0,619002	6,537889
-0,415524	6,537237
-0,346654	6,539520
-0,089958	6,542454
-0,149436	6,541150
-0,381089	6,544411
-0,403002	6,546694
-0,675350	6,546041
-0,568915	6,549628
-0,296567	6,550280
-0,512567	6,550607
-0,356045	6,553867
-0,547002	6,553867
-0,665959	6,555498
-0,506306	6,557780
-0,712915	6,559085
-0,052392	6,559085
-0,218306	6,562346
-0,158827	6,564302
-0,537611	6,563976
-0,080566	6,565933
-0,221436	6,568867
-0,390480	6,568541
0,191782	6,569194
-0,556393	6,572781
-0,528219	6,574411
-0,456219	6,574085
-0,741089	6,576694
-0,487524	6,578976
-0,086827	6,578976
-0,628393	6,579302
-0,318480	6,582237
-0,446828	6,585172
-0,327871	6,585172
-0,678481	6,585498
-0,590828	6,588759
-0,381089	6,590715
-0,246480	6,591041
-0,180740	6,591368
-0,615872	6,592998
-0,515698	6,595607
-0,446828	6,597563
-0,446828	6,597563
-0,816220	6,599194
-0,800568	6,600498
-0,449958	6,603433
-0,349784	6,605063
-0,293436	6,605389
-0,437437	6,606041
-0,365436	6,607346
-0,487524	6,609302
-0,265262	6,612237
-0,581437	6,613215
-0,656567	6,614846
-0,221436	6,616150
-0,478132	6,616476
-0,506306	6,617455
-0,609611	6,618759
-0,932046	6,622346
-0,396741	6,623324
-0,428045	6,625607
-0,140045	6,625607
-0,453089	6,627237
-0,146306	6,628541
-0,656567	6,629194
-0,506306	6,631476
-0,468741	6,634411
-0,262132	6,635389
-0,002305	6,636694
-0,446828	6,638324
-0,340393	6,638650
-0,014827	6,639302
-0,381089	6,641259
-0,443697	6,643542
-0,227697	6,643868
-0,534480	6,646476
-0,403002	6,647781
-0,187001	6,649411
-0,418654	6,651694
-0,180740	6,652672
-0,603350	6,655607
-0,619002	6,655607
-0,061784	6,657563
-0,193262	6,658215
-0,421784	6,659846
-0,221436	6,661150
-0,565785	6,662129
-0,540741	6,664411
-0,468741	6,665389
-0,240219	6,666042
-0,691002	6,667672
-0,390480	6,670281
-0,014827	6,669955
-0,540741	6,672237
-0,161958	6,673542
-0,622133	6,674194
-0,039871	6,676476
-0,409263	6,678107
-0,428045	6,679411
-0,309089	6,680716
-0,415524	6,682998
-0,406132	6,684629
-0,218306	6,686585
-0,572046	6,687889
-0,212045	6,689194
-0,631524	6,690824
-0,437437	6,691802
-0,384219	6,692455
-0,625263	6,694085
-0,763002	6,695716
-0,415524	6,696694
-0,399871	6,698324
-0,537611	6,699302
-0,719176	6,700281
-0,575176	6,702563
-0,390480	6,704194
-0,678481	6,706150
-0,324741	6,708107
-0,449958	6,709737
-0,381089	6,711694
-0,299697	6,712346
-0,619002	6,712020
-0,227697	6,714955
-0,947698	6,716585
-0,324741	6,717889
-0,312219	6,720824
-0,534480	6,722781
-0,737959	6,722781
-0,922655	6,723107
-0,772394	6,724411
-0,196393	6,727672
-0,615872	6,728976
-0,590828	6,729955
-0,578306	6,731585
-0,518828	6,731259
-0,321610	6,732890
0,135434	6,735824
-0,146306	6,738107
-0,418654	6,737781
-0,453089	6,739085
-0,396741	6,740390
-0,600220	6,742672
-0,471871	6,745281
-0,888220	6,745281
-0,484393	6,746585
-0,490654	6,746911
-0,315349	6,749846
-0,024218	6,752455
-0,089958	6,753759
-0,340393	6,754737
-0,287175	6,755716
0,000825	6,757346
-0,453089	6,759629
-0,475002	6,760933
-0,634654	6,761585
-0,503176	6,762563
-0,615872	6,764194
-0,334132	6,766803
-0,127523	6,768759
-0,471871	6,768759
-0,440567	6,769411
-0,227697	6,772020
-0,515698	6,773977
-0,136914	6,774955
-0,712915	6,775281
-0,043001	6,777564
-0,371697	6,779194
-0,002305	6,780172
-0,525089	6,782129
-0,406132	6,783107
0,003956	6,786042
-0,290306	6,785716
-0,130653	6,787672
-0,202654	6,789629
-0,265262	6,790933
-0,083697	6,791259
0,172999	6,794846
-0,315349	6,795498
-0,202654	6,796151
-0,180740	6,797781
0,207434	6,800716
0,028999	6,801042
-0,002305	6,801694
-0,468741	6,805281
-0,493785	6,806259
-0,471871	6,806259
0,000825	6,809194
0,147956	6,809846
0,107260	6,811477
-0,130653	6,813107
-0,431176	6,814737
0,113521	6,815064
0,022738	6,818651
0,270043	6,818324
-0,036740	6,820281
0,288826	6,822890
0,329521	6,822890
0,044651	6,824846
-0,077436	6,827455
-0,071175	6,826477
0,028999	6,829411
0,179260	6,829738
-0,183871	6,831042
0,079086	6,834629
-0,540741	6,833977
-0,340393	6,837238
-0,093088	6,837890
0,163608	6,839520
0,041521	6,841151
-0,199523	6,841151
-0,033610	6,844411
0,144825	6,843759
0,088477	6,847020
0,154217	6,847346
0,329521	6,849629
0,338913	6,849955
0,295087	6,852238
-0,058653	6,854520
0,407782	6,855172
0,057173	6,858107
0,079086	6,857455
0,010216	6,860390
0,201173	6,860716
0,063434	6,862998
-0,111871	6,863651
0,163608	6,865281
0,054043	6,867238
-0,136914	6,869520
0,219956	6,870498
0,129173	6,871477
0,517348	6,872455
0,244999	6,874085
-0,061784	6,875716
0,079086	6,877672
-0,171349	6,877672
-0,024218	6,880933
-0,083697	6,881259
-0,371697	6,884194
0,028999	6,883542
0,329521	6,886803
0,085347	6,886477
-0,080566	6,889738
-0,133784	6,889085
0,166738	6,892672
0,129173	6,892020
-0,237088	6,895933
0,285695	6,895607
0,285695	6,898216
0,113521	6,898216
-0,265262	6,901477
-0,409263	6,901803
0,082217	6,903433
0,282565	6,905716
-0,334132	6,906368
0,279434	6,909303
-0,043001	6,908325
0,022738	6,911912
0,698913	6,911259
0,072825	6,913868
-0,002305	6,914846
0,147956	6,916803
-0,190132	6,918107
0,035260	6,919412
0,201173	6,922346
0,000825	6,921368
0,295087	6,924303
-0,115001	6,925607
-0,146306	6,926259
-0,115001	6,928868
-0,161958	6,929194
-0,215175	6,930499
0,091608	6,933759
-0,190132	6,933107
0,000825	6,936694
-0,036740	6,937346
-0,340393	6,937020
0,047782	6,940281
0,000825	6,941259
0,110391	6,942238
-0,196393	6,944520
-0,243349	6,945173
-0,252741	6,946803
0,304478	6,949412
-0,086827	6,949412
-0,284045	6,952673
-0,246480	6,952673
-0,140045	6,953325
0,229347	6,956586
-0,215175	6,957890
0,019608	6,957564
-0,099349	6,960499
-0,305958	6,962455
-0,434306	6,962455
-0,024218	6,965064
0,041521	6,966694
0,047782	6,966368
-0,421784	6,968651
-0,096219	6,971260
-0,312219	6,972238
-0,233958	6,972564
-0,706655	6,974847
-0,415524	6,976803
-0,274654	6,977455
-0,403002	6,978107
-0,434306	6,980716
-0,371697	6,982347
0,147956	6,983977
-0,143175	6,984303
0,119782	6,985607
0,028999	6,988216
-0,415524	6,989847
-0,453089	6,990825
-0,249610	6,990825
-0,362306	6,993760
-0,124393	6,996042
-0,077436	6,997673
0,063434	6,998325
-0,121262	6,998977
0,147956	7,000934
-0,590828	7,003542
-0,115001	7,005499
-0,111871	7,006477
-0,111871	7,007129
-0,415524	7,006803
-0,424915	7,009738
-0,625263	7,012673
0,088477	7,012999
-0,302828	7,013977
-0,105610	7,015281
-0,296567	7,015934
-0,706655	7,018542
-0,187001	7,020499
-0,813089	7,022129
-0,349784	7,023107
-0,528219	7,024738
-0,227697	7,025716
-0,531350	7,027347
-0,399871	7,028651
-0,158827	7,031260
-0,465611	7,032890
0,038390	7,033542
-0,387350	7,034847
-0,268393	7,035499
-0,221436	7,036803
-0,108740	7,038107
-0,290306	7,040716
-0,215175	7,041694
-0,587698	7,044303
-0,431176	7,046586
-0,678481	7,046912
-0,440567	7,048542
-0,259001	7,048868
-0,365436	7,050825
-0,127523	7,052129
-0,656567	7,052455
-0,484393	7,054086
-0,503176	7,056368
-0,208914	7,057021
-0,772394	7,059303
-0,553263	7,061586
-0,252741	7,062890
-0,503176	7,064194
-0,230828	7,066151
-0,337262	7,067781
0,050912	7,069738
-0,644046	7,070064
-0,356045	7,072673
-0,547002	7,074303
-0,875698	7,075608
-0,506306	7,075608
-0,233958	7,078542
-0,418654	7,079195
-0,161958	7,080825
-0,252741	7,081803
-0,540741	7,083760
0,166738	7,085390
-0,509437	7,087021
-0,321610	7,088651
-0,784916	7,090282
-0,277784	7,091260
-0,424915	7,091912
-0,424915	7,093868
-0,099349	7,095173
-0,831872	7,095499
-0,312219	7,097129
-0,155697	7,098108
-0,290306	7,101042
-0,312219	7,101695
-0,593959	7,103651
-0,534480	7,105282
-0,321610	7,107890
-0,625263	7,108216
-0,362306	7,109195
-0,133784	7,110499
-0,459350	7,111151
-0,747350	7,113108
-0,506306	7,115716
-0,221436	7,117673
-0,287175	7,118325
-0,515698	7,118977
-0,484393	7,120282
-0,493785	7,122890
-0,309089	7,124521
-0,305958	7,126803
-0,136914	7,127455
-0,628393	7,127455
-0,518828	7,129738
-0,240219	7,132673
-0,609611	7,133977
-0,177610	7,135282
-0,102479	7,134303
-0,581437	7,136586
-0,127523	7,139195
-0,518828	7,140825
-0,747350	7,141803
-0,265262	7,142456
-0,540741	7,143760
-0,606480	7,147021
-0,609611	7,147347
-0,590828	7,148977
-0,797437	7,151260
-0,396741	7,152564
-0,368567	7,152564
-0,299697	7,154847
-0,331002	7,156803
-1,019699	7,157129
-0,706655	7,157456
-0,406132	7,161695
-0,174480	7,162999
-0,456219	7,162347
-0,459350	7,165608
-0,603350	7,166260
-0,302828	7,168216
-0,359176	7,169847
-0,490654	7,170825
-0,384219	7,171151
-0,331002	7,174086
-0,766133	7,174086
-0,359176	7,176043
-0,550132	7,177999
-0,547002	7,178651
-0,168219	7,181586
-0,315349	7,181586
-0,199523	7,184195
-0,722307	7,186151
-0,399871	7,186477
-0,177610	7,189412
-0,340393	7,189086
-0,362306	7,192021
-0,296567	7,192021
-0,650307	7,195608
-0,296567	7,195934
-0,259001	7,196586
-0,528219	7,199195
-0,428045	7,198869
-0,205784	7,201803
-0,496915	7,201803
-0,030479	7,205717
-0,581437	7,205064
-0,431176	7,207999
-0,556393	7,208651
-0,697263	7,210934
-0,969612	7,210934
-0,017958	7,214521
-0,080566	7,212890
-0,625263	7,217456
-0,888220	7,216477
0,085347	7,220064
-0,841263	7,219086
-0,484393	7,222673
-0,556393	7,222999
-0,575176	7,224956
-0,459350	7,226586
0,116651	7,227238
-0,371697	7,229521
-0,187001	7,229847
-0,587698	7,233108
-0,478132	7,232782
-0,368567	7,236043
-0,888220	7,236369
-0,446828	7,238325
-0,465611	7,239956
-0,227697	7,240282
-0,187001	7,242564
-0,572046	7,242890
-0,468741	7,246151
-0,634654	7,246151
-0,506306	7,247456
-0,183871	7,250064
-0,218306	7,250717
-0,362306	7,252021
-0,468741	7,254304
-0,628393	7,255282
-0,847524	7,257238
-0,212045	7,258543
-0,537611	7,259195
-0,553263	7,262130
-0,684741	7,263108
-0,537611	7,263434
-0,356045	7,266695
-0,274654	7,267021
0,010216	7,268325
-0,512567	7,270934
-0,277784	7,271260
-0,115001	7,272564
-0,249610	7,274847
-0,399871	7,275825
-0,456219	7,276804
-0,578306	7,278760
-0,609611	7,281695
-0,600220	7,281043
-0,875698	7,282999
-0,406132	7,285608
-0,446828	7,287891
-0,587698	7,286260
-0,922655	7,288543
0,010216	7,290499
-0,168219	7,292130
-0,719176	7,293108
-0,343523	7,294412
-0,249610	7,297347
-0,318480	7,298325
-0,540741	7,298325
-0,390480	7,299956
-0,349784	7,302891
-0,377958	7,304847
-0,672220	7,304847
-0,230828	7,305499
-0,562654	7,308108
-0,352915	7,310717
-0,525089	7,310717
-0,077436	7,311369
-0,327871	7,313325
-0,484393	7,315608
-0,719176	7,317565
-0,665959	7,317891
-0,302828	7,319195
-0,556393	7,320825
-0,678481	7,323108
-0,196393	7,325065
-0,684741	7,325391
-0,252741	7,327021
-0,675350	7,327999
-0,428045	7,329956
-0,509437	7,332238
-0,259001	7,333543
-0,259001	7,333543
-0,747350	7,335499
-0,230828	7,335825
-0,518828	7,339086
-0,315349	7,341043
-0,406132	7,341369
-0,259001	7,342999
-0,133784	7,343978
-0,321610	7,346260
-0,584567	7,345934
-0,597089	7,349847
-0,475002	7,350499
-0,259001	7,353108
-0,478132	7,354086
-0,052392	7,357021
-0,841263	7,356043
-0,409263	7,356695
-0,797437	7,358325
-0,321610	7,359630
-0,590828	7,361912
-0,888220	7,363543
-0,140045	7,363543
-0,165088	7,366478
-0,406132	7,368108
-0,553263	7,369086
-0,481263	7,371369
-0,712915	7,373326
-0,390480	7,374956
-0,747350	7,377239
-0,265262	7,377565
-0,290306	7,379195
-0,221436	7,380173
-0,183871	7,381804
-0,121262	7,383108
-0,055523	7,384413
-0,089958	7,385065
-0,349784	7,387347
-0,421784	7,388978
-0,161958	7,389304
-0,387350	7,390934
-0,356045	7,392891
-0,249610	7,394847
-0,681611	7,396152
-0,615872	7,397456
-0,274654	7,399413
-0,259001	7,400717
-0,634654	7,402999
-0,384219	7,403652
-0,115001	7,404304
-0,471871	7,405934
-0,434306	7,409521
-0,315349	7,410500
-0,456219	7,410500
-0,390480	7,413108
-0,174480	7,413760
-0,650307	7,414086
-0,362306	7,415717
-0,619002	7,416695
-0,537611	7,418000
-0,008566	7,419630
-0,540741	7,421260
-0,703524	7,422239
-0,756742	7,424195
-0,575176	7,426152
-0,487524	7,427782
-0,127523	7,429739
-0,628393	7,431695
-0,381089	7,433326
-0,537611	7,433652
-0,312219	7,434956
-0,881959	7,436587
-0,462480	7,437239
-0,371697	7,438869
-0,525089	7,440173
-0,406132	7,441804
-0,390480	7,442456
-0,612741	7,444413
-0,550132	7,448000
-0,534480	7,448978
-0,659698	7,450608
-0,813089	7,451260
-0,691002	7,452239
-0,806829	7,453217
-0,540741	7,454195
-0,813089	7,456152
-0,763002	7,458760
-0,559524	7,461043
-0,365436	7,461369
-0,409263	7,462021
-0,709785	7,463978
-0,534480	7,464956
-0,446828	7,466913
-0,788046	7,469195
-0,424915	7,470500
-0,475002	7,472130
-0,406132	7,472130
-0,728568	7,474087
-0,534480	7,475717
-0,014827	7,478326
-0,099349	7,479304
-0,409263	7,479630
-0,465611	7,481913
-0,465611	7,483543
-0,659698	7,485174
-0,362306	7,486804
-0,600220	7,487130
-0,982133	7,488761
-0,612741	7,491369
-0,243349	7,493978
-0,287175	7,494304
-0,631524	7,493978
-0,359176	7,496587
-0,634654	7,499195
-0,972742	7,499848
-0,243349	7,500826
-0,243349	7,502130
-0,659698	7,505391
-0,584567	7,505717
-0,309089	7,505065
-0,675350	7,508000
-0,068045	7,510282
-0,503176	7,510282
-0,180740	7,512565
-0,825611	7,514848
-0,581437	7,514848
-0,271523	7,516152
-0,208914	7,519413
-0,509437	7,520391
-0,966481	7,520717
-0,390480	7,523000
-0,124393	7,523978
-0,168219	7,525282
-0,340393	7,528217
-0,233958	7,528217
-0,293436	7,530500
-0,277784	7,532782
-0,521958	7,532456
-0,158827	7,534739
-0,371697	7,536695
